    20    2.4999999e-01    5.7374637e+00     11    2.9498553e+00
    40    4.9999997e-01    6.4790993e+00     12    2.9665428e+00
    60    7.4999994e-01    7.2359298e+00     14    3.0273225e+00
    80    9.9999994e-01    8.0039244e+00     16    3.0719787e+00
   100    1.2499999e+00    8.7807321e+00     17    3.1072307e+00
   120    1.4999999e+00    9.5659434e+00     19    3.1408456e+00
   140    1.7499999e+00    1.0354874e+01     20    3.1557213e+00
   160    1.9999999e+00    1.1151586e+01     22    3.1868515e+00
   180    2.2499998e+00    1.1949947e+01     23    3.1934435e+00
   200    2.4999998e+00    1.2754044e+01     25    3.2163882e+00
   220    2.7499998e+00    1.3561546e+01     27    3.2300052e+00
   240    2.9999998e+00    1.4370048e+01     28    3.2340106e+00
   260    3.2499998e+00    1.5183969e+01     30    3.2556820e+00
   280    3.4999998e+00    1.5998465e+01     31    3.2579849e+00
   300    3.7499998e+00    1.6815486e+01     33    3.2680839e+00
   320    3.9999998e+00    1.7636232e+01     35    3.2829851e+00
   340    4.2499995e+00    1.8456336e+01     36    3.2804166e+00
   360    4.4999995e+00    1.9279938e+01     38    3.2944083e+00
   380    4.7499995e+00    2.0105854e+01     40    3.3036633e+00
   400    4.9999995e+00    2.0930782e+01     41    3.2997125e+00
   420    5.2499995e+00    2.1759386e+01     43    3.3144172e+00
   440    5.4999995e+00    2.2589478e+01     45    3.3203689e+00
   460    5.7499995e+00    2.3418477e+01     46    3.3159961e+00
   480    5.9999995e+00    2.4251029e+01     48    3.3302060e+00
   500    6.2499995e+00    2.5084644e+01     50    3.3344625e+00
   520    6.4999995e+00    2.5917048e+01     51    3.3296167e+00
   540    6.7499995e+00    2.6752796e+01     53    3.3429899e+00
   560    6.9999995e+00    2.7589467e+01     55    3.3466861e+00
   580    7.2499995e+00    2.8424744e+01     56    3.3411054e+00
   600    7.4999995e+00    2.9263094e+01     58    3.3534018e+00
   620    7.7499995e+00    3.0102452e+01     60    3.3574327e+00
   640    7.9999995e+00    3.0940220e+01     61    3.3510735e+00
   660    8.2499990e+00    3.1780684e+01     63    3.3618564e+00
   680    8.4999990e+00    3.2622400e+01     65    3.3668623e+00
   700    8.7499990e+00    3.3462442e+01     66    3.3601684e+00
   720    8.9999990e+00    3.4304572e+01     68    3.3685212e+00
   740    9.2499990e+00    3.5148329e+01     70    3.3750259e+00
   760    9.4999990e+00    3.5990604e+01     71    3.3691033e+00
   780    9.7499990e+00    3.6833975e+01     73    3.3734834e+00
   800    9.9999990e+00    3.7679452e+01     75    3.3819090e+00
   820    1.0249999e+01    3.8523998e+01     77    3.3781837e+00
   840    1.0499999e+01    3.9368264e+01     78    3.3770632e+00
   860    1.0749999e+01    4.0215138e+01     80    3.3874969e+00
   880    1.0999999e+01    4.1061725e+01     82    3.3863473e+00
   900    1.1249999e+01    4.1906966e+01     83    3.3809631e+00
   920    1.1499999e+01    4.2754877e+01     85    3.3916442e+00
   940    1.1749999e+01    4.3603213e+01     87    3.3933468e+00
   960    1.1999999e+01    4.4449698e+01     88    3.3859399e+00
   980    1.2249999e+01    4.5298271e+01     90    3.3942927e+00
  1000    1.2499999e+01    4.6148030e+01     92    3.3990366e+00
  1020    1.2749999e+01    4.6996200e+01     93    3.3926774e+00
  1040    1.2999999e+01    4.7845024e+01     95    3.3952967e+00
  1060    1.3249999e+01    4.8695845e+01     97    3.4032857e+00
  1080    1.3499999e+01    4.9545932e+01     99    3.4003463e+00
  1100    1.3749999e+01    5.0394923e+01    100    3.3959661e+00
  1120    1.3999999e+01    5.1246421e+01    102    3.4059924e+00
  1140    1.4249999e+01    5.2098072e+01    104    3.4066036e+00
  1160    1.4499999e+01    5.2947835e+01    105    3.3990511e+00
  1180    1.4749999e+01    5.3799584e+01    107    3.4069965e+00
  1200    1.4999999e+01    5.4652410e+01    109    3.4113039e+00
  1220    1.5249999e+01    5.5503693e+01    111    3.4051338e+00
  1240    1.5499999e+01    5.6355231e+01    112    3.4061525e+00
  1260    1.5749999e+01    5.7208807e+01    114    3.4143015e+00
  1280    1.5999999e+01    5.8061822e+01    116    3.4120606e+00
  1300    1.6249998e+01    5.8913331e+01    117    3.4060361e+00
  1320    1.6499998e+01    5.9767193e+01    119    3.4154511e+00
  1340    1.6749998e+01    6.0621507e+01    121    3.4172556e+00
  1360    1.6999998e+01    6.1473911e+01    122    3.4096158e+00
  1380    1.7249998e+01    6.2327577e+01    124    3.4146653e+00
  1400    1.7499998e+01    6.3182713e+01    126    3.4205443e+00
  1420    1.7749998e+01    6.4036809e+01    128    3.4163825e+00
  1440    1.7999998e+01    6.4889973e+01    129    3.4126572e+00
  1460    1.8249998e+01    6.5745437e+01    131    3.4218540e+00
  1480    1.8499998e+01    6.6600944e+01    133    3.4220286e+00
  1500    1.8749998e+01    6.7454494e+01    134    3.4141997e+00
  1520    1.8999998e+01    6.8309761e+01    136    3.4210682e+00
  1540    1.9249998e+01    6.9166148e+01    138    3.4255502e+00
  1560    1.9499998e+01    7.0021211e+01    140    3.4202533e+00
  1580    1.9749998e+01    7.0875794e+01    141    3.4183324e+00
  1600    1.9999998e+01    7.1732524e+01    143    3.4269181e+00
  1620    2.0249998e+01    7.2589050e+01    145    3.4261031e+00
  1640    2.0499998e+01    7.3443676e+01    146    3.4185070e+00
  1660    2.0749998e+01    7.4300195e+01    148    3.4260740e+00
  1680    2.0999998e+01    7.5157623e+01    150    3.4297120e+00
  1700    2.1249998e+01    7.6013595e+01    152    3.4238913e+00
  1720    2.1499998e+01    7.6869313e+01    153    3.4228726e+00
  1740    2.1749998e+01    7.7727083e+01    155    3.4310799e+00
  1760    2.1999998e+01    7.8584533e+01    157    3.4297993e+00
  1780    2.2249998e+01    7.9440113e+01    158    3.4223197e+00
  1800    2.2499998e+01    8.0297614e+01    160    3.4300031e+00
  1820    2.2749998e+01    8.1155958e+01    162    3.4333791e+00
  1840    2.2999998e+01    8.2012804e+01    164    3.4273837e+00
  1860    2.3249998e+01    8.2869425e+01    165    3.4264815e+00
  1880    2.3499998e+01    8.3728046e+01    167    3.4344851e+00
  1900    2.3749998e+01    8.4586361e+01    169    3.4332627e+00
  1920    2.3999998e+01    8.5442778e+01    170    3.4256666e+00
  1940    2.4249998e+01    8.6301050e+01    172    3.4330881e+00
  1960    2.4499998e+01    8.7160195e+01    174    3.4365805e+00
  1980    2.4749998e+01    8.8017921e+01    176    3.4309053e+00
  2000    2.4999998e+01    8.8875218e+01    177    3.4291882e+00
  2020    2.5249998e+01    8.9734560e+01    179    3.4373663e+00
  2040    2.5499998e+01    9.0593683e+01    181    3.4364932e+00
  2060    2.5749998e+01    9.1450856e+01    182    3.4286934e+00
  2080    2.5999998e+01    9.2309718e+01    184    3.4354455e+00
  2100    2.6249998e+01    9.3169576e+01    186    3.4394327e+00
  2120    2.6499998e+01    9.4028168e+01    188    3.4343686e+00
  2140    2.6749998e+01    9.4885989e+01    189    3.4312836e+00
  2160    2.6999998e+01    9.5745912e+01    191    3.4396946e+00
  2180    2.7249998e+01    9.6605785e+01    193    3.4394909e+00
  2200    2.7499998e+01    9.7463693e+01    194    3.4316329e+00
  2220    2.7749998e+01    9.8322991e+01    196    3.4371917e+00
  2240    2.7999998e+01    9.9183468e+01    198    3.4419065e+00
  2260    2.8249998e+01    1.0004290e+02    200    3.4377447e+00
  2280    2.8499998e+01    1.0090115e+02    201    3.4330008e+00
  2300    2.8749998e+01    1.0176153e+02    203    3.4414991e+00
  2320    2.8999998e+01    1.0262211e+02    205    3.4423431e+00
  2340    2.9249998e+01    1.0348077e+02    206    3.4346306e+00
  2360    2.9499998e+01    1.0434034e+02    208    3.4382685e+00
  2380    2.9749998e+01    1.0520135e+02    210    3.4440311e+00
  2400    2.9999998e+01    1.0606159e+02    212    3.4409752e+00
  2420    3.0249998e+01    1.0692024e+02    213    3.4346015e+00
  2440    3.0499998e+01    1.0778095e+02    215    3.4428379e+00
  2460    3.0749998e+01    1.0864215e+02    217    3.4448169e+00
  2480    3.0999998e+01    1.0950166e+02    219    3.4380357e+00
  2500    3.1249998e+01    1.1036132e+02    220    3.4386469e+00
  2520    3.1499998e+01    1.1122275e+02    222    3.4457191e+00
  2540    3.1749998e+01    1.1208376e+02    224    3.4440020e+00
  2560    3.1999998e+01    1.1294288e+02    225    3.4364932e+00
  2580    3.2249996e+01    1.1380377e+02    227    3.4435654e+00
  2600    3.2499996e+01    1.1466551e+02    229    3.4469706e+00
  2620    3.2749996e+01    1.1552593e+02    231    3.4416737e+00
  2640    3.2999996e+01    1.1638562e+02    232    3.4387633e+00
  2660    3.3249996e+01    1.1724734e+02    234    3.4468833e+00
  2680    3.3499996e+01    1.1810902e+02    236    3.4467087e+00
  2700    3.3749996e+01    1.1896873e+02    237    3.4388506e+00
  2720    3.3999996e+01    1.1982967e+02    239    3.4437401e+00
  2740    3.4249996e+01    1.2069187e+02    241    3.4488041e+00
  2760    3.4499996e+01    1.2155325e+02    243    3.4455445e+00
  2780    3.4749996e+01    1.2241365e+02    244    3.4415864e+00
  2800    3.4999996e+01    1.2327805e+02    246    3.4575935e+00
  2820    3.5249996e+01    1.2415177e+02    248    3.4949046e+00
  2840    3.5499996e+01    1.2506585e+02    250    3.6563144e+00
  2860    3.5749996e+01    1.2622136e+02    252    4.6220380e+00
  2880    3.5999996e+01    1.2622136e+02    255    0.0000000e+00
  2900    3.6249996e+01    1.2622136e+02    255    0.0000000e+00
  2920    3.6499996e+01    1.2622136e+02    255    0.0000000e+00
  2940    3.6749996e+01    1.2622136e+02    255    0.0000000e+00
  2960    3.6999996e+01    1.2622136e+02    255    0.0000000e+00
  2980    3.7249996e+01    1.2622136e+02    255    0.0000000e+00
  3000    3.7499996e+01    1.2622136e+02    255    0.0000000e+00
