    20    2.4999999e-01    3.1854766e+01
    40    4.9999997e-01    3.9262153e+01
    60    7.4999994e-01    4.7721042e+01
    80    9.9999994e-01    5.7227628e+01
   100    1.2499999e+00    6.7785327e+01
   120    1.4999999e+00    7.9400071e+01
   140    1.7499999e+00    9.2078487e+01
   160    1.9999999e+00    1.0582717e+02
   180    2.2499998e+00    1.2065242e+02
   200    2.4999998e+00    1.3656013e+02
   220    2.7499998e+00    1.5355575e+02
   240    2.9999998e+00    1.7164433e+02
   260    3.2499998e+00    1.9083052e+02
   280    3.4999998e+00    2.1111863e+02
   300    3.7499998e+00    2.3251260e+02
   320    3.9999998e+00    2.5501609e+02
   340    4.2499995e+00    2.7863248e+02
   360    4.4999995e+00    3.0336491e+02
   380    4.7499995e+00    3.2921626e+02
   400    4.9999995e+00    3.5618924e+02
   420    5.2499995e+00    3.8428635e+02
   440    5.4999995e+00    4.1350993e+02
   460    5.7499995e+00    4.4386215e+02
   480    5.9999995e+00    4.7534506e+02
   500    6.2499995e+00    5.0796056e+02
   520    6.4999995e+00    5.4171045e+02
   540    6.7499995e+00    5.7659640e+02
   560    6.9999995e+00    6.1262000e+02
   580    7.2499995e+00    6.4978274e+02
   600    7.4999995e+00    6.8808602e+02
   620    7.7499995e+00    7.2753117e+02
   640    7.9999995e+00    7.6811946e+02
   660    8.2499990e+00    8.0985208e+02
   680    8.4999990e+00    8.5273015e+02
   700    8.7499990e+00    8.9675475e+02
   720    8.9999990e+00    9.4192690e+02
   740    9.2499990e+00    9.8824757e+02
   760    9.4999990e+00    1.0357177e+03
   780    9.7499990e+00    1.0843382e+03
   800    9.9999990e+00    1.1341098e+03
   820    1.0249999e+01    1.1850334e+03
   840    1.0499999e+01    1.2371098e+03
   860    1.0749999e+01    1.2903397e+03
   880    1.0999999e+01    1.3447238e+03
   900    1.1249999e+01    1.4002628e+03
   920    1.1499999e+01    1.4569573e+03
   940    1.1749999e+01    1.5148080e+03
   960    1.1999999e+01    1.5738155e+03
   980    1.2249999e+01    1.6339803e+03
  1000    1.2499999e+01    1.6953031e+03
  1020    1.2749999e+01    1.7577843e+03
  1040    1.2999999e+01    1.8214245e+03
  1060    1.3249999e+01    1.8862241e+03
  1080    1.3499999e+01    1.9521838e+03
  1100    1.3749999e+01    2.0193038e+03
  1120    1.3999999e+01    2.0875848e+03
  1140    1.4249999e+01    2.1570271e+03
  1160    1.4499999e+01    2.2276311e+03
  1180    1.4749999e+01    2.2993973e+03
  1200    1.4999999e+01    2.3723260e+03
  1220    1.5249999e+01    2.4464177e+03
  1240    1.5499999e+01    2.5216727e+03
  1260    1.5749999e+01    2.5980914e+03
  1280    1.5999999e+01    2.6756741e+03
  1300    1.6249998e+01    2.7544212e+03
  1320    1.6499998e+01    2.8343330e+03
  1340    1.6749998e+01    2.9154098e+03
  1360    1.6999998e+01    2.9976520e+03
  1380    1.7249998e+01    3.0810598e+03
  1400    1.7499998e+01    3.1656335e+03
  1420    1.7749998e+01    3.2513735e+03
  1440    1.7999998e+01    3.3382800e+03
  1460    1.8249998e+01    3.4263533e+03
  1480    1.8499998e+01    3.5155936e+03
  1500    1.8749998e+01    3.6060012e+03
  1520    1.8999998e+01    3.6975765e+03
  1540    1.9249998e+01    3.7903195e+03
  1560    1.9499998e+01    3.8842306e+03
  1580    1.9749998e+01    3.9793100e+03
  1600    1.9999998e+01    4.0755579e+03
  1620    2.0249998e+01    4.1729745e+03
  1640    2.0499998e+01    4.2715601e+03
  1660    2.0749998e+01    4.3713149e+03
  1680    2.0999998e+01    4.4722391e+03
  1700    2.1249998e+01    4.5743329e+03
  1720    2.1499998e+01    4.6775965e+03
  1740    2.1749998e+01    4.7820300e+03
  1760    2.1999998e+01    4.8876338e+03
  1780    2.2249998e+01    4.9944079e+03
  1800    2.2499998e+01    5.1023525e+03
  1820    2.2749998e+01    5.2114679e+03
  1840    2.2999998e+01    5.3217542e+03
  1860    2.3249998e+01    5.4332115e+03
  1880    2.3499998e+01    5.5458402e+03
  1900    2.3749998e+01    5.6596402e+03
  1920    2.3999998e+01    5.7746118e+03
  1940    2.4249998e+01    5.8907551e+03
  1960    2.4499998e+01    6.0080703e+03
  1980    2.4749998e+01    6.1265575e+03
  2000    2.4999998e+01    6.2462170e+03
  2020    2.5249998e+01    6.3670488e+03
  2040    2.5499998e+01    6.4890530e+03
  2060    2.5749998e+01    6.6122299e+03
  2080    2.5999998e+01    6.7365795e+03
  2100    2.6249998e+01    6.8621020e+03
  2120    2.6499998e+01    6.9887975e+03
  2140    2.6749998e+01    7.1166662e+03
  2160    2.6999998e+01    7.2457082e+03
  2180    2.7249998e+01    7.3759236e+03
  2200    2.7499998e+01    7.5073125e+03
  2220    2.7749998e+01    7.6398751e+03
  2240    2.7999998e+01    7.7736115e+03
  2260    2.8249998e+01    7.9085217e+03
  2280    2.8499998e+01    8.0446060e+03
  2300    2.8749998e+01    8.1818644e+03
  2320    2.8999998e+01    8.3202970e+03
  2340    2.9249998e+01    8.4599040e+03
  2360    2.9499998e+01    8.6006854e+03
  2380    2.9749998e+01    8.7426414e+03
  2400    2.9999998e+01    8.8857721e+03
  2420    3.0249998e+01    9.0300775e+03
  2440    3.0499998e+01    9.1755578e+03
  2460    3.0749998e+01    9.3222130e+03
  2480    3.0999998e+01    9.4700434e+03
  2500    3.1249998e+01    9.6190488e+03
  2520    3.1499998e+01    9.7692296e+03
  2540    3.1749998e+01    9.9205857e+03
  2560    3.1999998e+01    1.0073117e+04
  2580    3.2249996e+01    1.0226824e+04
  2600    3.2499996e+01    1.0381707e+04
  2620    3.2749996e+01    1.0537765e+04
  2640    3.2999996e+01    1.0695000e+04
  2660    3.3249996e+01    1.0853410e+04
  2680    3.3499996e+01    1.1012996e+04
  2700    3.3749996e+01    1.1173758e+04
  2720    3.3999996e+01    1.1335697e+04
  2740    3.4249996e+01    1.1498812e+04
  2760    3.4499996e+01    1.1663107e+04
  2780    3.4749996e+01    1.1828588e+04
  2800    3.4999996e+01    1.1995284e+04
  2820    3.5249996e+01    1.2163289e+04
  2840    3.5499996e+01    1.2332895e+04
  2860    3.5749996e+01    1.2504746e+04
  2880    3.5999996e+01    1.2678737e+04
  2900    3.6249996e+01    1.2848818e+04
  2920    3.6499996e+01    1.3006727e+04
  2940    3.6749996e+01    1.3152714e+04
  2960    3.6999996e+01    1.3289761e+04
  2980    3.7249996e+01    1.3419857e+04
  3000    3.7499996e+01    1.3544166e+04
