         1    1.0000000e+00
         2    1.0000000e+00
         3    1.0000000e+00
         4    1.0000000e+00
         5    1.0000000e+00
         6    1.0000000e+00
         7    1.0000000e+00
         8    1.0000000e+00
         9    1.0000000e+00
        10    1.0000000e+00
        11    1.0000000e+00
        12    1.0000000e+00
        13    1.0000000e+00
        14    1.0000000e+00
        15    1.0000000e+00
        16    1.0000000e+00
        17    1.0000000e+00
        18    1.0000000e+00
        19    1.0000000e+00
        20    1.0000000e+00
        21    1.0000000e+00
        22    1.0000000e+00
        23    1.0000000e+00
        24    1.0000000e+00
        25    1.0000000e+00
        26    1.0000000e+00
        27    1.0000000e+00
        28    1.0000000e+00
        29    1.0000000e+00
        30    1.0000000e+00
        31    1.0000000e+00
        32    1.0000000e+00
        33    1.0000000e+00
        34    1.0000000e+00
        35    1.0000000e+00
        36    1.0000000e+00
        37    1.0000000e+00
        38    1.0000000e+00
        39    1.0000000e+00
        40    1.0000000e+00
        41    1.0000000e+00
        42    1.0000000e+00
        43    1.0000000e+00
        44    1.0000000e+00
        45    1.0000000e+00
        46    1.0000000e+00
        47    1.0000000e+00
        48    1.0000000e+00
        49    1.0000000e+00
        50    1.0000000e+00
        51    1.0000000e+00
        52    1.0000000e+00
        53    1.0000000e+00
        54    1.0000000e+00
        55    1.0000000e+00
        56    1.0000000e+00
        57    1.0000000e+00
        58    1.0000000e+00
        59    1.0000000e+00
        60    1.0000000e+00
        61    1.0000000e+00
        62    1.0000000e+00
        63    1.0000000e+00
        64    1.0000000e+00
        65    1.0000000e+00
        66    1.0000000e+00
        67    1.0000000e+00
        68    1.0000000e+00
        69    1.0000000e+00
        70    1.0000000e+00
        71    1.0000000e+00
        72    1.0000000e+00
        73    1.0000000e+00
        74    1.0000000e+00
        75    1.0000000e+00
        76    1.0000000e+00
        77    1.0000000e+00
        78    1.0000000e+00
        79    1.0000000e+00
        80    1.0000000e+00
        81    1.0000000e+00
        82    1.0000000e+00
        83    1.0000000e+00
        84    1.0000000e+00
        85    1.0000000e+00
        86    1.0000000e+00
        87    9.9999994e-01
        88    9.9999994e-01
        89    9.9999976e-01
        90    9.9999928e-01
        91    9.9999774e-01
        92    9.9999326e-01
        93    9.9997973e-01
        94    9.9993914e-01
        95    9.9981737e-01
        96    9.9945205e-01
        97    9.9835676e-01
        98    9.9508011e-01
        99    9.8533297e-01
       100    9.5685786e-01
       101    8.7814182e-01
       102    6.9275951e-01
       103    4.0534139e-01
       104    1.7996058e-01
       105    6.9440588e-02
       106    2.5335165e-02
       107    9.0548638e-03
       108    3.2124955e-03
       109    1.1367891e-03
       110    4.0191304e-04
       111    1.4205636e-04
       112    5.0206290e-05
       113    1.7744233e-05
       114    6.2714744e-06
       115    2.2166628e-06
       116    7.8351729e-07
       117    2.7696009e-07
       118    9.7905207e-08
       119    3.4611027e-08
       120    1.2236113e-08
       121    4.3260635e-09
       122    1.5295470e-09
       123    5.4082094e-10
       124    1.9123393e-10
       125    6.7623462e-11
       126    2.3913932e-11
       127    8.4571855e-12
       128    2.9910401e-12
       129    1.0578893e-12
       130    3.7417958e-13
       131    1.3235550e-13
       132    4.6819424e-14
       133    1.6562757e-14
       134    5.8595173e-15
       135    2.0730695e-15
       136    7.3348130e-16
       137    2.5953000e-16
       138    9.1835299e-17
       139    3.2497921e-17
       140    1.1500734e-17
       141    4.0702394e-18
       142    1.4405854e-18
       143    5.0989760e-19
       144    1.8048962e-19
       145    6.3892083e-20
       146    2.2618708e-20
       147    8.0078289e-21
       148    2.8352300e-21
       149    1.0038962e-21
       150    3.5548115e-22
       151    1.2588444e-22
       152    4.4581603e-23
       153    1.5789479e-23
       154    5.5925375e-24
       155    1.9809769e-24
       156    7.0174571e-25
       157    2.4860532e-25
       158    8.8078921e-26
       159    3.1207923e-26
       160    1.1058332e-26
       161    3.9187436e-27
       162    1.3887916e-27
       163    4.9222186e-28
       164    1.7446927e-28
       165    6.1846040e-29
       166    2.1925041e-29
       167    7.7732955e-30
       168    2.7561754e-30
       169    9.7734136e-31
       170    3.4659653e-31
       171    1.2292534e-31
       172    4.3601240e-32
       173    1.5466687e-32
       174    5.4870353e-33
       175    1.9467990e-33
       176    6.9079390e-34
       177    2.4514377e-34
       178    8.7004031e-35
       179    3.0881976e-35
       180    1.0962746e-35
       181    3.8920942e-36
       182    1.3819694e-36
       183    4.9075643e-37
       184    1.7429604e-37
       185    6.1910526e-38
       186    2.1993719e-38
       187    7.8143283e-39
       188    2.7768046e-39
       189    9.8687285e-40
       190    3.5078564e-40
       191    1.2470575e-40
       192    4.4341287e-41
       193    1.5768812e-41
       194    5.6079965e-42
       195    1.9940477e-42
       196    7.0905702e-43
       197    2.5223372e-43
       198    8.9683102e-44
       199    3.0828566e-44
       200    9.8090893e-45
       201    2.8025969e-45
       202    0.0000000e+00
       203    0.0000000e+00
       204    0.0000000e+00
       205    0.0000000e+00
       206    0.0000000e+00
       207    0.0000000e+00
       208    0.0000000e+00
       209    0.0000000e+00
       210    0.0000000e+00
       211    0.0000000e+00
       212    0.0000000e+00
       213    0.0000000e+00
       214    0.0000000e+00
       215    0.0000000e+00
       216    0.0000000e+00
       217    0.0000000e+00
       218    0.0000000e+00
       219    0.0000000e+00
       220    0.0000000e+00
       221    0.0000000e+00
       222    0.0000000e+00
       223    0.0000000e+00
       224    0.0000000e+00
       225    0.0000000e+00
       226    0.0000000e+00
       227    0.0000000e+00
       228    0.0000000e+00
       229    0.0000000e+00
       230    0.0000000e+00
       231    0.0000000e+00
       232    0.0000000e+00
       233    0.0000000e+00
       234    0.0000000e+00
       235    0.0000000e+00
       236    0.0000000e+00
       237    0.0000000e+00
       238    0.0000000e+00
       239    0.0000000e+00
       240    0.0000000e+00
       241    0.0000000e+00
       242    0.0000000e+00
       243    0.0000000e+00
       244    0.0000000e+00
       245    0.0000000e+00
       246    0.0000000e+00
       247    0.0000000e+00
       248    0.0000000e+00
       249    0.0000000e+00
       250    0.0000000e+00
       251    0.0000000e+00
       252    0.0000000e+00
       253    0.0000000e+00
       254    0.0000000e+00
       255    0.0000000e+00
       256    0.0000000e+00
