         1    1.0000000e+00
         2    1.0000000e+00
         3    1.0000000e+00
         4    1.0000000e+00
         5    1.0000000e+00
         6    1.0000000e+00
         7    1.0000000e+00
         8    1.0000000e+00
         9    1.0000000e+00
        10    1.0000000e+00
        11    1.0000000e+00
        12    1.0000000e+00
        13    1.0000000e+00
        14    1.0000000e+00
        15    1.0000000e+00
        16    1.0000000e+00
        17    1.0000000e+00
        18    1.0000000e+00
        19    1.0000000e+00
        20    1.0000000e+00
        21    1.0000000e+00
        22    1.0000000e+00
        23    1.0000000e+00
        24    1.0000000e+00
        25    1.0000000e+00
        26    1.0000000e+00
        27    1.0000000e+00
        28    1.0000000e+00
        29    1.0000000e+00
        30    1.0000000e+00
        31    1.0000000e+00
        32    1.0000000e+00
        33    1.0000000e+00
        34    1.0000000e+00
        35    1.0000000e+00
        36    1.0000000e+00
        37    1.0000000e+00
        38    1.0000000e+00
        39    1.0000000e+00
        40    1.0000000e+00
        41    1.0000000e+00
        42    1.0000000e+00
        43    1.0000000e+00
        44    1.0000000e+00
        45    1.0000000e+00
        46    1.0000000e+00
        47    1.0000000e+00
        48    1.0000000e+00
        49    1.0000000e+00
        50    1.0000000e+00
        51    1.0000000e+00
        52    1.0000000e+00
        53    1.0000000e+00
        54    1.0000000e+00
        55    1.0000000e+00
        56    1.0000000e+00
        57    1.0000000e+00
        58    1.0000000e+00
        59    1.0000000e+00
        60    1.0000000e+00
        61    1.0000000e+00
        62    1.0000000e+00
        63    1.0000000e+00
        64    1.0000000e+00
        65    1.0000000e+00
        66    1.0000000e+00
        67    1.0000000e+00
        68    1.0000000e+00
        69    1.0000000e+00
        70    1.0000000e+00
        71    9.9999994e-01
        72    9.9999988e-01
        73    9.9999958e-01
        74    9.9999881e-01
        75    9.9999636e-01
        76    9.9998915e-01
        77    9.9996740e-01
        78    9.9990225e-01
        79    9.9970663e-01
        80    9.9911988e-01
        81    9.9736148e-01
        82    9.9211109e-01
        83    9.7659481e-01
        84    9.3207461e-01
        85    8.1489742e-01
        86    5.7331610e-01
        87    2.9326046e-01
        88    1.2081455e-01
        89    4.5212813e-02
        90    1.6311392e-02
        91    5.8071343e-03
        92    2.0577663e-03
        93    7.2799041e-04
        94    2.5740906e-04
        95    9.1003523e-05
        96    3.2172742e-05
        97    1.1374557e-05
        98    4.0216578e-06
        99    1.4220102e-06
       100    5.0283842e-07
       101    1.7782091e-07
       102    6.2887764e-08
       103    2.2242252e-08
       104    7.8672127e-09
       105    2.7828688e-09
       106    9.8445230e-10
       107    3.4827871e-10
       108    1.2322245e-10
       109    4.3599718e-11
       110    1.5427970e-11
       111    5.4596583e-12
       112    1.9322092e-12
       113    6.8387239e-13
       114    2.4206318e-13
       115    8.5687113e-14
       116    3.0334428e-14
       117    1.0739648e-14
       118    3.8025833e-15
       119    1.3464874e-15
       120    4.7682746e-16
       121    1.6887141e-16
       122    5.9811882e-17
       123    2.1186332e-17
       124    7.5051900e-18
       125    2.6589235e-18
       126    9.4208210e-19
       127    3.3381913e-19
       128    1.1829704e-19
       129    4.1925420e-20
       130    1.4860132e-20
       131    5.2675706e-21
       132    1.8674172e-21
       133    6.6208911e-22
       134    2.3476675e-22
       135    8.3253527e-23
       136    2.9526751e-23
       137    1.0473134e-23
       138    3.7152383e-24
       139    1.3180957e-24
       140    4.6769044e-25
       141    1.6596734e-25
       142    5.8903436e-26
       143    2.0908066e-26
       144    7.4223907e-27
       145    2.6353116e-27
       146    9.3579309e-28
       147    3.3234502e-28
       148    1.1804883e-28
       149    4.1937188e-29
       150    1.4900607e-29
       151    5.2951435e-30
       152    1.8820142e-30
       153    6.6902405e-31
       154    2.3786841e-31
       155    8.4588368e-32
       156    3.0086120e-32
       157    1.0703021e-32
       158    3.8083291e-33
       159    1.3553575e-33
       160    4.8246774e-34
       161    1.7178354e-34
       162    6.1178368e-35
       163    2.1793239e-35
       164    7.7652953e-36
       165    2.7676528e-36
       166    9.8670676e-37
       167    3.5187887e-37
       168    1.2552582e-37
       169    4.4793416e-38
       170    1.5989813e-38
       171    5.7098905e-39
       172    2.0397399e-39
       173    7.2894005e-40
       174    2.6060788e-40
       175    9.3210170e-41
       176    3.3352305e-41
       177    1.1939063e-41
       178    4.2753616e-42
       179    1.5316192e-42
       180    5.4930900e-43
       181    1.9618179e-43
       182    7.0064923e-44
       183    2.3822074e-44
       184    8.4077908e-45
       185    2.8025969e-45
       186    0.0000000e+00
       187    0.0000000e+00
       188    0.0000000e+00
       189    0.0000000e+00
       190    0.0000000e+00
       191    0.0000000e+00
       192    0.0000000e+00
       193    0.0000000e+00
       194    0.0000000e+00
       195    0.0000000e+00
       196    0.0000000e+00
       197    0.0000000e+00
       198    0.0000000e+00
       199    0.0000000e+00
       200    0.0000000e+00
       201    0.0000000e+00
       202    0.0000000e+00
       203    0.0000000e+00
       204    0.0000000e+00
       205    0.0000000e+00
       206    0.0000000e+00
       207    0.0000000e+00
       208    0.0000000e+00
       209    0.0000000e+00
       210    0.0000000e+00
       211    0.0000000e+00
       212    0.0000000e+00
       213    0.0000000e+00
       214    0.0000000e+00
       215    0.0000000e+00
       216    0.0000000e+00
       217    0.0000000e+00
       218    0.0000000e+00
       219    0.0000000e+00
       220    0.0000000e+00
       221    0.0000000e+00
       222    0.0000000e+00
       223    0.0000000e+00
       224    0.0000000e+00
       225    0.0000000e+00
       226    0.0000000e+00
       227    0.0000000e+00
       228    0.0000000e+00
       229    0.0000000e+00
       230    0.0000000e+00
       231    0.0000000e+00
       232    0.0000000e+00
       233    0.0000000e+00
       234    0.0000000e+00
       235    0.0000000e+00
       236    0.0000000e+00
       237    0.0000000e+00
       238    0.0000000e+00
       239    0.0000000e+00
       240    0.0000000e+00
       241    0.0000000e+00
       242    0.0000000e+00
       243    0.0000000e+00
       244    0.0000000e+00
       245    0.0000000e+00
       246    0.0000000e+00
       247    0.0000000e+00
       248    0.0000000e+00
       249    0.0000000e+00
       250    0.0000000e+00
       251    0.0000000e+00
       252    0.0000000e+00
       253    0.0000000e+00
       254    0.0000000e+00
       255    0.0000000e+00
       256    0.0000000e+00
