         1    1.0000000e+00
         2    1.0000000e+00
         3    1.0000000e+00
         4    1.0000000e+00
         5    1.0000000e+00
         6    1.0000000e+00
         7    1.0000000e+00
         8    1.0000000e+00
         9    1.0000000e+00
        10    1.0000000e+00
        11    1.0000000e+00
        12    1.0000000e+00
        13    1.0000000e+00
        14    1.0000000e+00
        15    1.0000000e+00
        16    1.0000000e+00
        17    1.0000000e+00
        18    1.0000000e+00
        19    1.0000000e+00
        20    1.0000000e+00
        21    1.0000000e+00
        22    1.0000000e+00
        23    1.0000000e+00
        24    1.0000000e+00
        25    1.0000000e+00
        26    1.0000000e+00
        27    1.0000000e+00
        28    1.0000000e+00
        29    1.0000000e+00
        30    1.0000000e+00
        31    1.0000000e+00
        32    1.0000000e+00
        33    1.0000000e+00
        34    1.0000000e+00
        35    1.0000000e+00
        36    1.0000000e+00
        37    1.0000000e+00
        38    1.0000000e+00
        39    1.0000000e+00
        40    1.0000000e+00
        41    1.0000000e+00
        42    1.0000000e+00
        43    1.0000000e+00
        44    1.0000000e+00
        45    1.0000000e+00
        46    1.0000000e+00
        47    1.0000000e+00
        48    1.0000000e+00
        49    1.0000000e+00
        50    1.0000000e+00
        51    1.0000000e+00
        52    1.0000000e+00
        53    1.0000000e+00
        54    1.0000000e+00
        55    1.0000000e+00
        56    1.0000000e+00
        57    1.0000000e+00
        58    1.0000000e+00
        59    1.0000000e+00
        60    1.0000000e+00
        61    1.0000000e+00
        62    1.0000000e+00
        63    1.0000000e+00
        64    1.0000000e+00
        65    1.0000000e+00
        66    1.0000000e+00
        67    1.0000000e+00
        68    1.0000000e+00
        69    1.0000000e+00
        70    1.0000000e+00
        71    1.0000000e+00
        72    1.0000000e+00
        73    1.0000000e+00
        74    1.0000000e+00
        75    1.0000000e+00
        76    1.0000000e+00
        77    1.0000000e+00
        78    1.0000000e+00
        79    1.0000000e+00
        80    1.0000000e+00
        81    1.0000000e+00
        82    1.0000000e+00
        83    1.0000000e+00
        84    1.0000000e+00
        85    1.0000000e+00
        86    1.0000000e+00
        87    1.0000000e+00
        88    1.0000000e+00
        89    1.0000000e+00
        90    1.0000000e+00
        91    1.0000000e+00
        92    1.0000000e+00
        93    1.0000000e+00
        94    1.0000000e+00
        95    1.0000000e+00
        96    1.0000000e+00
        97    1.0000000e+00
        98    1.0000000e+00
        99    1.0000000e+00
       100    1.0000000e+00
       101    1.0000000e+00
       102    1.0000000e+00
       103    1.0000000e+00
       104    1.0000000e+00
       105    1.0000000e+00
       106    1.0000000e+00
       107    1.0000000e+00
       108    1.0000000e+00
       109    1.0000000e+00
       110    1.0000000e+00
       111    1.0000000e+00
       112    1.0000000e+00
       113    1.0000000e+00
       114    1.0000000e+00
       115    1.0000000e+00
       116    1.0000000e+00
       117    1.0000000e+00
       118    1.0000000e+00
       119    1.0000000e+00
       120    1.0000000e+00
       121    1.0000000e+00
       122    1.0000000e+00
       123    1.0000000e+00
       124    1.0000000e+00
       125    1.0000000e+00
       126    1.0000000e+00
       127    1.0000000e+00
       128    1.0000000e+00
       129    1.0000000e+00
       130    1.0000000e+00
       131    1.0000000e+00
       132    1.0000000e+00
       133    1.0000000e+00
       134    1.0000000e+00
       135    1.0000000e+00
       136    1.0000000e+00
       137    1.0000000e+00
       138    1.0000000e+00
       139    1.0000000e+00
       140    1.0000000e+00
       141    1.0000000e+00
       142    1.0000000e+00
       143    1.0000000e+00
       144    1.0000000e+00
       145    1.0000000e+00
       146    1.0000000e+00
       147    1.0000000e+00
       148    1.0000000e+00
       149    1.0000000e+00
       150    1.0000000e+00
       151    1.0000000e+00
       152    1.0000000e+00
       153    9.9999994e-01
       154    9.9999988e-01
       155    9.9999976e-01
       156    9.9999923e-01
       157    9.9999762e-01
       158    9.9999279e-01
       159    9.9997830e-01
       160    9.9993497e-01
       161    9.9980462e-01
       162    9.9941349e-01
       163    9.9824059e-01
       164    9.9473113e-01
       165    9.8429614e-01
       166    9.5386130e-01
       167    8.7017006e-01
       168    6.7620599e-01
       169    3.8730964e-01
       170    1.6969010e-01
       171    6.5096267e-02
       172    2.3692472e-02
       173    8.4581878e-03
       174    2.9987870e-03
       175    1.0606062e-03
       176    3.7479383e-04
       177    1.3240498e-04
       178    4.6770954e-05
       179    1.6521086e-05
       180    5.8358237e-06
       181    2.0614407e-06
       182    7.2819205e-07
       183    2.5723375e-07
       184    9.0869278e-08
       185    3.2100615e-08
       186    1.1340099e-08
       187    4.0061536e-09
       188    1.4152906e-09
       189    5.0000110e-10
       190    1.7664592e-10
       191    6.2408474e-11
       192    2.2049102e-11
       193    7.7901470e-12
       194    2.7523762e-12
       195    9.7247254e-13
       196    3.4360102e-13
       197    1.2140567e-13
       198    4.2897404e-14
       199    1.5157605e-14
       200    5.3559655e-15
       201    1.8925725e-15
       202    6.6876724e-16
       203    2.3632251e-16
       204    8.3510844e-17
       205    2.9511306e-17
       206    1.0428978e-17
       207    3.6855549e-18
       208    1.3024823e-18
       209    4.6030817e-19
       210    1.6267974e-19
       211    5.7494481e-20
       212    2.0320151e-20
       213    7.1818390e-21
       214    2.5383560e-21
       215    8.9717572e-22
       216    3.1711050e-22
       217    1.1208615e-22
       218    3.9618819e-23
       219    1.4004236e-23
       220    4.9502335e-24
       221    1.7498481e-24
       222    6.1856230e-25
       223    2.1866288e-25
       224    7.7299235e-26
       225    2.7326499e-26
       226    9.6605393e-27
       227    3.4152893e-27
       228    1.2074313e-27
       229    4.2688035e-28
       230    1.5092416e-28
       231    5.3360555e-29
       232    1.8866482e-29
       233    6.6706878e-30
       234    2.3586277e-30
       235    8.3398334e-31
       236    2.9489314e-31
       237    1.0427526e-31
       238    3.6872901e-32
       239    1.3038955e-32
       240    4.6109229e-33
       241    1.6305815e-33
       242    5.7664289e-34
       243    2.0392997e-34
       244    7.2121549e-35
       245    2.5506979e-35
       246    9.0211730e-36
       247    3.1906349e-36
       248    1.1284996e-36
       249    3.9914994e-37
       250    1.4118270e-37
       251    4.9939138e-38
       252    1.7666073e-38
       253    6.2528782e-39
       254    2.2226247e-39
       255    8.1654362e-40
       256    3.7447039e-40
