         1    1.0000000e+00
         2    1.0000000e+00
         3    1.0000000e+00
         4    1.0000000e+00
         5    1.0000000e+00
         6    1.0000000e+00
         7    1.0000000e+00
         8    1.0000000e+00
         9    1.0000000e+00
        10    1.0000000e+00
        11    1.0000000e+00
        12    1.0000000e+00
        13    1.0000000e+00
        14    1.0000000e+00
        15    1.0000000e+00
        16    1.0000000e+00
        17    1.0000000e+00
        18    1.0000000e+00
        19    1.0000000e+00
        20    1.0000000e+00
        21    1.0000000e+00
        22    1.0000000e+00
        23    1.0000000e+00
        24    1.0000000e+00
        25    1.0000000e+00
        26    1.0000000e+00
        27    1.0000000e+00
        28    1.0000000e+00
        29    1.0000000e+00
        30    1.0000000e+00
        31    1.0000000e+00
        32    1.0000000e+00
        33    1.0000000e+00
        34    1.0000000e+00
        35    1.0000000e+00
        36    1.0000000e+00
        37    1.0000000e+00
        38    9.9999994e-01
        39    9.9999988e-01
        40    9.9999970e-01
        41    9.9999911e-01
        42    9.9999726e-01
        43    9.9999189e-01
        44    9.9997574e-01
        45    9.9992728e-01
        46    9.9978209e-01
        47    9.9934703e-01
        48    9.9804467e-01
        49    9.9415594e-01
        50    9.8262590e-01
        51    9.4915819e-01
        52    8.5807639e-01
        53    6.5242350e-01
        54    3.6356878e-01
        55    1.5689154e-01
        56    5.9860833e-02
        57    2.1763787e-02
        58    7.7747996e-03
        59    2.7602883e-03
        60    9.7793725e-04
        61    3.4625272e-04
        62    1.2258194e-04
        63    4.3400170e-05
        64    1.5367992e-05
        65    5.4427037e-06
        66    1.9279189e-06
        67    6.8303336e-07
        68    2.4203371e-07
        69    8.5781238e-08
        70    3.0408341e-08
        71    1.0781493e-08
        72    3.8234256e-09
        73    1.3561752e-09
        74    4.8113885e-10
        75    1.7073350e-10
        76    6.0598672e-11
        77    2.1513251e-11
        78    7.6392425e-12
        79    2.7133057e-12
        80    9.6394984e-13
        81    3.4254750e-13
        82    1.2175912e-13
        83    4.3291261e-14
        84    1.5396477e-14
        85    5.4773364e-15
        86    1.9491677e-15
        87    6.9385064e-16
        88    2.4707318e-16
        89    8.8010462e-17
        90    3.1361636e-17
        91    1.1179600e-17
        92    3.9868033e-18
        93    1.4223386e-18
        94    5.0765667e-19
        95    1.8127423e-19
        96    6.4760720e-20
        97    2.3147725e-20
        98    8.2782426e-21
        99    2.9621964e-21
       100    1.0605925e-21
       101    3.7997562e-22
       102    1.3622255e-22
       103    4.8869898e-23
       104    1.7544689e-23
       105    6.3033741e-24
       106    2.2663828e-24
       107    8.1551760e-25
       108    2.9368202e-25
       109    1.0584377e-25
       110    3.8176172e-26
       111    1.3779964e-26
       112    4.9775498e-27
       113    1.7991641e-27
       114    6.5070124e-28
       115    2.3545497e-28
       116    8.5231596e-29
       117    3.0860442e-29
       118    1.1174965e-29
       119    4.0462998e-30
       120    1.4647228e-30
       121    5.2996679e-31
       122    1.9162047e-31
       123    6.9220395e-32
       124    2.4975820e-32
       125    8.9989184e-33
       126    3.2369419e-33
       127    1.1620947e-33
       128    4.1629168e-34
       129    1.4876190e-34
       130    5.3016712e-35
       131    1.8838753e-35
       132    6.6727248e-36
       133    2.3553850e-36
       134    8.2837537e-37
       135    2.9020234e-37
       136    1.0124838e-37
       137    3.5171975e-38
       138    1.2162930e-38
       139    4.1862629e-39
       140    1.4337680e-39
       141    4.8855710e-40
       142    1.6559845e-40
       143    5.5824928e-41
       144    1.8712940e-41
       145    6.2357782e-42
       146    2.0655139e-42
       147    6.7962976e-43
       148    2.2140516e-43
       149    7.1466222e-44
       150    2.2420775e-44
       151    7.0064923e-45
       152    1.4012985e-45
       153    0.0000000e+00
       154    0.0000000e+00
       155    0.0000000e+00
       156    0.0000000e+00
       157    0.0000000e+00
       158    0.0000000e+00
       159    0.0000000e+00
       160    0.0000000e+00
       161    0.0000000e+00
       162    0.0000000e+00
       163    0.0000000e+00
       164    0.0000000e+00
       165    0.0000000e+00
       166    0.0000000e+00
       167    0.0000000e+00
       168    0.0000000e+00
       169    0.0000000e+00
       170    0.0000000e+00
       171    0.0000000e+00
       172    0.0000000e+00
       173    0.0000000e+00
       174    0.0000000e+00
       175    0.0000000e+00
       176    0.0000000e+00
       177    0.0000000e+00
       178    0.0000000e+00
       179    0.0000000e+00
       180    0.0000000e+00
       181    0.0000000e+00
       182    0.0000000e+00
       183    0.0000000e+00
       184    0.0000000e+00
       185    0.0000000e+00
       186    0.0000000e+00
       187    0.0000000e+00
       188    0.0000000e+00
       189    0.0000000e+00
       190    0.0000000e+00
       191    0.0000000e+00
       192    0.0000000e+00
       193    0.0000000e+00
       194    0.0000000e+00
       195    0.0000000e+00
       196    0.0000000e+00
       197    0.0000000e+00
       198    0.0000000e+00
       199    0.0000000e+00
       200    0.0000000e+00
       201    0.0000000e+00
       202    0.0000000e+00
       203    0.0000000e+00
       204    0.0000000e+00
       205    0.0000000e+00
       206    0.0000000e+00
       207    0.0000000e+00
       208    0.0000000e+00
       209    0.0000000e+00
       210    0.0000000e+00
       211    0.0000000e+00
       212    0.0000000e+00
       213    0.0000000e+00
       214    0.0000000e+00
       215    0.0000000e+00
       216    0.0000000e+00
       217    0.0000000e+00
       218    0.0000000e+00
       219    0.0000000e+00
       220    0.0000000e+00
       221    0.0000000e+00
       222    0.0000000e+00
       223    0.0000000e+00
       224    0.0000000e+00
       225    0.0000000e+00
       226    0.0000000e+00
       227    0.0000000e+00
       228    0.0000000e+00
       229    0.0000000e+00
       230    0.0000000e+00
       231    0.0000000e+00
       232    0.0000000e+00
       233    0.0000000e+00
       234    0.0000000e+00
       235    0.0000000e+00
       236    0.0000000e+00
       237    0.0000000e+00
       238    0.0000000e+00
       239    0.0000000e+00
       240    0.0000000e+00
       241    0.0000000e+00
       242    0.0000000e+00
       243    0.0000000e+00
       244    0.0000000e+00
       245    0.0000000e+00
       246    0.0000000e+00
       247    0.0000000e+00
       248    0.0000000e+00
       249    0.0000000e+00
       250    0.0000000e+00
       251    0.0000000e+00
       252    0.0000000e+00
       253    0.0000000e+00
       254    0.0000000e+00
       255    0.0000000e+00
       256    0.0000000e+00
