         1    1.0000000e+00
         2    1.0000000e+00
         3    1.0000000e+00
         4    1.0000000e+00
         5    1.0000000e+00
         6    1.0000000e+00
         7    1.0000000e+00
         8    1.0000000e+00
         9    1.0000000e+00
        10    1.0000000e+00
        11    1.0000000e+00
        12    1.0000000e+00
        13    1.0000000e+00
        14    1.0000000e+00
        15    1.0000000e+00
        16    1.0000000e+00
        17    1.0000000e+00
        18    1.0000000e+00
        19    1.0000000e+00
        20    1.0000000e+00
        21    1.0000000e+00
        22    1.0000000e+00
        23    1.0000000e+00
        24    1.0000000e+00
        25    1.0000000e+00
        26    1.0000000e+00
        27    1.0000000e+00
        28    1.0000000e+00
        29    1.0000000e+00
        30    1.0000000e+00
        31    1.0000000e+00
        32    1.0000000e+00
        33    1.0000000e+00
        34    1.0000000e+00
        35    1.0000000e+00
        36    1.0000000e+00
        37    1.0000000e+00
        38    1.0000000e+00
        39    1.0000000e+00
        40    1.0000000e+00
        41    1.0000000e+00
        42    1.0000000e+00
        43    1.0000000e+00
        44    1.0000000e+00
        45    1.0000000e+00
        46    1.0000000e+00
        47    1.0000000e+00
        48    1.0000000e+00
        49    1.0000000e+00
        50    1.0000000e+00
        51    1.0000000e+00
        52    1.0000000e+00
        53    1.0000000e+00
        54    1.0000000e+00
        55    1.0000000e+00
        56    1.0000000e+00
        57    1.0000000e+00
        58    1.0000000e+00
        59    1.0000000e+00
        60    1.0000000e+00
        61    1.0000000e+00
        62    1.0000000e+00
        63    1.0000000e+00
        64    1.0000000e+00
        65    1.0000000e+00
        66    1.0000000e+00
        67    1.0000000e+00
        68    1.0000000e+00
        69    1.0000000e+00
        70    1.0000000e+00
        71    1.0000000e+00
        72    1.0000000e+00
        73    1.0000000e+00
        74    1.0000000e+00
        75    1.0000000e+00
        76    1.0000000e+00
        77    1.0000000e+00
        78    1.0000000e+00
        79    1.0000000e+00
        80    1.0000000e+00
        81    1.0000000e+00
        82    1.0000000e+00
        83    1.0000000e+00
        84    1.0000000e+00
        85    1.0000000e+00
        86    1.0000000e+00
        87    1.0000000e+00
        88    1.0000000e+00
        89    1.0000000e+00
        90    1.0000000e+00
        91    1.0000000e+00
        92    1.0000000e+00
        93    1.0000000e+00
        94    1.0000000e+00
        95    1.0000000e+00
        96    1.0000000e+00
        97    1.0000000e+00
        98    1.0000000e+00
        99    1.0000000e+00
       100    1.0000000e+00
       101    1.0000000e+00
       102    1.0000000e+00
       103    1.0000000e+00
       104    1.0000000e+00
       105    1.0000000e+00
       106    1.0000000e+00
       107    1.0000000e+00
       108    1.0000000e+00
       109    1.0000000e+00
       110    1.0000000e+00
       111    1.0000000e+00
       112    1.0000000e+00
       113    1.0000000e+00
       114    1.0000000e+00
       115    1.0000000e+00
       116    1.0000000e+00
       117    1.0000000e+00
       118    1.0000000e+00
       119    1.0000000e+00
       120    1.0000000e+00
       121    1.0000000e+00
       122    1.0000000e+00
       123    1.0000000e+00
       124    1.0000000e+00
       125    1.0000000e+00
       126    1.0000000e+00
       127    1.0000000e+00
       128    1.0000000e+00
       129    1.0000000e+00
       130    1.0000000e+00
       131    1.0000000e+00
       132    1.0000000e+00
       133    1.0000000e+00
       134    1.0000000e+00
       135    1.0000000e+00
       136    1.0000000e+00
       137    1.0000000e+00
       138    1.0000000e+00
       139    1.0000000e+00
       140    1.0000000e+00
       141    1.0000000e+00
       142    1.0000000e+00
       143    1.0000000e+00
       144    1.0000000e+00
       145    1.0000000e+00
       146    1.0000000e+00
       147    1.0000000e+00
       148    1.0000000e+00
       149    1.0000000e+00
       150    1.0000000e+00
       151    1.0000000e+00
       152    1.0000000e+00
       153    1.0000000e+00
       154    1.0000000e+00
       155    1.0000000e+00
       156    1.0000000e+00
       157    1.0000000e+00
       158    1.0000000e+00
       159    1.0000000e+00
       160    1.0000000e+00
       161    1.0000000e+00
       162    1.0000000e+00
       163    1.0000000e+00
       164    1.0000000e+00
       165    1.0000000e+00
       166    1.0000000e+00
       167    1.0000000e+00
       168    1.0000000e+00
       169    1.0000000e+00
       170    9.9999994e-01
       171    9.9999988e-01
       172    9.9999958e-01
       173    9.9999863e-01
       174    9.9999589e-01
       175    9.9998772e-01
       176    9.9996316e-01
       177    9.9988937e-01
       178    9.9966782e-01
       179    9.9900275e-01
       180    9.9700862e-01
       181    9.9105263e-01
       182    9.7347319e-01
       183    9.2331952e-01
       184    7.9361171e-01
       185    5.3838557e-01
       186    2.6625869e-01
       187    1.0784455e-01
       188    4.0074367e-02
       189    1.4414207e-02
       190    5.1239403e-03
       191    1.8138493e-03
       192    6.4114871e-04
       193    2.2651347e-04
       194    8.0011887e-05
       195    2.8261315e-05
       196    9.9821955e-06
       197    3.5258361e-06
       198    1.2453828e-06
       199    4.3989502e-07
       200    1.5538210e-07
       201    5.4885657e-08
       202    1.9387539e-08
       203    6.8484529e-09
       204    2.4191802e-09
       205    8.5457469e-10
       206    3.0188241e-10
       207    1.0664283e-10
       208    3.7673118e-11
       209    1.3308758e-11
       210    4.7016423e-12
       211    1.6609928e-12
       212    5.8680263e-13
       213    2.0731108e-13
       214    7.3241821e-14
       215    2.5876282e-14
       216    9.1422028e-15
       217    3.2300263e-15
       218    1.1412151e-15
       219    4.0321368e-16
       220    1.4246536e-16
       221    5.0337262e-17
       222    1.7785915e-17
       223    6.2844786e-18
       224    2.2205916e-18
       225    7.8464730e-19
       226    2.7725970e-19
       227    9.7972797e-20
       228    3.4620291e-20
       229    1.2233830e-20
       230    4.3231541e-21
       231    1.5277264e-21
       232    5.3987974e-22
       233    1.9078978e-22
       234    6.7424831e-23
       235    2.3828206e-23
       236    8.4211138e-24
       237    2.9761478e-24
       238    1.0518316e-24
       239    3.7174471e-25
       240    1.3138635e-25
       241    4.6436833e-26
       242    1.6412769e-26
       243    5.8010697e-27
       244    2.0504132e-27
       245    7.2473904e-28
       246    2.5617049e-28
       247    9.0548993e-29
       248    3.2007024e-29
       249    1.1313951e-29
       250    3.9993643e-30
       251    1.4137693e-30
       252    4.9980680e-31
       253    1.7679196e-31
       254    6.2800098e-32
       255    2.3054700e-32
       256    1.0565027e-32
