         1    9.3489754e-01
         2    1.0781919e+00
         3    8.1530857e-01
         4    1.0866807e+00
         5    8.0260921e-01
         6    1.0858150e+00
         7    8.0239165e-01
         8    1.0857390e+00
         9    8.0242288e-01
        10    1.0857388e+00
        11    8.0242443e-01
        12    1.0857389e+00
        13    8.0242443e-01
        14    1.0857389e+00
        15    8.0242443e-01
        16    1.0857389e+00
        17    8.0242443e-01
        18    1.0857389e+00
        19    8.0242443e-01
        20    1.0857389e+00
        21    8.0242443e-01
        22    1.0857389e+00
        23    8.0242443e-01
        24    1.0857389e+00
        25    8.0242443e-01
        26    1.0857389e+00
        27    8.0242443e-01
        28    1.0857389e+00
        29    8.0242443e-01
        30    1.0857389e+00
        31    8.0242443e-01
        32    1.0857389e+00
        33    8.0242443e-01
        34    1.0857389e+00
        35    8.0242443e-01
        36    1.0857389e+00
        37    8.0242443e-01
        38    1.0857389e+00
        39    8.0242443e-01
        40    1.0857389e+00
        41    8.0242443e-01
        42    1.0857389e+00
        43    8.0242443e-01
        44    1.0857389e+00
        45    8.0242443e-01
        46    1.0857389e+00
        47    8.0242443e-01
        48    1.0857389e+00
        49    8.0242443e-01
        50    1.0857389e+00
        51    8.0242443e-01
        52    1.0857389e+00
        53    8.0242443e-01
        54    1.0857389e+00
        55    8.0242443e-01
        56    1.0857389e+00
        57    8.0242443e-01
        58    1.0857389e+00
        59    8.0242443e-01
        60    1.0857389e+00
        61    8.0242443e-01
        62    1.0857389e+00
        63    8.0242443e-01
        64    1.0857389e+00
        65    8.0242443e-01
        66    1.0857389e+00
        67    8.0242443e-01
        68    1.0857389e+00
        69    8.0242443e-01
        70    1.0857389e+00
        71    8.0242443e-01
        72    1.0857389e+00
        73    8.0242443e-01
        74    1.0857389e+00
        75    8.0242443e-01
        76    1.0857389e+00
        77    8.0242443e-01
        78    1.0857389e+00
        79    8.0242443e-01
        80    1.0857389e+00
        81    8.0242443e-01
        82    1.0857389e+00
        83    8.0242443e-01
        84    1.0857389e+00
        85    8.0242443e-01
        86    1.0857389e+00
        87    8.0242443e-01
        88    1.0857389e+00
        89    8.0242443e-01
        90    1.0857389e+00
        91    8.0242443e-01
        92    1.0857389e+00
        93    8.0242443e-01
        94    1.0857389e+00
        95    8.0242443e-01
        96    1.0857389e+00
        97    8.0242443e-01
        98    1.0857389e+00
        99    8.0242443e-01
       100    1.0857389e+00
       101    8.0242443e-01
       102    1.0857389e+00
       103    8.0242443e-01
       104    1.0857389e+00
       105    8.0242443e-01
       106    1.0857389e+00
       107    8.0242443e-01
       108    1.0857389e+00
       109    8.0242443e-01
       110    1.0857389e+00
       111    8.0242443e-01
       112    1.0857389e+00
       113    8.0242443e-01
       114    1.0857389e+00
       115    8.0242443e-01
       116    1.0857389e+00
       117    8.0242443e-01
       118    1.0857389e+00
       119    8.0242443e-01
       120    1.0857389e+00
       121    8.0242443e-01
       122    1.0857389e+00
       123    8.0242443e-01
       124    1.0857389e+00
       125    8.0242443e-01
       126    1.0857389e+00
       127    8.0242443e-01
       128    1.0857389e+00
       129    8.0242443e-01
       130    1.0857389e+00
       131    8.0242443e-01
       132    1.0857389e+00
       133    8.0242443e-01
       134    1.0857389e+00
       135    8.0242443e-01
       136    1.0857389e+00
       137    8.0242467e-01
       138    1.0857389e+00
       139    8.0242431e-01
       140    1.0857387e+00
       141    8.0242240e-01
       142    1.0857415e+00
       143    8.0243874e-01
       144    1.0857185e+00
       145    8.0235064e-01
       146    1.0857099e+00
       147    8.0136007e-01
       148    1.0874209e+00
       149    8.0738544e-01
       150    1.0902789e+00
       151    8.7145156e-01
       152    1.0546972e+00
       153    9.6879077e-01
       154    1.0091990e+00
       155    9.9421555e-01
       156    9.9116725e-01
       157    9.6750915e-01
       158    8.9275807e-01
       159    6.8449080e-01
       160    3.6137998e-01
       161    1.4438899e-01
       162    5.0963119e-02
       163    1.7121933e-02
       164    5.6289788e-03
       165    1.8283320e-03
       166    5.8870029e-04
       167    1.8814807e-04
       168    5.9718419e-05
       169    1.8829456e-05
       170    5.8986761e-06
       171    1.8361038e-06
       172    5.6791964e-07
       173    1.7455488e-07
       174    5.3312817e-08
       175    1.6179966e-08
       176    4.8792872e-09
       177    1.4620102e-09
       178    4.3525028e-10
       179    1.2873594e-10
       180    3.7827588e-11
       181    1.1041825e-11
       182    3.2016321e-12
       183    9.2209389e-13
       184    2.6377105e-13
       185    7.4938157e-14
       186    2.1143589e-14
       187    5.9242187e-15
       188    1.6483047e-15
       189    4.5538233e-16
       190    1.2491831e-16
       191    3.4022554e-17
       192    9.1998151e-18
       193    2.4696979e-18
       194    6.5817727e-19
       195    1.7412410e-19
       196    4.5727239e-20
       197    1.1919962e-20
       198    3.0842027e-21
       199    7.9207052e-22
       200    2.0189387e-22
       201    5.1074780e-23
       202    1.2823311e-23
       203    3.1951464e-24
       204    7.9006934e-25
       205    1.9387009e-25
       206    4.7207960e-26
       207    1.1406867e-26
       208    2.7349688e-27
       209    6.5067139e-28
       210    1.5359708e-28
       211    3.5975342e-29
       212    8.3602008e-30
       213    1.9275580e-30
       214    4.4092676e-31
       215    1.0006523e-31
       216    2.2529278e-32
       217    5.0320885e-33
       218    1.1150031e-33
       219    2.4508701e-34
       220    5.3440522e-35
       221    1.1558903e-35
       222    2.4799717e-36
       223    5.2777452e-37
       224    1.1140522e-37
       225    2.3323549e-38
       226    4.8425652e-39
       227    9.9694398e-40
       228    2.0343070e-40
       229    4.1111294e-41
       230    8.2130103e-42
       231    1.6142958e-42
       232    3.0828566e-43
       233    5.4650640e-44
       234    8.4077908e-45
       235    1.4012985e-45
       236    0.0000000e+00
       237    0.0000000e+00
       238    0.0000000e+00
       239    0.0000000e+00
       240    0.0000000e+00
       241    0.0000000e+00
       242    0.0000000e+00
       243    0.0000000e+00
       244    0.0000000e+00
       245    0.0000000e+00
       246    0.0000000e+00
       247    0.0000000e+00
       248    0.0000000e+00
       249    0.0000000e+00
       250    0.0000000e+00
       251    0.0000000e+00
       252    0.0000000e+00
       253    0.0000000e+00
       254    0.0000000e+00
       255    0.0000000e+00
       256    0.0000000e+00
