         1    9.3489754e-01
         2    1.0781919e+00
         3    8.1530869e-01
         4    1.0866808e+00
         5    8.0260932e-01
         6    1.0858151e+00
         7    8.0239171e-01
         8    1.0857391e+00
         9    8.0242306e-01
        10    1.0857388e+00
        11    8.0242467e-01
        12    1.0857389e+00
        13    8.0242467e-01
        14    1.0857389e+00
        15    8.0242461e-01
        16    1.0857389e+00
        17    8.0242455e-01
        18    1.0857389e+00
        19    8.0242455e-01
        20    1.0857389e+00
        21    8.0242455e-01
        22    1.0857389e+00
        23    8.0242443e-01
        24    1.0857389e+00
        25    8.0242443e-01
        26    1.0857389e+00
        27    8.0242443e-01
        28    1.0857389e+00
        29    8.0242443e-01
        30    1.0857389e+00
        31    8.0242443e-01
        32    1.0857389e+00
        33    8.0242443e-01
        34    1.0857389e+00
        35    8.0242443e-01
        36    1.0857389e+00
        37    8.0242443e-01
        38    1.0857389e+00
        39    8.0242443e-01
        40    1.0857389e+00
        41    8.0242443e-01
        42    1.0857389e+00
        43    8.0242443e-01
        44    1.0857389e+00
        45    8.0242443e-01
        46    1.0857389e+00
        47    8.0242443e-01
        48    1.0857389e+00
        49    8.0242443e-01
        50    1.0857389e+00
        51    8.0242443e-01
        52    1.0857389e+00
        53    8.0242443e-01
        54    1.0857389e+00
        55    8.0242443e-01
        56    1.0857389e+00
        57    8.0242443e-01
        58    1.0857389e+00
        59    8.0242455e-01
        60    1.0857390e+00
        61    8.0242479e-01
        62    1.0857387e+00
        63    8.0242360e-01
        64    1.0857391e+00
        65    8.0242348e-01
        66    1.0857409e+00
        67    8.0245006e-01
        68    1.0856912e+00
        69    8.0212367e-01
        70    1.0859054e+00
        71    8.0120826e-01
        72    1.0890530e+00
        73    8.1910706e-01
        74    1.0856854e+00
        75    9.0918303e-01
        76    1.0363357e+00
        77    9.8290890e-01
        78    1.0054767e+00
        79    9.9794298e-01
        80    9.9934024e-01
        81    9.9600518e-01
        82    9.8656774e-01
        83    9.5456803e-01
        84    8.5405666e-01
        85    5.9741646e-01
        86    2.8758857e-01
        87    1.1011854e-01
        88    3.8323909e-02
        89    1.2842530e-02
        90    4.2297770e-03
        91    1.3784982e-03
        92    4.4544353e-04
        93    1.4277468e-04
        94    4.5385066e-05
        95    1.4302856e-05
        96    4.4667850e-06
        97    1.3817723e-06
        98    4.2320909e-07
        99    1.2828184e-07
       100    3.8467203e-08
       101    1.1406828e-08
       102    3.3437386e-09
       103    9.6860653e-10
       104    2.7718824e-10
       105    7.8340945e-11
       106    2.1861117e-11
       107    6.0216641e-12
       108    1.6368914e-12
       109    4.3902328e-13
       110    1.1615313e-13
       111    3.0308665e-14
       112    7.7986052e-15
       113    1.9783706e-15
       114    4.9473077e-16
       115    1.2193673e-16
       116    2.9617017e-17
       117    7.0880834e-18
       118    1.6712416e-18
       119    3.8816546e-19
       120    8.8798963e-20
       121    2.0005996e-20
       122    4.4383660e-21
       123    9.6949849e-22
       124    2.0848937e-22
       125    4.4135285e-23
       126    9.1961547e-24
       127    1.8858130e-24
       128    3.8055488e-25
       129    7.5564284e-26
       130    1.4762198e-26
       131    2.8371045e-27
       132    5.3634477e-28
       133    9.9726711e-29
       134    1.8236104e-29
       135    3.2791350e-30
       136    5.7975800e-31
       137    1.0077367e-31
       138    1.7219188e-32
       139    2.8919775e-33
       140    4.7735843e-34
       141    7.7430416e-35
       142    1.2340848e-35
       143    1.9323806e-36
       144    2.9723596e-37
       145    4.4907188e-38
       146    6.6631266e-39
       147    9.7077894e-40
       148    1.3884906e-40
       149    1.9486456e-41
       150    2.6778814e-42
       151    3.5873241e-43
       152    4.6242849e-44
       153    4.2038954e-45
       154    0.0000000e+00
       155    0.0000000e+00
       156    0.0000000e+00
       157    0.0000000e+00
       158    0.0000000e+00
       159    0.0000000e+00
       160    0.0000000e+00
       161    0.0000000e+00
       162    0.0000000e+00
       163    0.0000000e+00
       164    0.0000000e+00
       165    0.0000000e+00
       166    0.0000000e+00
       167    0.0000000e+00
       168    0.0000000e+00
       169    0.0000000e+00
       170    0.0000000e+00
       171    0.0000000e+00
       172    0.0000000e+00
       173    0.0000000e+00
       174    0.0000000e+00
       175    0.0000000e+00
       176    0.0000000e+00
       177    0.0000000e+00
       178    0.0000000e+00
       179    0.0000000e+00
       180    0.0000000e+00
       181    0.0000000e+00
       182    0.0000000e+00
       183    0.0000000e+00
       184    0.0000000e+00
       185    0.0000000e+00
       186    0.0000000e+00
       187    0.0000000e+00
       188    0.0000000e+00
       189    0.0000000e+00
       190    0.0000000e+00
       191    0.0000000e+00
       192    0.0000000e+00
       193    0.0000000e+00
       194    0.0000000e+00
       195    0.0000000e+00
       196    0.0000000e+00
       197    0.0000000e+00
       198    0.0000000e+00
       199    0.0000000e+00
       200    0.0000000e+00
       201    0.0000000e+00
       202    0.0000000e+00
       203    0.0000000e+00
       204    0.0000000e+00
       205    0.0000000e+00
       206    0.0000000e+00
       207    0.0000000e+00
       208    0.0000000e+00
       209    0.0000000e+00
       210    0.0000000e+00
       211    0.0000000e+00
       212    0.0000000e+00
       213    0.0000000e+00
       214    0.0000000e+00
       215    0.0000000e+00
       216    0.0000000e+00
       217    0.0000000e+00
       218    0.0000000e+00
       219    0.0000000e+00
       220    0.0000000e+00
       221    0.0000000e+00
       222    0.0000000e+00
       223    0.0000000e+00
       224    0.0000000e+00
       225    0.0000000e+00
       226    0.0000000e+00
       227    0.0000000e+00
       228    0.0000000e+00
       229    0.0000000e+00
       230    0.0000000e+00
       231    0.0000000e+00
       232    0.0000000e+00
       233    0.0000000e+00
       234    0.0000000e+00
       235    0.0000000e+00
       236    0.0000000e+00
       237    0.0000000e+00
       238    0.0000000e+00
       239    0.0000000e+00
       240    0.0000000e+00
       241    0.0000000e+00
       242    0.0000000e+00
       243    0.0000000e+00
       244    0.0000000e+00
       245    0.0000000e+00
       246    0.0000000e+00
       247    0.0000000e+00
       248    0.0000000e+00
       249    0.0000000e+00
       250    0.0000000e+00
       251    0.0000000e+00
       252    0.0000000e+00
       253    0.0000000e+00
       254    0.0000000e+00
       255    0.0000000e+00
       256    0.0000000e+00
