         1    9.3489754e-01
         2    1.0781919e+00
         3    8.1530857e-01
         4    1.0866807e+00
         5    8.0260921e-01
         6    1.0858150e+00
         7    8.0239165e-01
         8    1.0857390e+00
         9    8.0242288e-01
        10    1.0857388e+00
        11    8.0242443e-01
        12    1.0857389e+00
        13    8.0242443e-01
        14    1.0857389e+00
        15    8.0242443e-01
        16    1.0857389e+00
        17    8.0242443e-01
        18    1.0857389e+00
        19    8.0242443e-01
        20    1.0857389e+00
        21    8.0242443e-01
        22    1.0857389e+00
        23    8.0242443e-01
        24    1.0857389e+00
        25    8.0242443e-01
        26    1.0857389e+00
        27    8.0242443e-01
        28    1.0857389e+00
        29    8.0242443e-01
        30    1.0857389e+00
        31    8.0242443e-01
        32    1.0857389e+00
        33    8.0242443e-01
        34    1.0857389e+00
        35    8.0242443e-01
        36    1.0857389e+00
        37    8.0242443e-01
        38    1.0857389e+00
        39    8.0242443e-01
        40    1.0857389e+00
        41    8.0242443e-01
        42    1.0857389e+00
        43    8.0242443e-01
        44    1.0857389e+00
        45    8.0242443e-01
        46    1.0857389e+00
        47    8.0242443e-01
        48    1.0857389e+00
        49    8.0242443e-01
        50    1.0857389e+00
        51    8.0242443e-01
        52    1.0857389e+00
        53    8.0242443e-01
        54    1.0857389e+00
        55    8.0242443e-01
        56    1.0857389e+00
        57    8.0242443e-01
        58    1.0857389e+00
        59    8.0242443e-01
        60    1.0857389e+00
        61    8.0242443e-01
        62    1.0857389e+00
        63    8.0242443e-01
        64    1.0857389e+00
        65    8.0242443e-01
        66    1.0857389e+00
        67    8.0242443e-01
        68    1.0857389e+00
        69    8.0242443e-01
        70    1.0857389e+00
        71    8.0242443e-01
        72    1.0857389e+00
        73    8.0242443e-01
        74    1.0857389e+00
        75    8.0242443e-01
        76    1.0857389e+00
        77    8.0242443e-01
        78    1.0857389e+00
        79    8.0242443e-01
        80    1.0857389e+00
        81    8.0242443e-01
        82    1.0857389e+00
        83    8.0242443e-01
        84    1.0857389e+00
        85    8.0242443e-01
        86    1.0857389e+00
        87    8.0242443e-01
        88    1.0857389e+00
        89    8.0242443e-01
        90    1.0857389e+00
        91    8.0242443e-01
        92    1.0857389e+00
        93    8.0242443e-01
        94    1.0857389e+00
        95    8.0242443e-01
        96    1.0857389e+00
        97    8.0242443e-01
        98    1.0857389e+00
        99    8.0242461e-01
       100    1.0857389e+00
       101    8.0242455e-01
       102    1.0857387e+00
       103    8.0242229e-01
       104    1.0857415e+00
       105    8.0243731e-01
       106    1.0857217e+00
       107    8.0237079e-01
       108    1.0856931e+00
       109    8.0140662e-01
       110    1.0872250e+00
       111    8.0616939e-01
       112    1.0905985e+00
       113    8.6511004e-01
       114    1.0586191e+00
       115    9.6452713e-01
       116    1.0116967e+00
       117    9.9511105e-01
       118    9.9769080e-01
       119    9.8833472e-01
       120    9.6127158e-01
       121    8.7349677e-01
       122    6.3884073e-01
       123    3.2032591e-01
       124    1.2481034e-01
       125    4.3635592e-02
       126    1.4610032e-02
       127    4.7968868e-03
       128    1.5570107e-03
       129    5.0101790e-04
       130    1.5997914e-04
       131    5.0706731e-05
       132    1.5955071e-05
       133    4.9837417e-06
       134    1.5452734e-06
       135    4.7555829e-07
       136    1.4524396e-07
       137    4.4018002e-08
       138    1.3235494e-08
       139    3.9478989e-09
       140    1.1680106e-09
       141    3.4270653e-10
       142    9.9709033e-11
       143    2.8762527e-11
       144    8.2251948e-12
       145    2.3315278e-12
       146    6.5503045e-13
       147    1.8237381e-13
       148    5.0315248e-14
       149    1.3754068e-14
       150    3.7249248e-15
       151    9.9935806e-16
       152    2.6558668e-16
       153    6.9909944e-17
       154    1.8225806e-17
       155    4.7056403e-18
       156    1.2031100e-18
       157    3.0459173e-19
       158    7.6353669e-20
       159    1.8950225e-20
       160    4.6563568e-21
       161    1.1326641e-21
       162    2.7274403e-22
       163    6.5010822e-23
       164    1.5338039e-23
       165    3.5816746e-24
       166    8.2777660e-25
       167    1.8933460e-25
       168    4.2856453e-26
       169    9.5995682e-27
       170    2.1277304e-27
       171    4.6665013e-28
       172    1.0126439e-28
       173    2.1741703e-29
       174    4.6183078e-30
       175    9.7052312e-31
       176    2.0176411e-31
       177    4.1493328e-32
       178    8.4409311e-33
       179    1.6984846e-33
       180    3.3804426e-34
       181    6.6543771e-35
       182    1.2955210e-35
       183    2.4943974e-36
       184    4.7495364e-37
       185    8.9429242e-38
       186    1.6650380e-38
       187    3.0651064e-39
       188    5.5778685e-40
       189    1.0030354e-40
       190    1.7803497e-41
       191    3.1094813e-42
       192    5.2969082e-43
       193    8.5479206e-44
       194    1.1210388e-44
       195    1.4012985e-45
       196    0.0000000e+00
       197    0.0000000e+00
       198    0.0000000e+00
       199    0.0000000e+00
       200    0.0000000e+00
       201    0.0000000e+00
       202    0.0000000e+00
       203    0.0000000e+00
       204    0.0000000e+00
       205    0.0000000e+00
       206    0.0000000e+00
       207    0.0000000e+00
       208    0.0000000e+00
       209    0.0000000e+00
       210    0.0000000e+00
       211    0.0000000e+00
       212    0.0000000e+00
       213    0.0000000e+00
       214    0.0000000e+00
       215    0.0000000e+00
       216    0.0000000e+00
       217    0.0000000e+00
       218    0.0000000e+00
       219    0.0000000e+00
       220    0.0000000e+00
       221    0.0000000e+00
       222    0.0000000e+00
       223    0.0000000e+00
       224    0.0000000e+00
       225    0.0000000e+00
       226    0.0000000e+00
       227    0.0000000e+00
       228    0.0000000e+00
       229    0.0000000e+00
       230    0.0000000e+00
       231    0.0000000e+00
       232    0.0000000e+00
       233    0.0000000e+00
       234    0.0000000e+00
       235    0.0000000e+00
       236    0.0000000e+00
       237    0.0000000e+00
       238    0.0000000e+00
       239    0.0000000e+00
       240    0.0000000e+00
       241    0.0000000e+00
       242    0.0000000e+00
       243    0.0000000e+00
       244    0.0000000e+00
       245    0.0000000e+00
       246    0.0000000e+00
       247    0.0000000e+00
       248    0.0000000e+00
       249    0.0000000e+00
       250    0.0000000e+00
       251    0.0000000e+00
       252    0.0000000e+00
       253    0.0000000e+00
       254    0.0000000e+00
       255    0.0000000e+00
       256    0.0000000e+00
