         1    9.3489754e-01
         2    1.0781919e+00
         3    8.1530857e-01
         4    1.0866807e+00
         5    8.0260921e-01
         6    1.0858151e+00
         7    8.0239159e-01
         8    1.0857390e+00
         9    8.0242288e-01
        10    1.0857388e+00
        11    8.0242443e-01
        12    1.0857389e+00
        13    8.0242443e-01
        14    1.0857389e+00
        15    8.0242443e-01
        16    1.0857389e+00
        17    8.0242443e-01
        18    1.0857389e+00
        19    8.0242443e-01
        20    1.0857389e+00
        21    8.0242443e-01
        22    1.0857389e+00
        23    8.0242443e-01
        24    1.0857389e+00
        25    8.0242443e-01
        26    1.0857389e+00
        27    8.0242443e-01
        28    1.0857389e+00
        29    8.0242443e-01
        30    1.0857389e+00
        31    8.0242443e-01
        32    1.0857389e+00
        33    8.0242443e-01
        34    1.0857389e+00
        35    8.0242443e-01
        36    1.0857389e+00
        37    8.0242443e-01
        38    1.0857389e+00
        39    8.0242443e-01
        40    1.0857389e+00
        41    8.0242443e-01
        42    1.0857389e+00
        43    8.0242443e-01
        44    1.0857389e+00
        45    8.0242443e-01
        46    1.0857389e+00
        47    8.0242443e-01
        48    1.0857389e+00
        49    8.0242443e-01
        50    1.0857389e+00
        51    8.0242443e-01
        52    1.0857389e+00
        53    8.0242443e-01
        54    1.0857389e+00
        55    8.0242443e-01
        56    1.0857389e+00
        57    8.0242443e-01
        58    1.0857389e+00
        59    8.0242443e-01
        60    1.0857389e+00
        61    8.0242443e-01
        62    1.0857389e+00
        63    8.0242443e-01
        64    1.0857389e+00
        65    8.0242443e-01
        66    1.0857389e+00
        67    8.0242443e-01
        68    1.0857389e+00
        69    8.0242443e-01
        70    1.0857389e+00
        71    8.0242443e-01
        72    1.0857389e+00
        73    8.0242443e-01
        74    1.0857389e+00
        75    8.0242443e-01
        76    1.0857389e+00
        77    8.0242443e-01
        78    1.0857389e+00
        79    8.0242443e-01
        80    1.0857389e+00
        81    8.0242443e-01
        82    1.0857389e+00
        83    8.0242443e-01
        84    1.0857389e+00
        85    8.0242443e-01
        86    1.0857389e+00
        87    8.0242443e-01
        88    1.0857389e+00
        89    8.0242443e-01
        90    1.0857389e+00
        91    8.0242443e-01
        92    1.0857389e+00
        93    8.0242443e-01
        94    1.0857389e+00
        95    8.0242443e-01
        96    1.0857389e+00
        97    8.0242443e-01
        98    1.0857389e+00
        99    8.0242443e-01
       100    1.0857389e+00
       101    8.0242443e-01
       102    1.0857389e+00
       103    8.0242443e-01
       104    1.0857389e+00
       105    8.0242443e-01
       106    1.0857389e+00
       107    8.0242443e-01
       108    1.0857389e+00
       109    8.0242443e-01
       110    1.0857389e+00
       111    8.0242443e-01
       112    1.0857389e+00
       113    8.0242443e-01
       114    1.0857389e+00
       115    8.0242443e-01
       116    1.0857389e+00
       117    8.0242443e-01
       118    1.0857389e+00
       119    8.0242443e-01
       120    1.0857389e+00
       121    8.0242443e-01
       122    1.0857389e+00
       123    8.0242443e-01
       124    1.0857389e+00
       125    8.0242443e-01
       126    1.0857389e+00
       127    8.0242443e-01
       128    1.0857389e+00
       129    8.0242443e-01
       130    1.0857389e+00
       131    8.0242443e-01
       132    1.0857389e+00
       133    8.0242443e-01
       134    1.0857389e+00
       135    8.0242443e-01
       136    1.0857389e+00
       137    8.0242443e-01
       138    1.0857389e+00
       139    8.0242443e-01
       140    1.0857389e+00
       141    8.0242443e-01
       142    1.0857389e+00
       143    8.0242443e-01
       144    1.0857389e+00
       145    8.0242443e-01
       146    1.0857389e+00
       147    8.0242443e-01
       148    1.0857389e+00
       149    8.0242443e-01
       150    1.0857389e+00
       151    8.0242443e-01
       152    1.0857389e+00
       153    8.0242443e-01
       154    1.0857389e+00
       155    8.0242443e-01
       156    1.0857389e+00
       157    8.0242443e-01
       158    1.0857389e+00
       159    8.0242443e-01
       160    1.0857389e+00
       161    8.0242443e-01
       162    1.0857389e+00
       163    8.0242443e-01
       164    1.0857389e+00
       165    8.0242443e-01
       166    1.0857389e+00
       167    8.0242443e-01
       168    1.0857389e+00
       169    8.0242443e-01
       170    1.0857389e+00
       171    8.0242443e-01
       172    1.0857389e+00
       173    8.0242443e-01
       174    1.0857389e+00
       175    8.0242443e-01
       176    1.0857389e+00
       177    8.0242443e-01
       178    1.0857389e+00
       179    8.0242443e-01
       180    1.0857389e+00
       181    8.0242443e-01
       182    1.0857389e+00
       183    8.0242443e-01
       184    1.0857389e+00
       185    8.0242443e-01
       186    1.0857389e+00
       187    8.0242443e-01
       188    1.0857389e+00
       189    8.0242443e-01
       190    1.0857389e+00
       191    8.0242443e-01
       192    1.0857389e+00
       193    8.0242443e-01
       194    1.0857389e+00
       195    8.0242443e-01
       196    1.0857389e+00
       197    8.0242443e-01
       198    1.0857389e+00
       199    8.0242443e-01
       200    1.0857389e+00
       201    8.0242443e-01
       202    1.0857389e+00
       203    8.0242443e-01
       204    1.0857389e+00
       205    8.0242443e-01
       206    1.0857389e+00
       207    8.0242443e-01
       208    1.0857389e+00
       209    8.0242443e-01
       210    1.0857389e+00
       211    8.0242443e-01
       212    1.0857389e+00
       213    8.0242443e-01
       214    1.0857389e+00
       215    8.0242443e-01
       216    1.0857389e+00
       217    8.0242443e-01
       218    1.0857389e+00
       219    8.0242443e-01
       220    1.0857389e+00
       221    8.0242443e-01
       222    1.0857389e+00
       223    8.0242443e-01
       224    1.0857389e+00
       225    8.0242443e-01
       226    1.0857389e+00
       227    8.0242443e-01
       228    1.0857389e+00
       229    8.0242443e-01
       230    1.0857389e+00
       231    8.0242443e-01
       232    1.0857389e+00
       233    8.0242443e-01
       234    1.0857389e+00
       235    8.0242443e-01
       236    1.0857389e+00
       237    8.0242443e-01
       238    1.0857389e+00
       239    8.0242443e-01
       240    1.0857389e+00
       241    8.0242443e-01
       242    1.0857389e+00
       243    8.0242443e-01
       244    1.0857389e+00
       245    8.0242443e-01
       246    1.0857389e+00
       247    8.0242431e-01
       248    1.0857384e+00
       249    8.0241549e-01
       250    1.0857499e+00
       251    8.0236441e-01
       252    1.0860683e+00
       253    8.0476630e-01
       254    1.0866920e+00
       255    8.5153091e-01
       256    1.0343783e+00
