         1    9.3489754e-01
         2    1.0781919e+00
         3    8.1530857e-01
         4    1.0866807e+00
         5    8.0260921e-01
         6    1.0858150e+00
         7    8.0239165e-01
         8    1.0857390e+00
         9    8.0242288e-01
        10    1.0857388e+00
        11    8.0242443e-01
        12    1.0857389e+00
        13    8.0242443e-01
        14    1.0857389e+00
        15    8.0242443e-01
        16    1.0857389e+00
        17    8.0242443e-01
        18    1.0857389e+00
        19    8.0242443e-01
        20    1.0857389e+00
        21    8.0242443e-01
        22    1.0857389e+00
        23    8.0242443e-01
        24    1.0857389e+00
        25    8.0242443e-01
        26    1.0857389e+00
        27    8.0242443e-01
        28    1.0857389e+00
        29    8.0242443e-01
        30    1.0857389e+00
        31    8.0242443e-01
        32    1.0857389e+00
        33    8.0242443e-01
        34    1.0857389e+00
        35    8.0242443e-01
        36    1.0857389e+00
        37    8.0242443e-01
        38    1.0857389e+00
        39    8.0242443e-01
        40    1.0857389e+00
        41    8.0242443e-01
        42    1.0857389e+00
        43    8.0242443e-01
        44    1.0857389e+00
        45    8.0242443e-01
        46    1.0857389e+00
        47    8.0242443e-01
        48    1.0857389e+00
        49    8.0242443e-01
        50    1.0857389e+00
        51    8.0242443e-01
        52    1.0857389e+00
        53    8.0242443e-01
        54    1.0857389e+00
        55    8.0242443e-01
        56    1.0857389e+00
        57    8.0242443e-01
        58    1.0857389e+00
        59    8.0242443e-01
        60    1.0857389e+00
        61    8.0242443e-01
        62    1.0857389e+00
        63    8.0242443e-01
        64    1.0857389e+00
        65    8.0242443e-01
        66    1.0857389e+00
        67    8.0242443e-01
        68    1.0857389e+00
        69    8.0242443e-01
        70    1.0857389e+00
        71    8.0242443e-01
        72    1.0857389e+00
        73    8.0242443e-01
        74    1.0857389e+00
        75    8.0242443e-01
        76    1.0857389e+00
        77    8.0242443e-01
        78    1.0857389e+00
        79    8.0242443e-01
        80    1.0857389e+00
        81    8.0242443e-01
        82    1.0857389e+00
        83    8.0242443e-01
        84    1.0857389e+00
        85    8.0242443e-01
        86    1.0857389e+00
        87    8.0242443e-01
        88    1.0857389e+00
        89    8.0242443e-01
        90    1.0857389e+00
        91    8.0242443e-01
        92    1.0857389e+00
        93    8.0242443e-01
        94    1.0857389e+00
        95    8.0242443e-01
        96    1.0857389e+00
        97    8.0242443e-01
        98    1.0857389e+00
        99    8.0242443e-01
       100    1.0857389e+00
       101    8.0242443e-01
       102    1.0857389e+00
       103    8.0242443e-01
       104    1.0857389e+00
       105    8.0242443e-01
       106    1.0857389e+00
       107    8.0242443e-01
       108    1.0857389e+00
       109    8.0242443e-01
       110    1.0857389e+00
       111    8.0242443e-01
       112    1.0857389e+00
       113    8.0242443e-01
       114    1.0857389e+00
       115    8.0242443e-01
       116    1.0857389e+00
       117    8.0242443e-01
       118    1.0857389e+00
       119    8.0242443e-01
       120    1.0857389e+00
       121    8.0242443e-01
       122    1.0857389e+00
       123    8.0242443e-01
       124    1.0857389e+00
       125    8.0242443e-01
       126    1.0857389e+00
       127    8.0242443e-01
       128    1.0857389e+00
       129    8.0242443e-01
       130    1.0857389e+00
       131    8.0242443e-01
       132    1.0857389e+00
       133    8.0242443e-01
       134    1.0857389e+00
       135    8.0242443e-01
       136    1.0857389e+00
       137    8.0242443e-01
       138    1.0857389e+00
       139    8.0242443e-01
       140    1.0857389e+00
       141    8.0242443e-01
       142    1.0857389e+00
       143    8.0242443e-01
       144    1.0857389e+00
       145    8.0242443e-01
       146    1.0857389e+00
       147    8.0242443e-01
       148    1.0857389e+00
       149    8.0242443e-01
       150    1.0857389e+00
       151    8.0242443e-01
       152    1.0857389e+00
       153    8.0242443e-01
       154    1.0857389e+00
       155    8.0242443e-01
       156    1.0857389e+00
       157    8.0242443e-01
       158    1.0857389e+00
       159    8.0242443e-01
       160    1.0857389e+00
       161    8.0242443e-01
       162    1.0857389e+00
       163    8.0242443e-01
       164    1.0857389e+00
       165    8.0242443e-01
       166    1.0857389e+00
       167    8.0242443e-01
       168    1.0857389e+00
       169    8.0242443e-01
       170    1.0857389e+00
       171    8.0242443e-01
       172    1.0857389e+00
       173    8.0242455e-01
       174    1.0857389e+00
       175    8.0242467e-01
       176    1.0857387e+00
       177    8.0242372e-01
       178    1.0857393e+00
       179    8.0242372e-01
       180    1.0857404e+00
       181    8.0244648e-01
       182    1.0856977e+00
       183    8.0217469e-01
       184    1.0858717e+00
       185    8.0125368e-01
       186    1.0887456e+00
       187    8.1722748e-01
       188    1.0863434e+00
       189    9.0577775e-01
       190    1.0366286e+00
       191    9.8291552e-01
       192    1.0025039e+00
       193    9.9108857e-01
       194    9.7379309e-01
       195    9.1129565e-01
       196    7.3252976e-01
       197    4.1173863e-01
       198    1.7009458e-01
       199    6.0850546e-02
       200    2.0558530e-02
       201    6.7787971e-03
       202    2.2066743e-03
       203    7.1204582e-04
       204    2.2810281e-04
       205    7.2594186e-05
       206    2.2960439e-05
       207    7.2188286e-06
       208    2.2564866e-06
       209    7.0134354e-07
       210    2.1677022e-07
       211    6.6629639e-08
       212    2.0368264e-08
       213    6.1925887e-09
       214    1.8725317e-09
       215    5.6315458e-10
       216    1.6844827e-10
       217    5.0112040e-11
       218    1.4826815e-11
       219    4.3629059e-12
       220    1.2767813e-12
       221    3.7158601e-13
       222    1.0754567e-13
       223    3.0953186e-14
       224    8.8589939e-15
       225    2.5212592e-15
       226    7.1349709e-16
       227    2.0076867e-16
       228    5.6171533e-17
       229    1.5625753e-17
       230    4.3217317e-18
       231    1.1883792e-18
       232    3.2487855e-19
       233    8.8296709e-20
       234    2.3856928e-20
       235    6.4079654e-21
       236    1.7110041e-21
       237    4.5414760e-22
       238    1.1982517e-22
       239    3.1426395e-23
       240    8.1927039e-24
       241    2.1229357e-24
       242    5.4678242e-25
       243    1.3997538e-25
       244    3.5615551e-26
       245    9.0067963e-27
       246    2.2637876e-27
       247    5.6549357e-28
       248    1.4039081e-28
       249    3.4638663e-29
       250    8.4935166e-30
       251    2.0697157e-30
       252    5.0121527e-31
       253    1.2062453e-31
       254    2.8866776e-32
       255    6.9439272e-33
       256    1.9988516e-33
