         1    1.0000000e+00
         2    1.0000000e+00
         3    1.0000000e+00
         4    1.0000000e+00
         5    1.0000000e+00
         6    1.0000000e+00
         7    1.0000000e+00
         8    1.0000000e+00
         9    1.0000000e+00
        10    1.0000000e+00
        11    1.0000000e+00
        12    1.0000000e+00
        13    1.0000000e+00
        14    1.0000000e+00
        15    1.0000000e+00
        16    1.0000000e+00
        17    1.0000000e+00
        18    1.0000000e+00
        19    1.0000000e+00
        20    1.0000000e+00
        21    1.0000000e+00
        22    1.0000000e+00
        23    1.0000000e+00
        24    1.0000000e+00
        25    1.0000000e+00
        26    1.0000000e+00
        27    1.0000000e+00
        28    1.0000000e+00
        29    1.0000000e+00
        30    1.0000000e+00
        31    1.0000000e+00
        32    1.0000000e+00
        33    1.0000000e+00
        34    1.0000000e+00
        35    1.0000000e+00
        36    1.0000000e+00
        37    1.0000000e+00
        38    1.0000000e+00
        39    1.0000000e+00
        40    1.0000000e+00
        41    1.0000000e+00
        42    1.0000000e+00
        43    1.0000000e+00
        44    1.0000000e+00
        45    1.0000000e+00
        46    1.0000000e+00
        47    1.0000000e+00
        48    1.0000000e+00
        49    1.0000000e+00
        50    1.0000000e+00
        51    1.0000000e+00
        52    1.0000000e+00
        53    1.0000000e+00
        54    1.0000000e+00
        55    1.0000000e+00
        56    1.0000000e+00
        57    1.0000000e+00
        58    1.0000000e+00
        59    1.0000000e+00
        60    1.0000000e+00
        61    1.0000000e+00
        62    1.0000000e+00
        63    1.0000000e+00
        64    1.0000000e+00
        65    1.0000000e+00
        66    1.0000000e+00
        67    1.0000000e+00
        68    1.0000000e+00
        69    1.0000000e+00
        70    1.0000000e+00
        71    1.0000000e+00
        72    1.0000000e+00
        73    1.0000000e+00
        74    1.0000000e+00
        75    1.0000000e+00
        76    1.0000000e+00
        77    1.0000000e+00
        78    1.0000000e+00
        79    1.0000000e+00
        80    1.0000000e+00
        81    1.0000000e+00
        82    1.0000000e+00
        83    1.0000000e+00
        84    1.0000000e+00
        85    1.0000000e+00
        86    1.0000000e+00
        87    1.0000000e+00
        88    1.0000000e+00
        89    1.0000000e+00
        90    1.0000000e+00
        91    1.0000000e+00
        92    1.0000000e+00
        93    1.0000000e+00
        94    1.0000000e+00
        95    1.0000000e+00
        96    1.0000000e+00
        97    1.0000000e+00
        98    1.0000000e+00
        99    1.0000000e+00
       100    1.0000000e+00
       101    1.0000000e+00
       102    1.0000000e+00
       103    1.0000000e+00
       104    1.0000000e+00
       105    1.0000000e+00
       106    1.0000000e+00
       107    1.0000000e+00
       108    1.0000000e+00
       109    1.0000000e+00
       110    1.0000000e+00
       111    1.0000000e+00
       112    1.0000000e+00
       113    1.0000000e+00
       114    1.0000000e+00
       115    1.0000000e+00
       116    1.0000000e+00
       117    1.0000000e+00
       118    1.0000000e+00
       119    1.0000000e+00
       120    1.0000000e+00
       121    1.0000000e+00
       122    1.0000000e+00
       123    1.0000000e+00
       124    1.0000000e+00
       125    1.0000000e+00
       126    1.0000000e+00
       127    1.0000000e+00
       128    1.0000000e+00
       129    1.0000000e+00
       130    1.0000000e+00
       131    1.0000000e+00
       132    1.0000000e+00
       133    1.0000000e+00
       134    1.0000000e+00
       135    1.0000000e+00
       136    1.0000000e+00
       137    1.0000000e+00
       138    1.0000000e+00
       139    1.0000000e+00
       140    1.0000000e+00
       141    1.0000000e+00
       142    1.0000000e+00
       143    9.9999988e-01
       144    9.9999982e-01
       145    9.9999928e-01
       146    9.9999797e-01
       147    9.9999392e-01
       148    9.9998164e-01
       149    9.9994493e-01
       150    9.9983472e-01
       151    9.9950379e-01
       152    9.9851143e-01
       153    9.9554014e-01
       154    9.8668891e-01
       155    9.6075737e-01
       156    8.8852906e-01
       157    7.1471643e-01
       158    4.3045634e-01
       159    1.9463789e-01
       160    7.5680949e-02
       161    2.7685754e-02
       162    9.9022342e-03
       163    3.5131788e-03
       164    1.2428701e-03
       165    4.3925532e-04
       166    1.5518870e-04
       167    5.4822147e-05
       168    1.9366027e-05
       169    6.8411055e-06
       170    2.4166723e-06
       171    8.5372216e-07
       172    3.0159435e-07
       173    1.0654622e-07
       174    3.7640984e-08
       175    1.3298180e-08
       176    4.6982027e-09
       177    1.6598912e-09
       178    5.8645649e-10
       179    2.0720509e-10
       180    7.3210493e-11
       181    2.5867516e-11
       182    9.1399657e-12
       183    3.2295568e-12
       184    1.1411686e-12
       185    4.0324154e-13
       186    1.4249161e-13
       187    5.0352609e-14
       188    1.7793577e-14
       189    6.2880113e-15
       190    2.2221435e-15
       191    7.8530743e-16
       192    2.7753392e-16
       193    9.8084721e-17
       194    3.4665346e-17
       195    1.2251766e-17
       196    4.3302289e-18
       197    1.5304954e-18
       198    5.4095642e-19
       199    1.9120609e-19
       200    6.7584999e-20
       201    2.3889563e-20
       202    8.4445277e-21
       203    2.9850519e-21
       204    1.0552074e-21
       205    3.7302094e-22
       206    1.3186762e-22
       207    4.6617899e-23
       208    1.6480746e-23
       209    5.8265397e-24
       210    2.0599389e-24
       211    7.2829581e-25
       212    2.5749643e-25
       213    9.1042585e-26
       214    3.2190517e-26
       215    1.1382075e-26
       216    4.0246220e-27
       217    1.4231119e-27
       218    5.0322633e-28
       219    1.7795002e-28
       220    6.2927901e-29
       221    2.2253537e-29
       222    7.8698320e-30
       223    2.7831886e-30
       224    9.8430715e-31
       225    3.4812051e-31
       226    1.2312311e-31
       227    4.3547240e-32
       228    1.5402560e-32
       229    5.4479924e-33
       230    1.9270432e-33
       231    6.8164447e-34
       232    2.4112153e-34
       233    8.5295437e-35
       234    3.0173620e-35
       235    1.0674338e-35
       236    3.7763007e-36
       237    1.3359935e-36
       238    4.7266604e-37
       239    1.6723105e-37
       240    5.9168684e-38
       241    2.0935321e-38
       242    7.4076448e-39
       243    2.6211596e-39
       244    9.2751385e-40
       245    3.2821633e-40
       246    1.1614802e-40
       247    4.1104288e-41
       248    1.4546879e-41
       249    5.1469693e-42
       250    1.8216880e-42
       251    6.4459729e-43
       252    2.2841165e-43
       253    7.9874012e-44
       254    2.8025969e-44
       255    9.8090893e-45
       256    2.8025969e-45
       257    0.0000000e+00
       258    0.0000000e+00
       259    0.0000000e+00
       260    0.0000000e+00
       261    0.0000000e+00
       262    0.0000000e+00
       263    0.0000000e+00
       264    0.0000000e+00
       265    0.0000000e+00
       266    0.0000000e+00
       267    0.0000000e+00
       268    0.0000000e+00
       269    0.0000000e+00
       270    0.0000000e+00
       271    0.0000000e+00
       272    0.0000000e+00
       273    0.0000000e+00
       274    0.0000000e+00
       275    0.0000000e+00
       276    0.0000000e+00
       277    0.0000000e+00
       278    0.0000000e+00
       279    0.0000000e+00
       280    0.0000000e+00
       281    0.0000000e+00
       282    0.0000000e+00
       283    0.0000000e+00
       284    0.0000000e+00
       285    0.0000000e+00
       286    0.0000000e+00
       287    0.0000000e+00
       288    0.0000000e+00
       289    0.0000000e+00
       290    0.0000000e+00
       291    0.0000000e+00
       292    0.0000000e+00
       293    0.0000000e+00
       294    0.0000000e+00
       295    0.0000000e+00
       296    0.0000000e+00
       297    0.0000000e+00
       298    0.0000000e+00
       299    0.0000000e+00
       300    0.0000000e+00
       301    0.0000000e+00
       302    0.0000000e+00
       303    0.0000000e+00
       304    0.0000000e+00
       305    0.0000000e+00
       306    0.0000000e+00
       307    0.0000000e+00
       308    0.0000000e+00
       309    0.0000000e+00
       310    0.0000000e+00
       311    0.0000000e+00
       312    0.0000000e+00
       313    0.0000000e+00
       314    0.0000000e+00
       315    0.0000000e+00
       316    0.0000000e+00
       317    0.0000000e+00
       318    0.0000000e+00
       319    0.0000000e+00
       320    0.0000000e+00
       321    0.0000000e+00
       322    0.0000000e+00
       323    0.0000000e+00
       324    0.0000000e+00
       325    0.0000000e+00
       326    0.0000000e+00
       327    0.0000000e+00
       328    0.0000000e+00
       329    0.0000000e+00
       330    0.0000000e+00
       331    0.0000000e+00
       332    0.0000000e+00
       333    0.0000000e+00
       334    0.0000000e+00
       335    0.0000000e+00
       336    0.0000000e+00
       337    0.0000000e+00
       338    0.0000000e+00
       339    0.0000000e+00
       340    0.0000000e+00
       341    0.0000000e+00
       342    0.0000000e+00
       343    0.0000000e+00
       344    0.0000000e+00
       345    0.0000000e+00
       346    0.0000000e+00
       347    0.0000000e+00
       348    0.0000000e+00
       349    0.0000000e+00
       350    0.0000000e+00
       351    0.0000000e+00
       352    0.0000000e+00
       353    0.0000000e+00
       354    0.0000000e+00
       355    0.0000000e+00
       356    0.0000000e+00
       357    0.0000000e+00
       358    0.0000000e+00
       359    0.0000000e+00
       360    0.0000000e+00
       361    0.0000000e+00
       362    0.0000000e+00
       363    0.0000000e+00
       364    0.0000000e+00
       365    0.0000000e+00
       366    0.0000000e+00
       367    0.0000000e+00
       368    0.0000000e+00
       369    0.0000000e+00
       370    0.0000000e+00
       371    0.0000000e+00
       372    0.0000000e+00
       373    0.0000000e+00
       374    0.0000000e+00
       375    0.0000000e+00
       376    0.0000000e+00
       377    0.0000000e+00
       378    0.0000000e+00
       379    0.0000000e+00
       380    0.0000000e+00
       381    0.0000000e+00
       382    0.0000000e+00
       383    0.0000000e+00
       384    0.0000000e+00
       385    0.0000000e+00
       386    0.0000000e+00
       387    0.0000000e+00
       388    0.0000000e+00
       389    0.0000000e+00
       390    0.0000000e+00
       391    0.0000000e+00
       392    0.0000000e+00
       393    0.0000000e+00
       394    0.0000000e+00
       395    0.0000000e+00
       396    0.0000000e+00
       397    0.0000000e+00
       398    0.0000000e+00
       399    0.0000000e+00
       400    0.0000000e+00
       401    0.0000000e+00
       402    0.0000000e+00
       403    0.0000000e+00
       404    0.0000000e+00
       405    0.0000000e+00
       406    0.0000000e+00
       407    0.0000000e+00
       408    0.0000000e+00
       409    0.0000000e+00
       410    0.0000000e+00
       411    0.0000000e+00
       412    0.0000000e+00
       413    0.0000000e+00
       414    0.0000000e+00
       415    0.0000000e+00
       416    0.0000000e+00
       417    0.0000000e+00
       418    0.0000000e+00
       419    0.0000000e+00
       420    0.0000000e+00
       421    0.0000000e+00
       422    0.0000000e+00
       423    0.0000000e+00
       424    0.0000000e+00
       425    0.0000000e+00
       426    0.0000000e+00
       427    0.0000000e+00
       428    0.0000000e+00
       429    0.0000000e+00
       430    0.0000000e+00
       431    0.0000000e+00
       432    0.0000000e+00
       433    0.0000000e+00
       434    0.0000000e+00
       435    0.0000000e+00
       436    0.0000000e+00
       437    0.0000000e+00
       438    0.0000000e+00
       439    0.0000000e+00
       440    0.0000000e+00
       441    0.0000000e+00
       442    0.0000000e+00
       443    0.0000000e+00
       444    0.0000000e+00
       445    0.0000000e+00
       446    0.0000000e+00
       447    0.0000000e+00
       448    0.0000000e+00
       449    0.0000000e+00
       450    0.0000000e+00
       451    0.0000000e+00
       452    0.0000000e+00
       453    0.0000000e+00
       454    0.0000000e+00
       455    0.0000000e+00
       456    0.0000000e+00
       457    0.0000000e+00
       458    0.0000000e+00
       459    0.0000000e+00
       460    0.0000000e+00
       461    0.0000000e+00
       462    0.0000000e+00
       463    0.0000000e+00
       464    0.0000000e+00
       465    0.0000000e+00
       466    0.0000000e+00
       467    0.0000000e+00
       468    0.0000000e+00
       469    0.0000000e+00
       470    0.0000000e+00
       471    0.0000000e+00
       472    0.0000000e+00
       473    0.0000000e+00
       474    0.0000000e+00
       475    0.0000000e+00
       476    0.0000000e+00
       477    0.0000000e+00
       478    0.0000000e+00
       479    0.0000000e+00
       480    0.0000000e+00
       481    0.0000000e+00
       482    0.0000000e+00
       483    0.0000000e+00
       484    0.0000000e+00
       485    0.0000000e+00
       486    0.0000000e+00
       487    0.0000000e+00
       488    0.0000000e+00
       489    0.0000000e+00
       490    0.0000000e+00
       491    0.0000000e+00
       492    0.0000000e+00
       493    0.0000000e+00
       494    0.0000000e+00
       495    0.0000000e+00
       496    0.0000000e+00
       497    0.0000000e+00
       498    0.0000000e+00
       499    0.0000000e+00
       500    0.0000000e+00
       501    0.0000000e+00
       502    0.0000000e+00
       503    0.0000000e+00
       504    0.0000000e+00
       505    0.0000000e+00
       506    0.0000000e+00
       507    0.0000000e+00
       508    0.0000000e+00
       509    0.0000000e+00
       510    0.0000000e+00
       511    0.0000000e+00
       512    0.0000000e+00
