         1    1.0000000e+00
         2    1.0000000e+00
         3    1.0000000e+00
         4    1.0000000e+00
         5    1.0000000e+00
         6    1.0000000e+00
         7    1.0000000e+00
         8    1.0000000e+00
         9    1.0000000e+00
        10    1.0000000e+00
        11    1.0000000e+00
        12    1.0000000e+00
        13    1.0000000e+00
        14    1.0000000e+00
        15    1.0000000e+00
        16    1.0000000e+00
        17    1.0000000e+00
        18    1.0000000e+00
        19    1.0000000e+00
        20    1.0000000e+00
        21    1.0000000e+00
        22    1.0000000e+00
        23    1.0000000e+00
        24    1.0000000e+00
        25    1.0000000e+00
        26    1.0000000e+00
        27    1.0000000e+00
        28    1.0000000e+00
        29    1.0000000e+00
        30    1.0000000e+00
        31    1.0000000e+00
        32    1.0000000e+00
        33    1.0000000e+00
        34    1.0000000e+00
        35    1.0000000e+00
        36    1.0000000e+00
        37    1.0000000e+00
        38    1.0000000e+00
        39    1.0000000e+00
        40    1.0000000e+00
        41    1.0000000e+00
        42    1.0000000e+00
        43    1.0000000e+00
        44    1.0000000e+00
        45    1.0000000e+00
        46    1.0000000e+00
        47    1.0000000e+00
        48    1.0000000e+00
        49    1.0000000e+00
        50    1.0000000e+00
        51    1.0000000e+00
        52    1.0000000e+00
        53    1.0000000e+00
        54    1.0000000e+00
        55    1.0000000e+00
        56    1.0000000e+00
        57    1.0000000e+00
        58    1.0000000e+00
        59    1.0000000e+00
        60    1.0000000e+00
        61    1.0000000e+00
        62    1.0000000e+00
        63    1.0000000e+00
        64    1.0000000e+00
        65    1.0000000e+00
        66    1.0000000e+00
        67    1.0000000e+00
        68    1.0000000e+00
        69    1.0000000e+00
        70    1.0000000e+00
        71    1.0000000e+00
        72    1.0000000e+00
        73    1.0000000e+00
        74    1.0000000e+00
        75    1.0000000e+00
        76    1.0000000e+00
        77    1.0000000e+00
        78    1.0000000e+00
        79    1.0000000e+00
        80    1.0000000e+00
        81    1.0000000e+00
        82    1.0000000e+00
        83    1.0000000e+00
        84    1.0000000e+00
        85    1.0000000e+00
        86    1.0000000e+00
        87    1.0000000e+00
        88    1.0000000e+00
        89    1.0000000e+00
        90    1.0000000e+00
        91    1.0000000e+00
        92    1.0000000e+00
        93    1.0000000e+00
        94    1.0000000e+00
        95    1.0000000e+00
        96    1.0000000e+00
        97    1.0000000e+00
        98    1.0000000e+00
        99    1.0000000e+00
       100    1.0000000e+00
       101    1.0000000e+00
       102    1.0000000e+00
       103    1.0000000e+00
       104    1.0000000e+00
       105    1.0000000e+00
       106    1.0000000e+00
       107    1.0000000e+00
       108    1.0000000e+00
       109    1.0000000e+00
       110    1.0000000e+00
       111    1.0000000e+00
       112    1.0000000e+00
       113    1.0000000e+00
       114    1.0000000e+00
       115    1.0000000e+00
       116    1.0000000e+00
       117    1.0000000e+00
       118    1.0000000e+00
       119    1.0000000e+00
       120    1.0000000e+00
       121    1.0000000e+00
       122    1.0000000e+00
       123    1.0000000e+00
       124    1.0000000e+00
       125    1.0000000e+00
       126    1.0000000e+00
       127    1.0000000e+00
       128    1.0000000e+00
       129    1.0000000e+00
       130    1.0000000e+00
       131    1.0000000e+00
       132    1.0000000e+00
       133    1.0000000e+00
       134    1.0000000e+00
       135    1.0000000e+00
       136    1.0000000e+00
       137    1.0000000e+00
       138    1.0000000e+00
       139    1.0000000e+00
       140    1.0000000e+00
       141    1.0000000e+00
       142    1.0000000e+00
       143    1.0000000e+00
       144    1.0000000e+00
       145    1.0000000e+00
       146    1.0000000e+00
       147    1.0000000e+00
       148    1.0000000e+00
       149    1.0000000e+00
       150    1.0000000e+00
       151    1.0000000e+00
       152    1.0000000e+00
       153    1.0000000e+00
       154    1.0000000e+00
       155    1.0000000e+00
       156    1.0000000e+00
       157    1.0000000e+00
       158    1.0000000e+00
       159    1.0000000e+00
       160    1.0000000e+00
       161    1.0000000e+00
       162    1.0000000e+00
       163    1.0000000e+00
       164    1.0000000e+00
       165    1.0000000e+00
       166    1.0000000e+00
       167    1.0000000e+00
       168    1.0000000e+00
       169    1.0000000e+00
       170    1.0000000e+00
       171    1.0000000e+00
       172    1.0000000e+00
       173    1.0000000e+00
       174    1.0000000e+00
       175    1.0000000e+00
       176    1.0000000e+00
       177    1.0000000e+00
       178    1.0000000e+00
       179    1.0000000e+00
       180    1.0000000e+00
       181    1.0000000e+00
       182    1.0000000e+00
       183    1.0000000e+00
       184    1.0000000e+00
       185    1.0000000e+00
       186    1.0000000e+00
       187    1.0000000e+00
       188    1.0000000e+00
       189    1.0000000e+00
       190    1.0000000e+00
       191    1.0000000e+00
       192    1.0000000e+00
       193    1.0000000e+00
       194    1.0000000e+00
       195    1.0000000e+00
       196    1.0000000e+00
       197    1.0000000e+00
       198    1.0000000e+00
       199    1.0000000e+00
       200    1.0000000e+00
       201    1.0000000e+00
       202    1.0000000e+00
       203    1.0000000e+00
       204    1.0000000e+00
       205    1.0000000e+00
       206    1.0000000e+00
       207    1.0000000e+00
       208    1.0000000e+00
       209    1.0000000e+00
       210    1.0000000e+00
       211    1.0000000e+00
       212    1.0000000e+00
       213    1.0000000e+00
       214    1.0000000e+00
       215    1.0000000e+00
       216    1.0000000e+00
       217    1.0000000e+00
       218    1.0000000e+00
       219    1.0000000e+00
       220    1.0000000e+00
       221    1.0000000e+00
       222    1.0000000e+00
       223    1.0000000e+00
       224    1.0000000e+00
       225    1.0000000e+00
       226    1.0000000e+00
       227    1.0000000e+00
       228    1.0000000e+00
       229    1.0000000e+00
       230    1.0000000e+00
       231    1.0000000e+00
       232    1.0000000e+00
       233    1.0000000e+00
       234    1.0000000e+00
       235    1.0000000e+00
       236    1.0000000e+00
       237    1.0000000e+00
       238    1.0000000e+00
       239    1.0000000e+00
       240    1.0000000e+00
       241    1.0000000e+00
       242    1.0000000e+00
       243    1.0000000e+00
       244    1.0000000e+00
       245    1.0000000e+00
       246    1.0000000e+00
       247    1.0000000e+00
       248    1.0000000e+00
       249    1.0000000e+00
       250    1.0000000e+00
       251    1.0000000e+00
       252    1.0000000e+00
       253    1.0000000e+00
       254    1.0000000e+00
       255    1.0000000e+00
       256    1.0000000e+00
       257    1.0000000e+00
       258    1.0000000e+00
       259    1.0000000e+00
       260    1.0000000e+00
       261    1.0000000e+00
       262    1.0000000e+00
       263    1.0000000e+00
       264    1.0000000e+00
       265    1.0000000e+00
       266    1.0000000e+00
       267    1.0000000e+00
       268    1.0000000e+00
       269    1.0000000e+00
       270    1.0000000e+00
       271    1.0000000e+00
       272    1.0000000e+00
       273    1.0000000e+00
       274    1.0000000e+00
       275    1.0000000e+00
       276    1.0000000e+00
       277    1.0000000e+00
       278    1.0000000e+00
       279    1.0000000e+00
       280    1.0000000e+00
       281    1.0000000e+00
       282    1.0000000e+00
       283    1.0000000e+00
       284    1.0000000e+00
       285    1.0000000e+00
       286    1.0000000e+00
       287    1.0000000e+00
       288    1.0000000e+00
       289    1.0000000e+00
       290    1.0000000e+00
       291    1.0000000e+00
       292    1.0000000e+00
       293    1.0000000e+00
       294    1.0000000e+00
       295    1.0000000e+00
       296    1.0000000e+00
       297    1.0000000e+00
       298    1.0000000e+00
       299    1.0000000e+00
       300    1.0000000e+00
       301    1.0000000e+00
       302    1.0000000e+00
       303    1.0000000e+00
       304    1.0000000e+00
       305    1.0000000e+00
       306    1.0000000e+00
       307    1.0000000e+00
       308    1.0000000e+00
       309    1.0000000e+00
       310    1.0000000e+00
       311    1.0000000e+00
       312    1.0000000e+00
       313    1.0000000e+00
       314    1.0000000e+00
       315    1.0000000e+00
       316    1.0000000e+00
       317    1.0000000e+00
       318    1.0000000e+00
       319    1.0000000e+00
       320    1.0000000e+00
       321    1.0000000e+00
       322    1.0000000e+00
       323    1.0000000e+00
       324    1.0000000e+00
       325    1.0000000e+00
       326    1.0000000e+00
       327    1.0000000e+00
       328    1.0000000e+00
       329    1.0000000e+00
       330    1.0000000e+00
       331    1.0000000e+00
       332    1.0000000e+00
       333    1.0000000e+00
       334    1.0000000e+00
       335    1.0000000e+00
       336    1.0000000e+00
       337    1.0000000e+00
       338    1.0000000e+00
       339    1.0000000e+00
       340    1.0000000e+00
       341    1.0000000e+00
       342    1.0000000e+00
       343    1.0000000e+00
       344    1.0000000e+00
       345    1.0000000e+00
       346    1.0000000e+00
       347    1.0000000e+00
       348    1.0000000e+00
       349    1.0000000e+00
       350    1.0000000e+00
       351    1.0000000e+00
       352    1.0000000e+00
       353    1.0000000e+00
       354    1.0000000e+00
       355    1.0000000e+00
       356    1.0000000e+00
       357    1.0000000e+00
       358    1.0000000e+00
       359    1.0000000e+00
       360    1.0000000e+00
       361    1.0000000e+00
       362    1.0000000e+00
       363    1.0000000e+00
       364    1.0000000e+00
       365    1.0000000e+00
       366    1.0000000e+00
       367    1.0000000e+00
       368    1.0000000e+00
       369    1.0000000e+00
       370    1.0000000e+00
       371    1.0000000e+00
       372    1.0000000e+00
       373    1.0000000e+00
       374    1.0000000e+00
       375    1.0000000e+00
       376    1.0000000e+00
       377    1.0000000e+00
       378    1.0000000e+00
       379    1.0000000e+00
       380    1.0000000e+00
       381    1.0000000e+00
       382    1.0000000e+00
       383    1.0000000e+00
       384    1.0000000e+00
       385    1.0000000e+00
       386    1.0000000e+00
       387    1.0000000e+00
       388    1.0000000e+00
       389    1.0000000e+00
       390    1.0000000e+00
       391    9.9999994e-01
       392    9.9999982e-01
       393    9.9999946e-01
       394    9.9999845e-01
       395    9.9999529e-01
       396    9.9998581e-01
       397    9.9995732e-01
       398    9.9987185e-01
       399    9.9961513e-01
       400    9.9884468e-01
       401    9.9653459e-01
       402    9.8963755e-01
       403    9.6932286e-01
       404    9.1181487e-01
       405    7.6657069e-01
       406    4.9785578e-01
       407    2.3751390e-01
       408    9.4572075e-02
       409    3.4904551e-02
       410    1.2521650e-02
       411    4.4462620e-03
       412    1.5730704e-03
       413    5.5583083e-04
       414    1.9630911e-04
       415    6.9321759e-05
       416    2.4477962e-05
       417    8.6431774e-06
       418    3.0518959e-06
       419    1.0776212e-06
       420    3.8050763e-07
       421    1.3435742e-07
       422    4.7441802e-08
       423    1.6751812e-08
       424    5.9151217e-09
       425    2.0886552e-09
       426    7.3751533e-10
       427    2.6042132e-10
       428    9.1956678e-11
       429    3.2470669e-11
       430    1.1465696e-11
       431    4.0486546e-12
       432    1.4296256e-12
       433    5.0481836e-13
       434    1.7825806e-13
       435    6.2945465e-14
       436    2.2227003e-14
       437    7.8487166e-15
       438    2.7715170e-15
       439    9.7867320e-16
       440    3.4558836e-16
       441    1.2203425e-16
       442    4.3092884e-17
       443    1.5217056e-17
       444    5.3734960e-18
       445    1.8975118e-18
       446    6.7005936e-19
       447    2.3661556e-19
       448    8.3555401e-20
       449    2.9505775e-20
       450    1.0419353e-20
       451    3.6793890e-21
       452    1.2993075e-21
       453    4.5882750e-22
       454    1.6202728e-22
       455    5.7217400e-23
       456    2.0205489e-23
       457    7.1352926e-24
       458    2.5197387e-24
       459    8.8981656e-25
       460    3.1422931e-25
       461    1.1096709e-25
       462    3.9187085e-26
       463    1.3838625e-26
       464    4.8870210e-27
       465    1.7258251e-27
       466    6.0946751e-28
       467    2.1523139e-28
       468    7.6008462e-29
       469    2.6842290e-29
       470    9.4793482e-30
       471    3.3476390e-30
       472    1.1822248e-30
       473    4.1750602e-31
       474    1.4744388e-31
       475    5.2070532e-32
       476    1.8389021e-32
       477    6.4942118e-33
       478    2.2934832e-33
       479    8.0996456e-34
       480    2.8604721e-34
       481    1.0102078e-34
       482    3.5676730e-35
       483    1.2599712e-35
       484    4.4497702e-36
       485    1.5715052e-36
       486    5.5500298e-37
       487    1.9600906e-37
       488    6.9224256e-38
       489    2.4447911e-38
       490    8.6342883e-39
       491    3.0493880e-39
       492    1.0769609e-39
       493    3.8035444e-40
       494    1.3433267e-40
       495    4.7443762e-41
       496    1.6756727e-41
       497    5.9190847e-42
       498    2.0907373e-42
       499    7.3848429e-43
       500    2.6204281e-43
       501    9.2485699e-44
       502    3.3631163e-44
       503    1.1210388e-44
       504    4.2038954e-45
       505    0.0000000e+00
       506    0.0000000e+00
       507    0.0000000e+00
       508    0.0000000e+00
       509    0.0000000e+00
       510    0.0000000e+00
       511    0.0000000e+00
       512    0.0000000e+00
