         1    1.0000000e+00
         2    1.0000000e+00
         3    1.0000000e+00
         4    1.0000000e+00
         5    1.0000000e+00
         6    1.0000000e+00
         7    1.0000000e+00
         8    1.0000000e+00
         9    1.0000000e+00
        10    1.0000000e+00
        11    1.0000000e+00
        12    1.0000000e+00
        13    1.0000000e+00
        14    1.0000000e+00
        15    1.0000000e+00
        16    1.0000000e+00
        17    1.0000000e+00
        18    1.0000000e+00
        19    1.0000000e+00
        20    1.0000000e+00
        21    1.0000000e+00
        22    1.0000000e+00
        23    1.0000000e+00
        24    1.0000000e+00
        25    1.0000000e+00
        26    1.0000000e+00
        27    1.0000000e+00
        28    1.0000000e+00
        29    1.0000000e+00
        30    1.0000000e+00
        31    1.0000000e+00
        32    1.0000000e+00
        33    1.0000000e+00
        34    1.0000000e+00
        35    1.0000000e+00
        36    1.0000000e+00
        37    1.0000000e+00
        38    1.0000000e+00
        39    1.0000000e+00
        40    1.0000000e+00
        41    1.0000000e+00
        42    1.0000000e+00
        43    1.0000000e+00
        44    1.0000000e+00
        45    1.0000000e+00
        46    1.0000000e+00
        47    1.0000000e+00
        48    1.0000000e+00
        49    1.0000000e+00
        50    1.0000000e+00
        51    1.0000000e+00
        52    1.0000000e+00
        53    1.0000000e+00
        54    1.0000000e+00
        55    1.0000000e+00
        56    1.0000000e+00
        57    1.0000000e+00
        58    1.0000000e+00
        59    1.0000000e+00
        60    1.0000000e+00
        61    1.0000000e+00
        62    1.0000000e+00
        63    1.0000000e+00
        64    1.0000000e+00
        65    1.0000000e+00
        66    1.0000000e+00
        67    1.0000000e+00
        68    1.0000000e+00
        69    1.0000000e+00
        70    1.0000000e+00
        71    1.0000000e+00
        72    1.0000000e+00
        73    1.0000000e+00
        74    1.0000000e+00
        75    1.0000000e+00
        76    1.0000000e+00
        77    1.0000000e+00
        78    1.0000000e+00
        79    1.0000000e+00
        80    1.0000000e+00
        81    1.0000000e+00
        82    1.0000000e+00
        83    1.0000000e+00
        84    1.0000000e+00
        85    1.0000000e+00
        86    1.0000000e+00
        87    1.0000000e+00
        88    1.0000000e+00
        89    1.0000000e+00
        90    1.0000000e+00
        91    1.0000000e+00
        92    1.0000000e+00
        93    1.0000000e+00
        94    1.0000000e+00
        95    1.0000000e+00
        96    1.0000000e+00
        97    1.0000000e+00
        98    1.0000000e+00
        99    1.0000000e+00
       100    1.0000000e+00
       101    1.0000000e+00
       102    1.0000000e+00
       103    1.0000000e+00
       104    1.0000000e+00
       105    1.0000000e+00
       106    1.0000000e+00
       107    1.0000000e+00
       108    1.0000000e+00
       109    1.0000000e+00
       110    1.0000000e+00
       111    1.0000000e+00
       112    1.0000000e+00
       113    1.0000000e+00
       114    1.0000000e+00
       115    1.0000000e+00
       116    1.0000000e+00
       117    1.0000000e+00
       118    1.0000000e+00
       119    1.0000000e+00
       120    1.0000000e+00
       121    1.0000000e+00
       122    1.0000000e+00
       123    1.0000000e+00
       124    1.0000000e+00
       125    1.0000000e+00
       126    1.0000000e+00
       127    1.0000000e+00
       128    1.0000000e+00
       129    1.0000000e+00
       130    1.0000000e+00
       131    1.0000000e+00
       132    1.0000000e+00
       133    1.0000000e+00
       134    1.0000000e+00
       135    1.0000000e+00
       136    1.0000000e+00
       137    1.0000000e+00
       138    1.0000000e+00
       139    1.0000000e+00
       140    1.0000000e+00
       141    1.0000000e+00
       142    1.0000000e+00
       143    1.0000000e+00
       144    1.0000000e+00
       145    1.0000000e+00
       146    1.0000000e+00
       147    1.0000000e+00
       148    1.0000000e+00
       149    1.0000000e+00
       150    1.0000000e+00
       151    1.0000000e+00
       152    1.0000000e+00
       153    1.0000000e+00
       154    1.0000000e+00
       155    1.0000000e+00
       156    1.0000000e+00
       157    1.0000000e+00
       158    1.0000000e+00
       159    1.0000000e+00
       160    1.0000000e+00
       161    1.0000000e+00
       162    1.0000000e+00
       163    1.0000000e+00
       164    1.0000000e+00
       165    1.0000000e+00
       166    1.0000000e+00
       167    1.0000000e+00
       168    1.0000000e+00
       169    1.0000000e+00
       170    1.0000000e+00
       171    1.0000000e+00
       172    1.0000000e+00
       173    1.0000000e+00
       174    1.0000000e+00
       175    1.0000000e+00
       176    1.0000000e+00
       177    1.0000000e+00
       178    1.0000000e+00
       179    1.0000000e+00
       180    1.0000000e+00
       181    1.0000000e+00
       182    1.0000000e+00
       183    1.0000000e+00
       184    1.0000000e+00
       185    1.0000000e+00
       186    1.0000000e+00
       187    1.0000000e+00
       188    1.0000000e+00
       189    1.0000000e+00
       190    1.0000000e+00
       191    1.0000000e+00
       192    1.0000000e+00
       193    1.0000000e+00
       194    1.0000000e+00
       195    1.0000000e+00
       196    1.0000000e+00
       197    1.0000000e+00
       198    1.0000000e+00
       199    1.0000000e+00
       200    1.0000000e+00
       201    1.0000000e+00
       202    1.0000000e+00
       203    1.0000000e+00
       204    1.0000000e+00
       205    1.0000000e+00
       206    1.0000000e+00
       207    1.0000000e+00
       208    1.0000000e+00
       209    1.0000000e+00
       210    1.0000000e+00
       211    1.0000000e+00
       212    1.0000000e+00
       213    1.0000000e+00
       214    1.0000000e+00
       215    1.0000000e+00
       216    1.0000000e+00
       217    1.0000000e+00
       218    1.0000000e+00
       219    1.0000000e+00
       220    1.0000000e+00
       221    1.0000000e+00
       222    1.0000000e+00
       223    1.0000000e+00
       224    1.0000000e+00
       225    1.0000000e+00
       226    1.0000000e+00
       227    1.0000000e+00
       228    1.0000000e+00
       229    1.0000000e+00
       230    1.0000000e+00
       231    1.0000000e+00
       232    1.0000000e+00
       233    1.0000000e+00
       234    1.0000000e+00
       235    1.0000000e+00
       236    1.0000000e+00
       237    1.0000000e+00
       238    1.0000000e+00
       239    1.0000000e+00
       240    1.0000000e+00
       241    1.0000000e+00
       242    1.0000000e+00
       243    1.0000000e+00
       244    1.0000000e+00
       245    1.0000000e+00
       246    1.0000000e+00
       247    1.0000000e+00
       248    1.0000000e+00
       249    1.0000000e+00
       250    1.0000000e+00
       251    1.0000000e+00
       252    1.0000000e+00
       253    1.0000000e+00
       254    1.0000000e+00
       255    1.0000000e+00
       256    1.0000000e+00
       257    1.0000000e+00
       258    1.0000000e+00
       259    1.0000000e+00
       260    1.0000000e+00
       261    1.0000000e+00
       262    1.0000000e+00
       263    1.0000000e+00
       264    1.0000000e+00
       265    1.0000000e+00
       266    1.0000000e+00
       267    1.0000000e+00
       268    1.0000000e+00
       269    1.0000000e+00
       270    1.0000000e+00
       271    1.0000000e+00
       272    1.0000000e+00
       273    1.0000000e+00
       274    1.0000000e+00
       275    1.0000000e+00
       276    1.0000000e+00
       277    1.0000000e+00
       278    1.0000000e+00
       279    1.0000000e+00
       280    1.0000000e+00
       281    1.0000000e+00
       282    1.0000000e+00
       283    1.0000000e+00
       284    1.0000000e+00
       285    1.0000000e+00
       286    1.0000000e+00
       287    1.0000000e+00
       288    1.0000000e+00
       289    1.0000000e+00
       290    1.0000000e+00
       291    1.0000000e+00
       292    1.0000000e+00
       293    1.0000000e+00
       294    1.0000000e+00
       295    1.0000000e+00
       296    1.0000000e+00
       297    1.0000000e+00
       298    1.0000000e+00
       299    1.0000000e+00
       300    1.0000000e+00
       301    1.0000000e+00
       302    1.0000000e+00
       303    1.0000000e+00
       304    1.0000000e+00
       305    1.0000000e+00
       306    1.0000000e+00
       307    1.0000000e+00
       308    1.0000000e+00
       309    1.0000000e+00
       310    1.0000000e+00
       311    1.0000000e+00
       312    1.0000000e+00
       313    1.0000000e+00
       314    1.0000000e+00
       315    1.0000000e+00
       316    1.0000000e+00
       317    1.0000000e+00
       318    1.0000000e+00
       319    1.0000000e+00
       320    1.0000000e+00
       321    1.0000000e+00
       322    1.0000000e+00
       323    1.0000000e+00
       324    1.0000000e+00
       325    9.9999988e-01
       326    9.9999976e-01
       327    9.9999928e-01
       328    9.9999791e-01
       329    9.9999362e-01
       330    9.9998087e-01
       331    9.9994242e-01
       332    9.9982709e-01
       333    9.9948072e-01
       334    9.9844182e-01
       335    9.9533075e-01
       336    9.8606491e-01
       337    9.5894122e-01
       338    8.8362455e-01
       339    7.0414764e-01
       340    4.1797575e-01
       341    1.8718496e-01
       342    7.2468013e-02
       343    2.6462087e-02
       344    9.4565209e-03
       345    3.3533585e-03
       346    1.1858706e-03
       347    4.1896166e-04
       348    1.4796665e-04
       349    5.2251944e-05
       350    1.8451181e-05
       351    6.5153995e-06
       352    2.3006860e-06
       353    8.1240864e-07
       354    2.8687529e-07
       355    1.0130093e-07
       356    3.5771357e-08
       357    1.2631621e-08
       358    4.4605102e-09
       359    1.5751129e-09
       360    5.5621230e-10
       361    1.9641345e-10
       362    6.9359130e-11
       363    2.4492762e-11
       364    8.6491543e-12
       365    3.0542970e-12
       366    1.0785757e-12
       367    3.8088315e-13
       368    1.3450383e-13
       369    4.7498436e-14
       370    1.6773578e-14
       371    5.9234386e-15
       372    2.0918175e-15
       373    7.3871257e-16
       374    2.6087291e-16
       375    9.2126420e-17
       376    3.2534277e-17
       377    1.1489469e-17
       378    4.0575186e-18
       379    1.4329231e-18
       380    5.0604253e-19
       381    1.7871167e-19
       382    6.3113260e-20
       383    2.2288976e-20
       384    7.8715703e-21
       385    2.7799339e-21
       386    9.8176908e-22
       387    3.4672570e-22
       388    1.2245161e-22
       389    4.3245885e-23
       390    1.5273090e-23
       391    5.3939989e-24
       392    1.9050070e-24
       393    6.7279713e-25
       394    2.3761479e-25
       395    8.3919849e-26
       396    2.9638604e-26
       397    1.0467732e-26
       398    3.6969989e-27
       399    1.3057134e-27
       400    4.6115641e-28
       401    1.6287351e-28
       402    5.7524723e-29
       403    2.0317041e-29
       404    7.1757652e-30
       405    2.5344160e-30
       406    8.9513679e-31
       407    3.1615701e-31
       408    1.1166525e-31
       409    3.9439846e-32
       410    1.3930099e-32
       411    4.9201135e-33
       412    1.7377924e-33
       413    6.1379393e-34
       414    2.1679493e-34
       415    7.6573338e-35
       416    2.7046308e-35
       417    9.5530103e-36
       418    3.3742281e-36
       419    1.1918197e-36
       420    4.2096755e-37
       421    1.4869233e-37
       422    5.2520694e-38
       423    1.8551299e-38
       424    6.5526972e-39
       425    2.3145569e-39
       426    8.1755676e-40
       427    2.8878239e-40
       428    1.0200612e-40
       429    3.6031587e-41
       430    1.2727994e-41
       431    4.4953655e-42
       432    1.5876712e-42
       433    5.6051939e-43
       434    1.9758308e-43
       435    7.0064923e-44
       436    2.3822074e-44
       437    8.4077908e-45
       438    2.8025969e-45
       439    0.0000000e+00
       440    0.0000000e+00
       441    0.0000000e+00
       442    0.0000000e+00
       443    0.0000000e+00
       444    0.0000000e+00
       445    0.0000000e+00
       446    0.0000000e+00
       447    0.0000000e+00
       448    0.0000000e+00
       449    0.0000000e+00
       450    0.0000000e+00
       451    0.0000000e+00
       452    0.0000000e+00
       453    0.0000000e+00
       454    0.0000000e+00
       455    0.0000000e+00
       456    0.0000000e+00
       457    0.0000000e+00
       458    0.0000000e+00
       459    0.0000000e+00
       460    0.0000000e+00
       461    0.0000000e+00
       462    0.0000000e+00
       463    0.0000000e+00
       464    0.0000000e+00
       465    0.0000000e+00
       466    0.0000000e+00
       467    0.0000000e+00
       468    0.0000000e+00
       469    0.0000000e+00
       470    0.0000000e+00
       471    0.0000000e+00
       472    0.0000000e+00
       473    0.0000000e+00
       474    0.0000000e+00
       475    0.0000000e+00
       476    0.0000000e+00
       477    0.0000000e+00
       478    0.0000000e+00
       479    0.0000000e+00
       480    0.0000000e+00
       481    0.0000000e+00
       482    0.0000000e+00
       483    0.0000000e+00
       484    0.0000000e+00
       485    0.0000000e+00
       486    0.0000000e+00
       487    0.0000000e+00
       488    0.0000000e+00
       489    0.0000000e+00
       490    0.0000000e+00
       491    0.0000000e+00
       492    0.0000000e+00
       493    0.0000000e+00
       494    0.0000000e+00
       495    0.0000000e+00
       496    0.0000000e+00
       497    0.0000000e+00
       498    0.0000000e+00
       499    0.0000000e+00
       500    0.0000000e+00
       501    0.0000000e+00
       502    0.0000000e+00
       503    0.0000000e+00
       504    0.0000000e+00
       505    0.0000000e+00
       506    0.0000000e+00
       507    0.0000000e+00
       508    0.0000000e+00
       509    0.0000000e+00
       510    0.0000000e+00
       511    0.0000000e+00
       512    0.0000000e+00
