         1    1.0000000e+00
         2    1.0000000e+00
         3    1.0000000e+00
         4    1.0000000e+00
         5    1.0000000e+00
         6    1.0000000e+00
         7    1.0000000e+00
         8    1.0000000e+00
         9    1.0000000e+00
        10    1.0000000e+00
        11    1.0000000e+00
        12    1.0000000e+00
        13    1.0000000e+00
        14    1.0000000e+00
        15    1.0000000e+00
        16    1.0000000e+00
        17    1.0000000e+00
        18    1.0000000e+00
        19    1.0000000e+00
        20    1.0000000e+00
        21    1.0000000e+00
        22    1.0000000e+00
        23    1.0000000e+00
        24    1.0000000e+00
        25    1.0000000e+00
        26    1.0000000e+00
        27    1.0000000e+00
        28    1.0000000e+00
        29    1.0000000e+00
        30    1.0000000e+00
        31    1.0000000e+00
        32    1.0000000e+00
        33    1.0000000e+00
        34    1.0000000e+00
        35    1.0000000e+00
        36    1.0000000e+00
        37    1.0000000e+00
        38    1.0000000e+00
        39    1.0000000e+00
        40    1.0000000e+00
        41    1.0000000e+00
        42    1.0000000e+00
        43    1.0000000e+00
        44    1.0000000e+00
        45    1.0000000e+00
        46    1.0000000e+00
        47    1.0000000e+00
        48    1.0000000e+00
        49    1.0000000e+00
        50    1.0000000e+00
        51    1.0000000e+00
        52    1.0000000e+00
        53    1.0000000e+00
        54    1.0000000e+00
        55    1.0000000e+00
        56    1.0000000e+00
        57    1.0000000e+00
        58    1.0000000e+00
        59    1.0000000e+00
        60    1.0000000e+00
        61    1.0000000e+00
        62    1.0000000e+00
        63    1.0000000e+00
        64    1.0000000e+00
        65    1.0000000e+00
        66    1.0000000e+00
        67    1.0000000e+00
        68    1.0000000e+00
        69    1.0000000e+00
        70    1.0000000e+00
        71    1.0000000e+00
        72    1.0000000e+00
        73    1.0000000e+00
        74    1.0000000e+00
        75    1.0000000e+00
        76    1.0000000e+00
        77    1.0000000e+00
        78    1.0000000e+00
        79    1.0000000e+00
        80    1.0000000e+00
        81    1.0000000e+00
        82    1.0000000e+00
        83    1.0000000e+00
        84    1.0000000e+00
        85    1.0000000e+00
        86    1.0000000e+00
        87    1.0000000e+00
        88    1.0000000e+00
        89    1.0000000e+00
        90    1.0000000e+00
        91    1.0000000e+00
        92    1.0000000e+00
        93    1.0000000e+00
        94    1.0000000e+00
        95    1.0000000e+00
        96    1.0000000e+00
        97    1.0000000e+00
        98    1.0000000e+00
        99    1.0000000e+00
       100    1.0000000e+00
       101    1.0000000e+00
       102    1.0000000e+00
       103    1.0000000e+00
       104    1.0000000e+00
       105    1.0000000e+00
       106    1.0000000e+00
       107    1.0000000e+00
       108    1.0000000e+00
       109    1.0000000e+00
       110    9.9999988e-01
       111    9.9999976e-01
       112    9.9999934e-01
       113    9.9999803e-01
       114    9.9999398e-01
       115    9.9998200e-01
       116    9.9994594e-01
       117    9.9983758e-01
       118    9.9951261e-01
       119    9.9853814e-01
       120    9.9562055e-01
       121    9.8692942e-01
       122    9.6145982e-01
       123    8.9043701e-01
       124    7.1887803e-01
       125    4.3550560e-01
       126    1.9770668e-01
       127    7.7015050e-02
       128    2.8196204e-02
       129    1.0088787e-02
       130    3.5802766e-03
       131    1.2668751e-03
       132    4.4782995e-04
       133    1.5825086e-04
       134    5.5915953e-05
       135    1.9756888e-05
       136    6.9808361e-06
       137    2.4666472e-06
       138    8.7160345e-07
       139    3.0799509e-07
       140    1.0883831e-07
       141    3.8462115e-08
       142    1.3592455e-08
       143    4.8037032e-09
       144    1.6977273e-09
       145    6.0003047e-10
       146    2.1207643e-10
       147    7.4959254e-11
       148    2.6495486e-11
       149    9.3655309e-12
       150    3.3106014e-12
       151    1.1702952e-12
       152    4.1371198e-13
       153    1.4625645e-13
       154    5.1706632e-14
       155    1.8280662e-14
       156    6.4632663e-15
       157    2.2852136e-15
       158    8.0800908e-16
       159    2.8570673e-16
       160    1.0102751e-16
       161    3.5725130e-17
       162    1.2633485e-17
       163    4.4677381e-18
       164    1.5800385e-18
       165    5.5880869e-19
       166    1.9763974e-19
       167    6.9903857e-20
       168    2.4725433e-20
       169    8.7458638e-21
       170    3.0936963e-21
       171    1.0943822e-21
       172    3.8714784e-22
       173    1.3696238e-22
       174    4.8455447e-23
       175    1.7143554e-23
       176    6.0656351e-24
       177    2.1461941e-24
       178    7.5941519e-25
       179    2.6872448e-25
       180    9.5093990e-26
       181    3.3652470e-26
       182    1.1909654e-26
       183    4.2150221e-27
       184    1.4918299e-27
       185    5.2802879e-28
       186    1.8690251e-28
       187    6.6159467e-29
       188    2.3420089e-29
       189    8.2909629e-30
       190    2.9352259e-30
       191    1.0391985e-30
       192    3.6793928e-31
       193    1.3027910e-31
       194    4.6131180e-32
       195    1.6335632e-32
       196    5.7849442e-33
       197    2.0487292e-33
       198    7.2559193e-34
       199    2.5699408e-34
       200    9.1028411e-35
       201    3.2244401e-35
       202    1.1422353e-35
       203    4.0465145e-36
       204    1.4336107e-36
       205    5.0793303e-37
       206    1.7997292e-37
       207    6.3772544e-38
       208    2.2598868e-38
       209    8.0087809e-39
       210    2.8383987e-39
       211    1.0060244e-39
       212    3.5659122e-40
       213    1.2640413e-40
       214    4.4812124e-41
       215    1.5887922e-41
       216    5.6332198e-42
       217    1.9982516e-42
       218    7.0905702e-43
       219    2.5083243e-43
       220    8.9683102e-44
       221    3.2229865e-44
       222    1.1210388e-44
       223    4.2038954e-45
       224    0.0000000e+00
       225    0.0000000e+00
       226    0.0000000e+00
       227    0.0000000e+00
       228    0.0000000e+00
       229    0.0000000e+00
       230    0.0000000e+00
       231    0.0000000e+00
       232    0.0000000e+00
       233    0.0000000e+00
       234    0.0000000e+00
       235    0.0000000e+00
       236    0.0000000e+00
       237    0.0000000e+00
       238    0.0000000e+00
       239    0.0000000e+00
       240    0.0000000e+00
       241    0.0000000e+00
       242    0.0000000e+00
       243    0.0000000e+00
       244    0.0000000e+00
       245    0.0000000e+00
       246    0.0000000e+00
       247    0.0000000e+00
       248    0.0000000e+00
       249    0.0000000e+00
       250    0.0000000e+00
       251    0.0000000e+00
       252    0.0000000e+00
       253    0.0000000e+00
       254    0.0000000e+00
       255    0.0000000e+00
       256    0.0000000e+00
       257    0.0000000e+00
       258    0.0000000e+00
       259    0.0000000e+00
       260    0.0000000e+00
       261    0.0000000e+00
       262    0.0000000e+00
       263    0.0000000e+00
       264    0.0000000e+00
       265    0.0000000e+00
       266    0.0000000e+00
       267    0.0000000e+00
       268    0.0000000e+00
       269    0.0000000e+00
       270    0.0000000e+00
       271    0.0000000e+00
       272    0.0000000e+00
       273    0.0000000e+00
       274    0.0000000e+00
       275    0.0000000e+00
       276    0.0000000e+00
       277    0.0000000e+00
       278    0.0000000e+00
       279    0.0000000e+00
       280    0.0000000e+00
       281    0.0000000e+00
       282    0.0000000e+00
       283    0.0000000e+00
       284    0.0000000e+00
       285    0.0000000e+00
       286    0.0000000e+00
       287    0.0000000e+00
       288    0.0000000e+00
       289    0.0000000e+00
       290    0.0000000e+00
       291    0.0000000e+00
       292    0.0000000e+00
       293    0.0000000e+00
       294    0.0000000e+00
       295    0.0000000e+00
       296    0.0000000e+00
       297    0.0000000e+00
       298    0.0000000e+00
       299    0.0000000e+00
       300    0.0000000e+00
       301    0.0000000e+00
       302    0.0000000e+00
       303    0.0000000e+00
       304    0.0000000e+00
       305    0.0000000e+00
       306    0.0000000e+00
       307    0.0000000e+00
       308    0.0000000e+00
       309    0.0000000e+00
       310    0.0000000e+00
       311    0.0000000e+00
       312    0.0000000e+00
       313    0.0000000e+00
       314    0.0000000e+00
       315    0.0000000e+00
       316    0.0000000e+00
       317    0.0000000e+00
       318    0.0000000e+00
       319    0.0000000e+00
       320    0.0000000e+00
       321    0.0000000e+00
       322    0.0000000e+00
       323    0.0000000e+00
       324    0.0000000e+00
       325    0.0000000e+00
       326    0.0000000e+00
       327    0.0000000e+00
       328    0.0000000e+00
       329    0.0000000e+00
       330    0.0000000e+00
       331    0.0000000e+00
       332    0.0000000e+00
       333    0.0000000e+00
       334    0.0000000e+00
       335    0.0000000e+00
       336    0.0000000e+00
       337    0.0000000e+00
       338    0.0000000e+00
       339    0.0000000e+00
       340    0.0000000e+00
       341    0.0000000e+00
       342    0.0000000e+00
       343    0.0000000e+00
       344    0.0000000e+00
       345    0.0000000e+00
       346    0.0000000e+00
       347    0.0000000e+00
       348    0.0000000e+00
       349    0.0000000e+00
       350    0.0000000e+00
       351    0.0000000e+00
       352    0.0000000e+00
       353    0.0000000e+00
       354    0.0000000e+00
       355    0.0000000e+00
       356    0.0000000e+00
       357    0.0000000e+00
       358    0.0000000e+00
       359    0.0000000e+00
       360    0.0000000e+00
       361    0.0000000e+00
       362    0.0000000e+00
       363    0.0000000e+00
       364    0.0000000e+00
       365    0.0000000e+00
       366    0.0000000e+00
       367    0.0000000e+00
       368    0.0000000e+00
       369    0.0000000e+00
       370    0.0000000e+00
       371    0.0000000e+00
       372    0.0000000e+00
       373    0.0000000e+00
       374    0.0000000e+00
       375    0.0000000e+00
       376    0.0000000e+00
       377    0.0000000e+00
       378    0.0000000e+00
       379    0.0000000e+00
       380    0.0000000e+00
       381    0.0000000e+00
       382    0.0000000e+00
       383    0.0000000e+00
       384    0.0000000e+00
       385    0.0000000e+00
       386    0.0000000e+00
       387    0.0000000e+00
       388    0.0000000e+00
       389    0.0000000e+00
       390    0.0000000e+00
       391    0.0000000e+00
       392    0.0000000e+00
       393    0.0000000e+00
       394    0.0000000e+00
       395    0.0000000e+00
       396    0.0000000e+00
       397    0.0000000e+00
       398    0.0000000e+00
       399    0.0000000e+00
       400    0.0000000e+00
       401    0.0000000e+00
       402    0.0000000e+00
       403    0.0000000e+00
       404    0.0000000e+00
       405    0.0000000e+00
       406    0.0000000e+00
       407    0.0000000e+00
       408    0.0000000e+00
       409    0.0000000e+00
       410    0.0000000e+00
       411    0.0000000e+00
       412    0.0000000e+00
       413    0.0000000e+00
       414    0.0000000e+00
       415    0.0000000e+00
       416    0.0000000e+00
       417    0.0000000e+00
       418    0.0000000e+00
       419    0.0000000e+00
       420    0.0000000e+00
       421    0.0000000e+00
       422    0.0000000e+00
       423    0.0000000e+00
       424    0.0000000e+00
       425    0.0000000e+00
       426    0.0000000e+00
       427    0.0000000e+00
       428    0.0000000e+00
       429    0.0000000e+00
       430    0.0000000e+00
       431    0.0000000e+00
       432    0.0000000e+00
       433    0.0000000e+00
       434    0.0000000e+00
       435    0.0000000e+00
       436    0.0000000e+00
       437    0.0000000e+00
       438    0.0000000e+00
       439    0.0000000e+00
       440    0.0000000e+00
       441    0.0000000e+00
       442    0.0000000e+00
       443    0.0000000e+00
       444    0.0000000e+00
       445    0.0000000e+00
       446    0.0000000e+00
       447    0.0000000e+00
       448    0.0000000e+00
       449    0.0000000e+00
       450    0.0000000e+00
       451    0.0000000e+00
       452    0.0000000e+00
       453    0.0000000e+00
       454    0.0000000e+00
       455    0.0000000e+00
       456    0.0000000e+00
       457    0.0000000e+00
       458    0.0000000e+00
       459    0.0000000e+00
       460    0.0000000e+00
       461    0.0000000e+00
       462    0.0000000e+00
       463    0.0000000e+00
       464    0.0000000e+00
       465    0.0000000e+00
       466    0.0000000e+00
       467    0.0000000e+00
       468    0.0000000e+00
       469    0.0000000e+00
       470    0.0000000e+00
       471    0.0000000e+00
       472    0.0000000e+00
       473    0.0000000e+00
       474    0.0000000e+00
       475    0.0000000e+00
       476    0.0000000e+00
       477    0.0000000e+00
       478    0.0000000e+00
       479    0.0000000e+00
       480    0.0000000e+00
       481    0.0000000e+00
       482    0.0000000e+00
       483    0.0000000e+00
       484    0.0000000e+00
       485    0.0000000e+00
       486    0.0000000e+00
       487    0.0000000e+00
       488    0.0000000e+00
       489    0.0000000e+00
       490    0.0000000e+00
       491    0.0000000e+00
       492    0.0000000e+00
       493    0.0000000e+00
       494    0.0000000e+00
       495    0.0000000e+00
       496    0.0000000e+00
       497    0.0000000e+00
       498    0.0000000e+00
       499    0.0000000e+00
       500    0.0000000e+00
       501    0.0000000e+00
       502    0.0000000e+00
       503    0.0000000e+00
       504    0.0000000e+00
       505    0.0000000e+00
       506    0.0000000e+00
       507    0.0000000e+00
       508    0.0000000e+00
       509    0.0000000e+00
       510    0.0000000e+00
       511    0.0000000e+00
       512    0.0000000e+00
