         1    1.0000000e+00
         2    1.0000000e+00
         3    1.0000000e+00
         4    1.0000000e+00
         5    1.0000000e+00
         6    1.0000000e+00
         7    1.0000000e+00
         8    1.0000000e+00
         9    1.0000000e+00
        10    1.0000000e+00
        11    1.0000000e+00
        12    1.0000000e+00
        13    1.0000000e+00
        14    1.0000000e+00
        15    1.0000000e+00
        16    1.0000000e+00
        17    1.0000000e+00
        18    1.0000000e+00
        19    1.0000000e+00
        20    1.0000000e+00
        21    1.0000000e+00
        22    1.0000000e+00
        23    1.0000000e+00
        24    1.0000000e+00
        25    1.0000000e+00
        26    1.0000000e+00
        27    1.0000000e+00
        28    1.0000000e+00
        29    1.0000000e+00
        30    1.0000000e+00
        31    1.0000000e+00
        32    1.0000000e+00
        33    1.0000000e+00
        34    1.0000000e+00
        35    1.0000000e+00
        36    1.0000000e+00
        37    1.0000000e+00
        38    1.0000000e+00
        39    1.0000000e+00
        40    1.0000000e+00
        41    1.0000000e+00
        42    1.0000000e+00
        43    1.0000000e+00
        44    1.0000000e+00
        45    1.0000000e+00
        46    1.0000000e+00
        47    1.0000000e+00
        48    1.0000000e+00
        49    1.0000000e+00
        50    1.0000000e+00
        51    1.0000000e+00
        52    1.0000000e+00
        53    1.0000000e+00
        54    1.0000000e+00
        55    1.0000000e+00
        56    1.0000000e+00
        57    1.0000000e+00
        58    1.0000000e+00
        59    1.0000000e+00
        60    1.0000000e+00
        61    1.0000000e+00
        62    1.0000000e+00
        63    1.0000000e+00
        64    1.0000000e+00
        65    1.0000000e+00
        66    1.0000000e+00
        67    1.0000000e+00
        68    1.0000000e+00
        69    1.0000000e+00
        70    1.0000000e+00
        71    1.0000000e+00
        72    1.0000000e+00
        73    1.0000000e+00
        74    1.0000000e+00
        75    1.0000000e+00
        76    1.0000000e+00
        77    1.0000000e+00
        78    1.0000000e+00
        79    1.0000000e+00
        80    1.0000000e+00
        81    1.0000000e+00
        82    1.0000000e+00
        83    1.0000000e+00
        84    1.0000000e+00
        85    1.0000000e+00
        86    1.0000000e+00
        87    1.0000000e+00
        88    1.0000000e+00
        89    1.0000000e+00
        90    1.0000000e+00
        91    1.0000000e+00
        92    1.0000000e+00
        93    1.0000000e+00
        94    1.0000000e+00
        95    1.0000000e+00
        96    1.0000000e+00
        97    1.0000000e+00
        98    1.0000000e+00
        99    1.0000000e+00
       100    1.0000000e+00
       101    1.0000000e+00
       102    1.0000000e+00
       103    1.0000000e+00
       104    1.0000000e+00
       105    1.0000000e+00
       106    1.0000000e+00
       107    1.0000000e+00
       108    1.0000000e+00
       109    1.0000000e+00
       110    1.0000000e+00
       111    1.0000000e+00
       112    1.0000000e+00
       113    1.0000000e+00
       114    1.0000000e+00
       115    1.0000000e+00
       116    1.0000000e+00
       117    1.0000000e+00
       118    1.0000000e+00
       119    1.0000000e+00
       120    1.0000000e+00
       121    1.0000000e+00
       122    1.0000000e+00
       123    1.0000000e+00
       124    1.0000000e+00
       125    1.0000000e+00
       126    1.0000000e+00
       127    1.0000000e+00
       128    1.0000000e+00
       129    1.0000000e+00
       130    1.0000000e+00
       131    1.0000000e+00
       132    1.0000000e+00
       133    1.0000000e+00
       134    1.0000000e+00
       135    1.0000000e+00
       136    1.0000000e+00
       137    1.0000000e+00
       138    1.0000000e+00
       139    1.0000000e+00
       140    1.0000000e+00
       141    1.0000000e+00
       142    1.0000000e+00
       143    1.0000000e+00
       144    1.0000000e+00
       145    1.0000000e+00
       146    1.0000000e+00
       147    1.0000000e+00
       148    1.0000000e+00
       149    1.0000000e+00
       150    1.0000000e+00
       151    1.0000000e+00
       152    1.0000000e+00
       153    1.0000000e+00
       154    1.0000000e+00
       155    1.0000000e+00
       156    1.0000000e+00
       157    1.0000000e+00
       158    1.0000000e+00
       159    1.0000000e+00
       160    1.0000000e+00
       161    1.0000000e+00
       162    1.0000000e+00
       163    1.0000000e+00
       164    1.0000000e+00
       165    1.0000000e+00
       166    1.0000000e+00
       167    1.0000000e+00
       168    1.0000000e+00
       169    1.0000000e+00
       170    1.0000000e+00
       171    1.0000000e+00
       172    1.0000000e+00
       173    1.0000000e+00
       174    1.0000000e+00
       175    1.0000000e+00
       176    1.0000000e+00
       177    1.0000000e+00
       178    1.0000000e+00
       179    1.0000000e+00
       180    1.0000000e+00
       181    1.0000000e+00
       182    1.0000000e+00
       183    1.0000000e+00
       184    1.0000000e+00
       185    1.0000000e+00
       186    1.0000000e+00
       187    1.0000000e+00
       188    1.0000000e+00
       189    1.0000000e+00
       190    1.0000000e+00
       191    1.0000000e+00
       192    1.0000000e+00
       193    1.0000000e+00
       194    1.0000000e+00
       195    1.0000000e+00
       196    1.0000000e+00
       197    1.0000000e+00
       198    1.0000000e+00
       199    1.0000000e+00
       200    1.0000000e+00
       201    1.0000000e+00
       202    1.0000000e+00
       203    1.0000000e+00
       204    1.0000000e+00
       205    1.0000000e+00
       206    1.0000000e+00
       207    1.0000000e+00
       208    9.9999994e-01
       209    9.9999994e-01
       210    9.9999976e-01
       211    9.9999940e-01
       212    9.9999815e-01
       213    9.9999452e-01
       214    9.9998343e-01
       215    9.9995029e-01
       216    9.9985069e-01
       217    9.9955183e-01
       218    9.9865508e-01
       219    9.9596828e-01
       220    9.8795623e-01
       221    9.6442682e-01
       222    8.9843392e-01
       223    7.3633623e-01
       224    4.5708981e-01
       225    2.1094321e-01
       226    8.2750112e-02
       227    3.0370506e-02
       228    1.0874086e-02
       229    3.8589993e-03
       230    1.3651738e-03
       231    4.8241339e-04
       232    1.7040528e-04
       233    6.0185255e-05
       234    2.1255912e-05
       235    7.5069888e-06
       236    2.6512650e-06
       237    9.3636169e-07
       238    3.3070273e-07
       239    1.1679812e-07
       240    4.1251322e-08
       241    1.4569475e-08
       242    5.1458136e-09
       243    1.8174739e-09
       244    6.4192818e-10
       245    2.2672987e-10
       246    8.0082038e-11
       247    2.8285613e-11
       248    9.9907973e-12
       249    3.5288955e-12
       250    1.2464693e-12
       251    4.4027954e-13
       252    1.5551761e-13
       253    5.4933180e-14
       254    1.9404126e-14
       255    6.8542122e-15
       256    2.4211698e-15
       257    8.5525785e-16
       258    3.0211558e-16
       259    1.0672185e-16
       260    3.7699693e-17
       261    1.3317616e-17
       262    4.7045645e-18
       263    1.6619448e-18
       264    5.8710798e-19
       265    2.0740714e-19
       266    7.3271264e-20
       267    2.5884989e-20
       268    9.1446392e-21
       269    3.2306470e-21
       270    1.1413446e-21
       271    4.0322586e-22
       272    1.4245718e-22
       273    5.0329745e-23
       274    1.7781545e-23
       275    6.2822997e-24
       276    2.2195876e-24
       277    7.8420633e-25
       278    2.7707213e-25
       279    9.7894840e-26
       280    3.4588463e-26
       281    1.2221015e-26
       282    4.3180513e-27
       283    1.5257128e-27
       284    5.3909143e-28
       285    1.9048317e-28
       286    6.7306250e-29
       287    2.3782572e-29
       288    8.4036283e-30
       289    2.9694740e-30
       290    1.0492932e-30
       291    3.7078223e-31
       292    1.3102243e-31
       293    4.6299590e-32
       294    1.6361134e-32
       295    5.7816848e-33
       296    2.0431499e-33
       297    7.2202266e-34
       298    2.5515629e-34
       299    9.0170943e-35
       300    3.1866314e-35
       301    1.1261648e-35
       302    3.9799445e-36
       303    1.4065560e-36
       304    4.9709801e-37
       305    1.7568393e-37
       306    6.2090773e-38
       307    2.1944574e-38
       308    7.7559025e-39
       309    2.7412116e-39
       310    9.6885355e-40
       311    3.4243531e-40
       312    1.2103295e-40
       313    4.2780241e-41
       314    1.5120010e-41
       315    5.3445523e-42
       316    1.8889503e-42
       317    6.6701807e-43
       318    2.3541814e-43
       319    8.2676609e-44
       320    2.9427268e-44
       321    9.8090893e-45
       322    2.8025969e-45
       323    0.0000000e+00
       324    0.0000000e+00
       325    0.0000000e+00
       326    0.0000000e+00
       327    0.0000000e+00
       328    0.0000000e+00
       329    0.0000000e+00
       330    0.0000000e+00
       331    0.0000000e+00
       332    0.0000000e+00
       333    0.0000000e+00
       334    0.0000000e+00
       335    0.0000000e+00
       336    0.0000000e+00
       337    0.0000000e+00
       338    0.0000000e+00
       339    0.0000000e+00
       340    0.0000000e+00
       341    0.0000000e+00
       342    0.0000000e+00
       343    0.0000000e+00
       344    0.0000000e+00
       345    0.0000000e+00
       346    0.0000000e+00
       347    0.0000000e+00
       348    0.0000000e+00
       349    0.0000000e+00
       350    0.0000000e+00
       351    0.0000000e+00
       352    0.0000000e+00
       353    0.0000000e+00
       354    0.0000000e+00
       355    0.0000000e+00
       356    0.0000000e+00
       357    0.0000000e+00
       358    0.0000000e+00
       359    0.0000000e+00
       360    0.0000000e+00
       361    0.0000000e+00
       362    0.0000000e+00
       363    0.0000000e+00
       364    0.0000000e+00
       365    0.0000000e+00
       366    0.0000000e+00
       367    0.0000000e+00
       368    0.0000000e+00
       369    0.0000000e+00
       370    0.0000000e+00
       371    0.0000000e+00
       372    0.0000000e+00
       373    0.0000000e+00
       374    0.0000000e+00
       375    0.0000000e+00
       376    0.0000000e+00
       377    0.0000000e+00
       378    0.0000000e+00
       379    0.0000000e+00
       380    0.0000000e+00
       381    0.0000000e+00
       382    0.0000000e+00
       383    0.0000000e+00
       384    0.0000000e+00
       385    0.0000000e+00
       386    0.0000000e+00
       387    0.0000000e+00
       388    0.0000000e+00
       389    0.0000000e+00
       390    0.0000000e+00
       391    0.0000000e+00
       392    0.0000000e+00
       393    0.0000000e+00
       394    0.0000000e+00
       395    0.0000000e+00
       396    0.0000000e+00
       397    0.0000000e+00
       398    0.0000000e+00
       399    0.0000000e+00
       400    0.0000000e+00
       401    0.0000000e+00
       402    0.0000000e+00
       403    0.0000000e+00
       404    0.0000000e+00
       405    0.0000000e+00
       406    0.0000000e+00
       407    0.0000000e+00
       408    0.0000000e+00
       409    0.0000000e+00
       410    0.0000000e+00
       411    0.0000000e+00
       412    0.0000000e+00
       413    0.0000000e+00
       414    0.0000000e+00
       415    0.0000000e+00
       416    0.0000000e+00
       417    0.0000000e+00
       418    0.0000000e+00
       419    0.0000000e+00
       420    0.0000000e+00
       421    0.0000000e+00
       422    0.0000000e+00
       423    0.0000000e+00
       424    0.0000000e+00
       425    0.0000000e+00
       426    0.0000000e+00
       427    0.0000000e+00
       428    0.0000000e+00
       429    0.0000000e+00
       430    0.0000000e+00
       431    0.0000000e+00
       432    0.0000000e+00
       433    0.0000000e+00
       434    0.0000000e+00
       435    0.0000000e+00
       436    0.0000000e+00
       437    0.0000000e+00
       438    0.0000000e+00
       439    0.0000000e+00
       440    0.0000000e+00
       441    0.0000000e+00
       442    0.0000000e+00
       443    0.0000000e+00
       444    0.0000000e+00
       445    0.0000000e+00
       446    0.0000000e+00
       447    0.0000000e+00
       448    0.0000000e+00
       449    0.0000000e+00
       450    0.0000000e+00
       451    0.0000000e+00
       452    0.0000000e+00
       453    0.0000000e+00
       454    0.0000000e+00
       455    0.0000000e+00
       456    0.0000000e+00
       457    0.0000000e+00
       458    0.0000000e+00
       459    0.0000000e+00
       460    0.0000000e+00
       461    0.0000000e+00
       462    0.0000000e+00
       463    0.0000000e+00
       464    0.0000000e+00
       465    0.0000000e+00
       466    0.0000000e+00
       467    0.0000000e+00
       468    0.0000000e+00
       469    0.0000000e+00
       470    0.0000000e+00
       471    0.0000000e+00
       472    0.0000000e+00
       473    0.0000000e+00
       474    0.0000000e+00
       475    0.0000000e+00
       476    0.0000000e+00
       477    0.0000000e+00
       478    0.0000000e+00
       479    0.0000000e+00
       480    0.0000000e+00
       481    0.0000000e+00
       482    0.0000000e+00
       483    0.0000000e+00
       484    0.0000000e+00
       485    0.0000000e+00
       486    0.0000000e+00
       487    0.0000000e+00
       488    0.0000000e+00
       489    0.0000000e+00
       490    0.0000000e+00
       491    0.0000000e+00
       492    0.0000000e+00
       493    0.0000000e+00
       494    0.0000000e+00
       495    0.0000000e+00
       496    0.0000000e+00
       497    0.0000000e+00
       498    0.0000000e+00
       499    0.0000000e+00
       500    0.0000000e+00
       501    0.0000000e+00
       502    0.0000000e+00
       503    0.0000000e+00
       504    0.0000000e+00
       505    0.0000000e+00
       506    0.0000000e+00
       507    0.0000000e+00
       508    0.0000000e+00
       509    0.0000000e+00
       510    0.0000000e+00
       511    0.0000000e+00
       512    0.0000000e+00
