         1    1.0000000e+00
         2    1.0000000e+00
         3    1.0000000e+00
         4    1.0000000e+00
         5    1.0000000e+00
         6    1.0000000e+00
         7    1.0000000e+00
         8    1.0000000e+00
         9    1.0000000e+00
        10    1.0000000e+00
        11    1.0000000e+00
        12    1.0000000e+00
        13    1.0000000e+00
        14    1.0000000e+00
        15    1.0000000e+00
        16    1.0000000e+00
        17    1.0000000e+00
        18    1.0000000e+00
        19    1.0000000e+00
        20    1.0000000e+00
        21    1.0000000e+00
        22    1.0000000e+00
        23    1.0000000e+00
        24    1.0000000e+00
        25    1.0000000e+00
        26    1.0000000e+00
        27    1.0000000e+00
        28    1.0000000e+00
        29    1.0000000e+00
        30    1.0000000e+00
        31    1.0000000e+00
        32    1.0000000e+00
        33    1.0000000e+00
        34    1.0000000e+00
        35    1.0000000e+00
        36    1.0000000e+00
        37    1.0000000e+00
        38    1.0000000e+00
        39    1.0000000e+00
        40    1.0000000e+00
        41    1.0000000e+00
        42    1.0000000e+00
        43    1.0000000e+00
        44    1.0000000e+00
        45    1.0000000e+00
        46    1.0000000e+00
        47    1.0000000e+00
        48    1.0000000e+00
        49    1.0000000e+00
        50    1.0000000e+00
        51    1.0000000e+00
        52    1.0000000e+00
        53    1.0000000e+00
        54    1.0000000e+00
        55    1.0000000e+00
        56    1.0000000e+00
        57    1.0000000e+00
        58    1.0000000e+00
        59    1.0000000e+00
        60    1.0000000e+00
        61    1.0000000e+00
        62    1.0000000e+00
        63    1.0000000e+00
        64    1.0000000e+00
        65    1.0000000e+00
        66    1.0000000e+00
        67    1.0000000e+00
        68    1.0000000e+00
        69    1.0000000e+00
        70    1.0000000e+00
        71    1.0000000e+00
        72    1.0000000e+00
        73    1.0000000e+00
        74    1.0000000e+00
        75    1.0000000e+00
        76    1.0000000e+00
        77    1.0000000e+00
        78    1.0000000e+00
        79    1.0000000e+00
        80    1.0000000e+00
        81    1.0000000e+00
        82    1.0000000e+00
        83    1.0000000e+00
        84    1.0000000e+00
        85    1.0000000e+00
        86    1.0000000e+00
        87    1.0000000e+00
        88    1.0000000e+00
        89    1.0000000e+00
        90    1.0000000e+00
        91    1.0000000e+00
        92    1.0000000e+00
        93    1.0000000e+00
        94    1.0000000e+00
        95    1.0000000e+00
        96    1.0000000e+00
        97    1.0000000e+00
        98    1.0000000e+00
        99    1.0000000e+00
       100    1.0000000e+00
       101    1.0000000e+00
       102    1.0000000e+00
       103    1.0000000e+00
       104    1.0000000e+00
       105    1.0000000e+00
       106    1.0000000e+00
       107    1.0000000e+00
       108    1.0000000e+00
       109    1.0000000e+00
       110    1.0000000e+00
       111    1.0000000e+00
       112    1.0000000e+00
       113    1.0000000e+00
       114    1.0000000e+00
       115    1.0000000e+00
       116    1.0000000e+00
       117    1.0000000e+00
       118    1.0000000e+00
       119    1.0000000e+00
       120    1.0000000e+00
       121    1.0000000e+00
       122    1.0000000e+00
       123    1.0000000e+00
       124    1.0000000e+00
       125    1.0000000e+00
       126    1.0000000e+00
       127    1.0000000e+00
       128    1.0000000e+00
       129    1.0000000e+00
       130    1.0000000e+00
       131    1.0000000e+00
       132    1.0000000e+00
       133    1.0000000e+00
       134    1.0000000e+00
       135    1.0000000e+00
       136    1.0000000e+00
       137    1.0000000e+00
       138    1.0000000e+00
       139    1.0000000e+00
       140    1.0000000e+00
       141    1.0000000e+00
       142    1.0000000e+00
       143    1.0000000e+00
       144    1.0000000e+00
       145    1.0000000e+00
       146    1.0000000e+00
       147    1.0000000e+00
       148    1.0000000e+00
       149    1.0000000e+00
       150    1.0000000e+00
       151    1.0000000e+00
       152    1.0000000e+00
       153    1.0000000e+00
       154    1.0000000e+00
       155    1.0000000e+00
       156    1.0000000e+00
       157    1.0000000e+00
       158    1.0000000e+00
       159    1.0000000e+00
       160    1.0000000e+00
       161    1.0000000e+00
       162    1.0000000e+00
       163    1.0000000e+00
       164    1.0000000e+00
       165    1.0000000e+00
       166    1.0000000e+00
       167    1.0000000e+00
       168    1.0000000e+00
       169    1.0000000e+00
       170    1.0000000e+00
       171    1.0000000e+00
       172    1.0000000e+00
       173    1.0000000e+00
       174    1.0000000e+00
       175    1.0000000e+00
       176    1.0000000e+00
       177    1.0000000e+00
       178    1.0000000e+00
       179    1.0000000e+00
       180    1.0000000e+00
       181    1.0000000e+00
       182    1.0000000e+00
       183    1.0000000e+00
       184    1.0000000e+00
       185    1.0000000e+00
       186    1.0000000e+00
       187    1.0000000e+00
       188    1.0000000e+00
       189    1.0000000e+00
       190    1.0000000e+00
       191    1.0000000e+00
       192    1.0000000e+00
       193    1.0000000e+00
       194    1.0000000e+00
       195    1.0000000e+00
       196    1.0000000e+00
       197    1.0000000e+00
       198    1.0000000e+00
       199    1.0000000e+00
       200    1.0000000e+00
       201    1.0000000e+00
       202    1.0000000e+00
       203    1.0000000e+00
       204    1.0000000e+00
       205    1.0000000e+00
       206    1.0000000e+00
       207    1.0000000e+00
       208    1.0000000e+00
       209    1.0000000e+00
       210    1.0000000e+00
       211    1.0000000e+00
       212    1.0000000e+00
       213    1.0000000e+00
       214    1.0000000e+00
       215    1.0000000e+00
       216    1.0000000e+00
       217    1.0000000e+00
       218    1.0000000e+00
       219    1.0000000e+00
       220    1.0000000e+00
       221    1.0000000e+00
       222    1.0000000e+00
       223    1.0000000e+00
       224    1.0000000e+00
       225    1.0000000e+00
       226    1.0000000e+00
       227    1.0000000e+00
       228    1.0000000e+00
       229    1.0000000e+00
       230    1.0000000e+00
       231    1.0000000e+00
       232    1.0000000e+00
       233    1.0000000e+00
       234    1.0000000e+00
       235    1.0000000e+00
       236    1.0000000e+00
       237    1.0000000e+00
       238    1.0000000e+00
       239    1.0000000e+00
       240    1.0000000e+00
       241    1.0000000e+00
       242    1.0000000e+00
       243    1.0000000e+00
       244    1.0000000e+00
       245    1.0000000e+00
       246    1.0000000e+00
       247    1.0000000e+00
       248    1.0000000e+00
       249    1.0000000e+00
       250    1.0000000e+00
       251    1.0000000e+00
       252    1.0000000e+00
       253    1.0000000e+00
       254    1.0000000e+00
       255    1.0000000e+00
       256    1.0000000e+00
       257    1.0000000e+00
       258    1.0000000e+00
       259    1.0000000e+00
       260    1.0000000e+00
       261    1.0000000e+00
       262    1.0000000e+00
       263    1.0000000e+00
       264    1.0000000e+00
       265    1.0000000e+00
       266    1.0000000e+00
       267    1.0000000e+00
       268    1.0000000e+00
       269    1.0000000e+00
       270    1.0000000e+00
       271    1.0000000e+00
       272    1.0000000e+00
       273    1.0000000e+00
       274    1.0000000e+00
       275    1.0000000e+00
       276    1.0000000e+00
       277    1.0000000e+00
       278    1.0000000e+00
       279    1.0000000e+00
       280    1.0000000e+00
       281    1.0000000e+00
       282    1.0000000e+00
       283    1.0000000e+00
       284    1.0000000e+00
       285    1.0000000e+00
       286    1.0000000e+00
       287    1.0000000e+00
       288    1.0000000e+00
       289    1.0000000e+00
       290    1.0000000e+00
       291    1.0000000e+00
       292    1.0000000e+00
       293    1.0000000e+00
       294    1.0000000e+00
       295    1.0000000e+00
       296    1.0000000e+00
       297    1.0000000e+00
       298    1.0000000e+00
       299    1.0000000e+00
       300    1.0000000e+00
       301    1.0000000e+00
       302    1.0000000e+00
       303    1.0000000e+00
       304    1.0000000e+00
       305    1.0000000e+00
       306    1.0000000e+00
       307    1.0000000e+00
       308    9.9999994e-01
       309    9.9999988e-01
       310    9.9999958e-01
       311    9.9999869e-01
       312    9.9999607e-01
       313    9.9998814e-01
       314    9.9996442e-01
       315    9.9989319e-01
       316    9.9967915e-01
       317    9.9903667e-01
       318    9.9710953e-01
       319    9.9135196e-01
       320    9.7434616e-01
       321    9.2573601e-01
       322    7.9936397e-01
       323    5.4743123e-01
       324    2.7295294e-01
       325    1.1097965e-01
       326    4.1296117e-02
       327    1.4859254e-02
       328    5.2821636e-03
       329    1.8696061e-03
       330    6.6073134e-04
       331    2.3338152e-04
       332    8.2418905e-05
       333    2.9104474e-05
       334    1.0277423e-05
       335    3.6291672e-06
       336    1.2815345e-06
       337    4.5253805e-07
       338    1.5980181e-07
       339    5.6430007e-08
       340    1.9926931e-08
       341    7.0367592e-09
       342    2.4848881e-09
       343    8.7749152e-10
       344    3.0987102e-10
       345    1.0942609e-10
       346    3.8642280e-11
       347    1.3646037e-11
       348    4.8189482e-12
       349    1.7017663e-12
       350    6.0096551e-13
       351    2.1222724e-13
       352    7.4947061e-14
       353    2.6467325e-14
       354    9.3468968e-15
       355    3.3008573e-15
       356    1.1657034e-15
       357    4.1167199e-16
       358    1.4538398e-16
       359    5.1343296e-17
       360    1.8132300e-17
       361    6.4035972e-18
       362    2.2615027e-18
       363    7.9867886e-19
       364    2.8206505e-19
       365    9.9615817e-20
       366    3.5181090e-20
       367    1.2424884e-20
       368    4.3881083e-21
       369    1.5497596e-21
       370    5.4733512e-22
       371    1.9330556e-22
       372    6.8271166e-23
       373    2.4111950e-23
       374    8.5158757e-24
       375    3.0076572e-24
       376    1.0622565e-24
       377    3.7517382e-25
       378    1.3250662e-25
       379    4.6799879e-26
       380    1.6529278e-26
       381    5.8380140e-27
       382    2.0619511e-27
       383    7.2827211e-28
       384    2.5722374e-28
       385    9.0851159e-29
       386    3.2088686e-29
       387    1.1333798e-29
       388    4.0031428e-30
       389    1.4139328e-30
       390    4.9941150e-31
       391    1.7639668e-31
       392    6.2305209e-32
       393    2.2006975e-32
       394    7.7731753e-33
       395    2.7456090e-33
       396    9.6979735e-34
       397    3.4255115e-34
       398    1.2099625e-34
       399    4.2738633e-35
       400    1.5096332e-35
       401    5.3324202e-36
       402    1.8835598e-36
       403    6.6532929e-37
       404    2.3501524e-37
       405    8.3015186e-38
       406    2.9323869e-38
       407    1.0358267e-38
       408    3.6589388e-39
       409    1.2924848e-39
       410    4.5655986e-40
       411    1.6127684e-40
       412    5.6969789e-41
       413    2.0124047e-41
       414    7.1087871e-42
       415    2.5111268e-42
       416    8.8702193e-43
       417    3.1389086e-43
       418    1.1070258e-43
       419    3.9236357e-44
       420    1.4012985e-44
       421    4.2038954e-45
       422    1.4012985e-45
       423    0.0000000e+00
       424    0.0000000e+00
       425    0.0000000e+00
       426    0.0000000e+00
       427    0.0000000e+00
       428    0.0000000e+00
       429    0.0000000e+00
       430    0.0000000e+00
       431    0.0000000e+00
       432    0.0000000e+00
       433    0.0000000e+00
       434    0.0000000e+00
       435    0.0000000e+00
       436    0.0000000e+00
       437    0.0000000e+00
       438    0.0000000e+00
       439    0.0000000e+00
       440    0.0000000e+00
       441    0.0000000e+00
       442    0.0000000e+00
       443    0.0000000e+00
       444    0.0000000e+00
       445    0.0000000e+00
       446    0.0000000e+00
       447    0.0000000e+00
       448    0.0000000e+00
       449    0.0000000e+00
       450    0.0000000e+00
       451    0.0000000e+00
       452    0.0000000e+00
       453    0.0000000e+00
       454    0.0000000e+00
       455    0.0000000e+00
       456    0.0000000e+00
       457    0.0000000e+00
       458    0.0000000e+00
       459    0.0000000e+00
       460    0.0000000e+00
       461    0.0000000e+00
       462    0.0000000e+00
       463    0.0000000e+00
       464    0.0000000e+00
       465    0.0000000e+00
       466    0.0000000e+00
       467    0.0000000e+00
       468    0.0000000e+00
       469    0.0000000e+00
       470    0.0000000e+00
       471    0.0000000e+00
       472    0.0000000e+00
       473    0.0000000e+00
       474    0.0000000e+00
       475    0.0000000e+00
       476    0.0000000e+00
       477    0.0000000e+00
       478    0.0000000e+00
       479    0.0000000e+00
       480    0.0000000e+00
       481    0.0000000e+00
       482    0.0000000e+00
       483    0.0000000e+00
       484    0.0000000e+00
       485    0.0000000e+00
       486    0.0000000e+00
       487    0.0000000e+00
       488    0.0000000e+00
       489    0.0000000e+00
       490    0.0000000e+00
       491    0.0000000e+00
       492    0.0000000e+00
       493    0.0000000e+00
       494    0.0000000e+00
       495    0.0000000e+00
       496    0.0000000e+00
       497    0.0000000e+00
       498    0.0000000e+00
       499    0.0000000e+00
       500    0.0000000e+00
       501    0.0000000e+00
       502    0.0000000e+00
       503    0.0000000e+00
       504    0.0000000e+00
       505    0.0000000e+00
       506    0.0000000e+00
       507    0.0000000e+00
       508    0.0000000e+00
       509    0.0000000e+00
       510    0.0000000e+00
       511    0.0000000e+00
       512    0.0000000e+00
