         1    1.0000000e+00
         2    1.0000000e+00
         3    1.0000000e+00
         4    1.0000000e+00
         5    1.0000000e+00
         6    1.0000000e+00
         7    1.0000000e+00
         8    1.0000000e+00
         9    1.0000000e+00
        10    1.0000000e+00
        11    1.0000000e+00
        12    1.0000000e+00
        13    1.0000000e+00
        14    1.0000000e+00
        15    1.0000000e+00
        16    1.0000000e+00
        17    1.0000000e+00
        18    1.0000000e+00
        19    1.0000000e+00
        20    1.0000000e+00
        21    1.0000000e+00
        22    1.0000000e+00
        23    1.0000000e+00
        24    1.0000000e+00
        25    1.0000000e+00
        26    1.0000000e+00
        27    1.0000000e+00
        28    1.0000000e+00
        29    1.0000000e+00
        30    1.0000000e+00
        31    1.0000000e+00
        32    1.0000000e+00
        33    1.0000000e+00
        34    1.0000000e+00
        35    1.0000000e+00
        36    1.0000000e+00
        37    1.0000000e+00
        38    1.0000000e+00
        39    1.0000000e+00
        40    1.0000000e+00
        41    1.0000000e+00
        42    1.0000000e+00
        43    1.0000000e+00
        44    1.0000000e+00
        45    1.0000000e+00
        46    1.0000000e+00
        47    1.0000000e+00
        48    1.0000000e+00
        49    1.0000000e+00
        50    1.0000000e+00
        51    1.0000000e+00
        52    1.0000000e+00
        53    1.0000000e+00
        54    1.0000000e+00
        55    1.0000000e+00
        56    1.0000000e+00
        57    1.0000000e+00
        58    1.0000000e+00
        59    1.0000000e+00
        60    1.0000000e+00
        61    1.0000000e+00
        62    1.0000000e+00
        63    1.0000000e+00
        64    1.0000000e+00
        65    1.0000000e+00
        66    1.0000000e+00
        67    1.0000000e+00
        68    1.0000000e+00
        69    1.0000000e+00
        70    1.0000000e+00
        71    1.0000000e+00
        72    1.0000000e+00
        73    1.0000000e+00
        74    1.0000000e+00
        75    1.0000000e+00
        76    1.0000000e+00
        77    1.0000000e+00
        78    1.0000000e+00
        79    1.0000000e+00
        80    1.0000000e+00
        81    1.0000000e+00
        82    1.0000000e+00
        83    1.0000000e+00
        84    1.0000000e+00
        85    1.0000000e+00
        86    1.0000000e+00
        87    1.0000000e+00
        88    1.0000000e+00
        89    1.0000000e+00
        90    1.0000000e+00
        91    1.0000000e+00
        92    1.0000000e+00
        93    1.0000000e+00
        94    1.0000000e+00
        95    1.0000000e+00
        96    1.0000000e+00
        97    1.0000000e+00
        98    1.0000000e+00
        99    1.0000000e+00
       100    1.0000000e+00
       101    1.0000000e+00
       102    1.0000000e+00
       103    1.0000000e+00
       104    1.0000000e+00
       105    1.0000000e+00
       106    1.0000000e+00
       107    1.0000000e+00
       108    1.0000000e+00
       109    1.0000000e+00
       110    1.0000000e+00
       111    1.0000000e+00
       112    1.0000000e+00
       113    1.0000000e+00
       114    1.0000000e+00
       115    1.0000000e+00
       116    1.0000000e+00
       117    1.0000000e+00
       118    1.0000000e+00
       119    1.0000000e+00
       120    1.0000000e+00
       121    1.0000000e+00
       122    1.0000000e+00
       123    1.0000000e+00
       124    1.0000000e+00
       125    1.0000000e+00
       126    1.0000000e+00
       127    1.0000000e+00
       128    1.0000000e+00
       129    1.0000000e+00
       130    1.0000000e+00
       131    1.0000000e+00
       132    1.0000000e+00
       133    1.0000000e+00
       134    1.0000000e+00
       135    1.0000000e+00
       136    1.0000000e+00
       137    1.0000000e+00
       138    1.0000000e+00
       139    1.0000000e+00
       140    1.0000000e+00
       141    1.0000000e+00
       142    1.0000000e+00
       143    1.0000000e+00
       144    1.0000000e+00
       145    1.0000000e+00
       146    1.0000000e+00
       147    1.0000000e+00
       148    1.0000000e+00
       149    1.0000000e+00
       150    1.0000000e+00
       151    1.0000000e+00
       152    1.0000000e+00
       153    1.0000000e+00
       154    1.0000000e+00
       155    1.0000000e+00
       156    1.0000000e+00
       157    1.0000000e+00
       158    1.0000000e+00
       159    9.9999994e-01
       160    9.9999988e-01
       161    9.9999964e-01
       162    9.9999881e-01
       163    9.9999654e-01
       164    9.9998951e-01
       165    9.9996859e-01
       166    9.9990571e-01
       167    9.9971694e-01
       168    9.9915022e-01
       169    9.9745065e-01
       170    9.9237210e-01
       171    9.7734785e-01
       172    9.3414879e-01
       173    8.1990087e-01
       174    5.8165914e-01
       175    2.9983589e-01
       176    1.2396108e-01
       177    4.6438377e-02
       178    1.6753340e-02
       179    5.9619481e-03
       180    2.1113581e-03
       181    7.4643327e-04
       182    2.6373094e-04
       183    9.3163093e-05
       184    3.2907901e-05
       185    1.1623888e-05
       186    4.1058693e-06
       187    1.4503207e-06
       188    5.1230563e-07
       189    1.8096756e-07
       190    6.3926215e-08
       191    2.2582082e-08
       192    7.9772953e-09
       193    2.8180853e-09
       194    9.9554143e-10
       195    3.5169923e-10
       196    1.2424825e-10
       197    4.3895092e-11
       198    1.5507743e-11
       199    5.4788327e-12
       200    1.9356836e-12
       201    6.8389229e-13
       202    2.4162836e-13
       203    8.5371943e-14
       204    3.0164032e-14
       205    1.0657877e-14
       206    3.7658153e-15
       207    1.3306211e-15
       208    4.7017216e-16
       209    1.6613708e-16
       210    5.8706120e-17
       211    2.0744710e-17
       212    7.3305854e-18
       213    2.5904615e-18
       214    9.1542527e-19
       215    3.2350129e-19
       216    1.1432375e-19
       217    4.0402135e-20
       218    1.4278401e-20
       219    5.0461745e-21
       220    1.7834153e-21
       221    6.3030431e-22
       222    2.2276942e-22
       223    7.8735128e-23
       224    2.7828457e-23
       225    9.8359745e-24
       226    3.4765897e-24
       227    1.2288453e-24
       228    4.3435904e-25
       229    1.5353533e-25
       230    5.4271985e-26
       231    1.9184524e-26
       232    6.7816346e-27
       233    2.3973186e-27
       234    8.4747177e-28
       235    2.9959383e-28
       236    1.0591286e-28
       237    3.7443187e-29
       238    1.3237476e-29
       239    4.6800015e-30
       240    1.6546082e-30
       241    5.8499591e-31
       242    2.0683260e-31
       243    7.3129708e-32
       244    2.5856947e-32
       245    9.1425932e-33
       246    3.2327366e-33
       247    1.1430892e-33
       248    4.0420232e-34
       249    1.4293101e-34
       250    5.0543249e-35
       251    1.7873472e-35
       252    6.3206813e-36
       253    2.2352606e-36
       254    7.9049977e-37
       255    2.7956624e-37
       256    9.8872884e-38
       257    3.4968680e-38
       258    1.2367755e-38
       259    4.3743367e-39
       260    1.5471890e-39
       261    5.4724909e-40
       262    1.9356976e-40
       263    6.8470246e-41
       264    2.4220043e-41
       265    8.5675388e-42
       266    3.0310086e-42
       267    1.0719933e-42
       268    3.7975188e-43
       269    1.3452465e-43
       270    4.7644148e-44
       271    1.6815582e-44
       272    5.6051939e-45
       273    1.4012985e-45
       274    0.0000000e+00
       275    0.0000000e+00
       276    0.0000000e+00
       277    0.0000000e+00
       278    0.0000000e+00
       279    0.0000000e+00
       280    0.0000000e+00
       281    0.0000000e+00
       282    0.0000000e+00
       283    0.0000000e+00
       284    0.0000000e+00
       285    0.0000000e+00
       286    0.0000000e+00
       287    0.0000000e+00
       288    0.0000000e+00
       289    0.0000000e+00
       290    0.0000000e+00
       291    0.0000000e+00
       292    0.0000000e+00
       293    0.0000000e+00
       294    0.0000000e+00
       295    0.0000000e+00
       296    0.0000000e+00
       297    0.0000000e+00
       298    0.0000000e+00
       299    0.0000000e+00
       300    0.0000000e+00
       301    0.0000000e+00
       302    0.0000000e+00
       303    0.0000000e+00
       304    0.0000000e+00
       305    0.0000000e+00
       306    0.0000000e+00
       307    0.0000000e+00
       308    0.0000000e+00
       309    0.0000000e+00
       310    0.0000000e+00
       311    0.0000000e+00
       312    0.0000000e+00
       313    0.0000000e+00
       314    0.0000000e+00
       315    0.0000000e+00
       316    0.0000000e+00
       317    0.0000000e+00
       318    0.0000000e+00
       319    0.0000000e+00
       320    0.0000000e+00
       321    0.0000000e+00
       322    0.0000000e+00
       323    0.0000000e+00
       324    0.0000000e+00
       325    0.0000000e+00
       326    0.0000000e+00
       327    0.0000000e+00
       328    0.0000000e+00
       329    0.0000000e+00
       330    0.0000000e+00
       331    0.0000000e+00
       332    0.0000000e+00
       333    0.0000000e+00
       334    0.0000000e+00
       335    0.0000000e+00
       336    0.0000000e+00
       337    0.0000000e+00
       338    0.0000000e+00
       339    0.0000000e+00
       340    0.0000000e+00
       341    0.0000000e+00
       342    0.0000000e+00
       343    0.0000000e+00
       344    0.0000000e+00
       345    0.0000000e+00
       346    0.0000000e+00
       347    0.0000000e+00
       348    0.0000000e+00
       349    0.0000000e+00
       350    0.0000000e+00
       351    0.0000000e+00
       352    0.0000000e+00
       353    0.0000000e+00
       354    0.0000000e+00
       355    0.0000000e+00
       356    0.0000000e+00
       357    0.0000000e+00
       358    0.0000000e+00
       359    0.0000000e+00
       360    0.0000000e+00
       361    0.0000000e+00
       362    0.0000000e+00
       363    0.0000000e+00
       364    0.0000000e+00
       365    0.0000000e+00
       366    0.0000000e+00
       367    0.0000000e+00
       368    0.0000000e+00
       369    0.0000000e+00
       370    0.0000000e+00
       371    0.0000000e+00
       372    0.0000000e+00
       373    0.0000000e+00
       374    0.0000000e+00
       375    0.0000000e+00
       376    0.0000000e+00
       377    0.0000000e+00
       378    0.0000000e+00
       379    0.0000000e+00
       380    0.0000000e+00
       381    0.0000000e+00
       382    0.0000000e+00
       383    0.0000000e+00
       384    0.0000000e+00
       385    0.0000000e+00
       386    0.0000000e+00
       387    0.0000000e+00
       388    0.0000000e+00
       389    0.0000000e+00
       390    0.0000000e+00
       391    0.0000000e+00
       392    0.0000000e+00
       393    0.0000000e+00
       394    0.0000000e+00
       395    0.0000000e+00
       396    0.0000000e+00
       397    0.0000000e+00
       398    0.0000000e+00
       399    0.0000000e+00
       400    0.0000000e+00
       401    0.0000000e+00
       402    0.0000000e+00
       403    0.0000000e+00
       404    0.0000000e+00
       405    0.0000000e+00
       406    0.0000000e+00
       407    0.0000000e+00
       408    0.0000000e+00
       409    0.0000000e+00
       410    0.0000000e+00
       411    0.0000000e+00
       412    0.0000000e+00
       413    0.0000000e+00
       414    0.0000000e+00
       415    0.0000000e+00
       416    0.0000000e+00
       417    0.0000000e+00
       418    0.0000000e+00
       419    0.0000000e+00
       420    0.0000000e+00
       421    0.0000000e+00
       422    0.0000000e+00
       423    0.0000000e+00
       424    0.0000000e+00
       425    0.0000000e+00
       426    0.0000000e+00
       427    0.0000000e+00
       428    0.0000000e+00
       429    0.0000000e+00
       430    0.0000000e+00
       431    0.0000000e+00
       432    0.0000000e+00
       433    0.0000000e+00
       434    0.0000000e+00
       435    0.0000000e+00
       436    0.0000000e+00
       437    0.0000000e+00
       438    0.0000000e+00
       439    0.0000000e+00
       440    0.0000000e+00
       441    0.0000000e+00
       442    0.0000000e+00
       443    0.0000000e+00
       444    0.0000000e+00
       445    0.0000000e+00
       446    0.0000000e+00
       447    0.0000000e+00
       448    0.0000000e+00
       449    0.0000000e+00
       450    0.0000000e+00
       451    0.0000000e+00
       452    0.0000000e+00
       453    0.0000000e+00
       454    0.0000000e+00
       455    0.0000000e+00
       456    0.0000000e+00
       457    0.0000000e+00
       458    0.0000000e+00
       459    0.0000000e+00
       460    0.0000000e+00
       461    0.0000000e+00
       462    0.0000000e+00
       463    0.0000000e+00
       464    0.0000000e+00
       465    0.0000000e+00
       466    0.0000000e+00
       467    0.0000000e+00
       468    0.0000000e+00
       469    0.0000000e+00
       470    0.0000000e+00
       471    0.0000000e+00
       472    0.0000000e+00
       473    0.0000000e+00
       474    0.0000000e+00
       475    0.0000000e+00
       476    0.0000000e+00
       477    0.0000000e+00
       478    0.0000000e+00
       479    0.0000000e+00
       480    0.0000000e+00
       481    0.0000000e+00
       482    0.0000000e+00
       483    0.0000000e+00
       484    0.0000000e+00
       485    0.0000000e+00
       486    0.0000000e+00
       487    0.0000000e+00
       488    0.0000000e+00
       489    0.0000000e+00
       490    0.0000000e+00
       491    0.0000000e+00
       492    0.0000000e+00
       493    0.0000000e+00
       494    0.0000000e+00
       495    0.0000000e+00
       496    0.0000000e+00
       497    0.0000000e+00
       498    0.0000000e+00
       499    0.0000000e+00
       500    0.0000000e+00
       501    0.0000000e+00
       502    0.0000000e+00
       503    0.0000000e+00
       504    0.0000000e+00
       505    0.0000000e+00
       506    0.0000000e+00
       507    0.0000000e+00
       508    0.0000000e+00
       509    0.0000000e+00
       510    0.0000000e+00
       511    0.0000000e+00
       512    0.0000000e+00
