         1    1.0000000e+00
         2    1.0000000e+00
         3    1.0000000e+00
         4    1.0000000e+00
         5    1.0000000e+00
         6    1.0000000e+00
         7    1.0000000e+00
         8    1.0000000e+00
         9    1.0000000e+00
        10    1.0000000e+00
        11    1.0000000e+00
        12    1.0000000e+00
        13    1.0000000e+00
        14    1.0000000e+00
        15    1.0000000e+00
        16    1.0000000e+00
        17    1.0000000e+00
        18    1.0000000e+00
        19    1.0000000e+00
        20    1.0000000e+00
        21    1.0000000e+00
        22    1.0000000e+00
        23    1.0000000e+00
        24    1.0000000e+00
        25    1.0000000e+00
        26    1.0000000e+00
        27    1.0000000e+00
        28    1.0000000e+00
        29    1.0000000e+00
        30    1.0000000e+00
        31    1.0000000e+00
        32    1.0000000e+00
        33    1.0000000e+00
        34    1.0000000e+00
        35    1.0000000e+00
        36    1.0000000e+00
        37    1.0000000e+00
        38    1.0000000e+00
        39    1.0000000e+00
        40    1.0000000e+00
        41    1.0000000e+00
        42    1.0000000e+00
        43    1.0000000e+00
        44    1.0000000e+00
        45    1.0000000e+00
        46    1.0000000e+00
        47    1.0000000e+00
        48    1.0000000e+00
        49    1.0000000e+00
        50    1.0000000e+00
        51    1.0000000e+00
        52    1.0000000e+00
        53    1.0000000e+00
        54    1.0000000e+00
        55    1.0000000e+00
        56    1.0000000e+00
        57    1.0000000e+00
        58    1.0000000e+00
        59    1.0000000e+00
        60    1.0000000e+00
        61    1.0000000e+00
        62    1.0000000e+00
        63    1.0000000e+00
        64    1.0000000e+00
        65    1.0000000e+00
        66    1.0000000e+00
        67    1.0000000e+00
        68    1.0000000e+00
        69    1.0000000e+00
        70    1.0000000e+00
        71    1.0000000e+00
        72    1.0000000e+00
        73    1.0000000e+00
        74    1.0000000e+00
        75    1.0000000e+00
        76    1.0000000e+00
        77    1.0000000e+00
        78    1.0000000e+00
        79    1.0000000e+00
        80    1.0000000e+00
        81    1.0000000e+00
        82    1.0000000e+00
        83    1.0000000e+00
        84    1.0000000e+00
        85    1.0000000e+00
        86    1.0000000e+00
        87    1.0000000e+00
        88    1.0000000e+00
        89    1.0000000e+00
        90    1.0000000e+00
        91    1.0000000e+00
        92    1.0000000e+00
        93    1.0000000e+00
        94    1.0000000e+00
        95    1.0000000e+00
        96    1.0000000e+00
        97    1.0000000e+00
        98    1.0000000e+00
        99    1.0000000e+00
       100    1.0000000e+00
       101    1.0000000e+00
       102    1.0000000e+00
       103    1.0000000e+00
       104    1.0000000e+00
       105    1.0000000e+00
       106    1.0000000e+00
       107    1.0000000e+00
       108    1.0000000e+00
       109    1.0000000e+00
       110    1.0000000e+00
       111    1.0000000e+00
       112    1.0000000e+00
       113    1.0000000e+00
       114    1.0000000e+00
       115    1.0000000e+00
       116    1.0000000e+00
       117    1.0000000e+00
       118    1.0000000e+00
       119    1.0000000e+00
       120    1.0000000e+00
       121    1.0000000e+00
       122    1.0000000e+00
       123    1.0000000e+00
       124    1.0000000e+00
       125    1.0000000e+00
       126    1.0000000e+00
       127    1.0000000e+00
       128    1.0000000e+00
       129    1.0000000e+00
       130    1.0000000e+00
       131    1.0000000e+00
       132    1.0000000e+00
       133    1.0000000e+00
       134    1.0000000e+00
       135    1.0000000e+00
       136    1.0000000e+00
       137    1.0000000e+00
       138    1.0000000e+00
       139    1.0000000e+00
       140    1.0000000e+00
       141    1.0000000e+00
       142    1.0000000e+00
       143    1.0000000e+00
       144    1.0000000e+00
       145    1.0000000e+00
       146    1.0000000e+00
       147    1.0000000e+00
       148    1.0000000e+00
       149    1.0000000e+00
       150    1.0000000e+00
       151    1.0000000e+00
       152    1.0000000e+00
       153    1.0000000e+00
       154    1.0000000e+00
       155    1.0000000e+00
       156    1.0000000e+00
       157    1.0000000e+00
       158    1.0000000e+00
       159    1.0000000e+00
       160    1.0000000e+00
       161    1.0000000e+00
       162    1.0000000e+00
       163    1.0000000e+00
       164    1.0000000e+00
       165    1.0000000e+00
       166    1.0000000e+00
       167    1.0000000e+00
       168    1.0000000e+00
       169    1.0000000e+00
       170    1.0000000e+00
       171    1.0000000e+00
       172    1.0000000e+00
       173    1.0000000e+00
       174    1.0000000e+00
       175    1.0000000e+00
       176    1.0000000e+00
       177    1.0000000e+00
       178    1.0000000e+00
       179    1.0000000e+00
       180    1.0000000e+00
       181    1.0000000e+00
       182    1.0000000e+00
       183    1.0000000e+00
       184    1.0000000e+00
       185    1.0000000e+00
       186    1.0000000e+00
       187    1.0000000e+00
       188    1.0000000e+00
       189    1.0000000e+00
       190    1.0000000e+00
       191    1.0000000e+00
       192    1.0000000e+00
       193    1.0000000e+00
       194    1.0000000e+00
       195    1.0000000e+00
       196    1.0000000e+00
       197    1.0000000e+00
       198    1.0000000e+00
       199    1.0000000e+00
       200    1.0000000e+00
       201    1.0000000e+00
       202    1.0000000e+00
       203    1.0000000e+00
       204    1.0000000e+00
       205    1.0000000e+00
       206    1.0000000e+00
       207    1.0000000e+00
       208    1.0000000e+00
       209    1.0000000e+00
       210    1.0000000e+00
       211    1.0000000e+00
       212    1.0000000e+00
       213    1.0000000e+00
       214    1.0000000e+00
       215    1.0000000e+00
       216    1.0000000e+00
       217    1.0000000e+00
       218    1.0000000e+00
       219    1.0000000e+00
       220    1.0000000e+00
       221    1.0000000e+00
       222    1.0000000e+00
       223    1.0000000e+00
       224    1.0000000e+00
       225    1.0000000e+00
       226    1.0000000e+00
       227    1.0000000e+00
       228    1.0000000e+00
       229    1.0000000e+00
       230    1.0000000e+00
       231    1.0000000e+00
       232    1.0000000e+00
       233    1.0000000e+00
       234    1.0000000e+00
       235    1.0000000e+00
       236    1.0000000e+00
       237    1.0000000e+00
       238    1.0000000e+00
       239    1.0000000e+00
       240    1.0000000e+00
       241    1.0000000e+00
       242    1.0000000e+00
       243    1.0000000e+00
       244    1.0000000e+00
       245    1.0000000e+00
       246    1.0000000e+00
       247    1.0000000e+00
       248    1.0000000e+00
       249    1.0000000e+00
       250    1.0000000e+00
       251    1.0000000e+00
       252    1.0000000e+00
       253    1.0000000e+00
       254    1.0000000e+00
       255    1.0000000e+00
       256    1.0000000e+00
       257    1.0000000e+00
       258    1.0000000e+00
       259    1.0000000e+00
       260    1.0000000e+00
       261    1.0000000e+00
       262    1.0000000e+00
       263    1.0000000e+00
       264    1.0000000e+00
       265    1.0000000e+00
       266    1.0000000e+00
       267    1.0000000e+00
       268    1.0000000e+00
       269    1.0000000e+00
       270    1.0000000e+00
       271    1.0000000e+00
       272    1.0000000e+00
       273    1.0000000e+00
       274    1.0000000e+00
       275    1.0000000e+00
       276    1.0000000e+00
       277    1.0000000e+00
       278    1.0000000e+00
       279    1.0000000e+00
       280    1.0000000e+00
       281    1.0000000e+00
       282    1.0000000e+00
       283    1.0000000e+00
       284    1.0000000e+00
       285    1.0000000e+00
       286    1.0000000e+00
       287    1.0000000e+00
       288    1.0000000e+00
       289    1.0000000e+00
       290    1.0000000e+00
       291    1.0000000e+00
       292    1.0000000e+00
       293    1.0000000e+00
       294    1.0000000e+00
       295    1.0000000e+00
       296    1.0000000e+00
       297    1.0000000e+00
       298    1.0000000e+00
       299    1.0000000e+00
       300    1.0000000e+00
       301    1.0000000e+00
       302    1.0000000e+00
       303    1.0000000e+00
       304    1.0000000e+00
       305    1.0000000e+00
       306    1.0000000e+00
       307    1.0000000e+00
       308    1.0000000e+00
       309    1.0000000e+00
       310    1.0000000e+00
       311    1.0000000e+00
       312    1.0000000e+00
       313    1.0000000e+00
       314    1.0000000e+00
       315    1.0000000e+00
       316    1.0000000e+00
       317    1.0000000e+00
       318    1.0000000e+00
       319    1.0000000e+00
       320    1.0000000e+00
       321    1.0000000e+00
       322    1.0000000e+00
       323    1.0000000e+00
       324    1.0000000e+00
       325    1.0000000e+00
       326    1.0000000e+00
       327    1.0000000e+00
       328    1.0000000e+00
       329    1.0000000e+00
       330    1.0000000e+00
       331    1.0000000e+00
       332    1.0000000e+00
       333    1.0000000e+00
       334    1.0000000e+00
       335    1.0000000e+00
       336    1.0000000e+00
       337    1.0000000e+00
       338    1.0000000e+00
       339    1.0000000e+00
       340    1.0000000e+00
       341    1.0000000e+00
       342    1.0000000e+00
       343    1.0000000e+00
       344    1.0000000e+00
       345    1.0000000e+00
       346    1.0000000e+00
       347    1.0000000e+00
       348    1.0000000e+00
       349    1.0000000e+00
       350    1.0000000e+00
       351    1.0000000e+00
       352    1.0000000e+00
       353    1.0000000e+00
       354    1.0000000e+00
       355    1.0000000e+00
       356    1.0000000e+00
       357    1.0000000e+00
       358    1.0000000e+00
       359    1.0000000e+00
       360    1.0000000e+00
       361    1.0000000e+00
       362    1.0000000e+00
       363    1.0000000e+00
       364    1.0000000e+00
       365    1.0000000e+00
       366    1.0000000e+00
       367    1.0000000e+00
       368    1.0000000e+00
       369    1.0000000e+00
       370    1.0000000e+00
       371    1.0000000e+00
       372    1.0000000e+00
       373    1.0000000e+00
       374    9.9999994e-01
       375    9.9999988e-01
       376    9.9999964e-01
       377    9.9999899e-01
       378    9.9999702e-01
       379    9.9999112e-01
       380    9.9997336e-01
       381    9.9992007e-01
       382    9.9975985e-01
       383    9.9927872e-01
       384    9.9783540e-01
       385    9.9351943e-01
       386    9.8071802e-01
       387    9.4364220e-01
       388    8.4366190e-01
       389    6.2427908e-01
       390    3.3642477e-01
       391    1.4234269e-01
       392    5.3814016e-02
       393    1.9476466e-02
       394    6.9377450e-03
       395    2.4573170e-03
       396    8.6862233e-04
       397    3.0682652e-04
       398    1.0835449e-04
       399    3.8261645e-05
       400    1.3510396e-05
       401    4.7705562e-06
       402    1.6844945e-06
       403    5.9479987e-07
       404    2.1002607e-07
       405    7.4161207e-08
       406    2.6186756e-08
       407    9.2467234e-09
       408    3.2650918e-09
       409    1.1529333e-09
       410    4.0711240e-10
       411    1.4375595e-10
       412    5.0761985e-11
       413    1.7924735e-11
       414    6.3294825e-12
       415    2.2350383e-12
       416    7.8922903e-13
       417    2.7869070e-13
       418    9.8410903e-14
       419    3.4750838e-14
       420    1.2271248e-14
       421    4.3332469e-15
       422    1.5301695e-15
       423    5.4033979e-16
       424    1.9080762e-16
       425    6.7379188e-17
       426    2.3793440e-17
       427    8.4021417e-18
       428    2.9670452e-18
       429    1.0477546e-18
       430    3.6999548e-19
       431    1.3065759e-19
       432    4.6139634e-20
       433    1.6293523e-20
       434    5.7538320e-21
       435    2.0318926e-21
       436    7.1753930e-22
       437    2.5339146e-22
       438    8.9482815e-23
       439    3.1600114e-23
       440    1.1159353e-23
       441    3.9408580e-24
       442    1.3916944e-24
       443    4.9147149e-25
       444    1.7356181e-25
       445    6.1293075e-26
       446    2.1645621e-26
       447    7.6441639e-27
       448    2.6995500e-27
       449    9.5335381e-28
       450    3.3668070e-28
       451    1.1890050e-28
       452    4.1990455e-29
       453    1.4829238e-29
       454    5.2370718e-30
       455    1.8495222e-30
       456    6.5317876e-31
       457    2.3067786e-31
       458    8.1466895e-32
       459    2.8771188e-32
       460    1.0160986e-32
       461    3.5885198e-33
       462    1.2673489e-33
       463    4.4758807e-34
       464    1.5807465e-34
       465    5.5827389e-35
       466    1.9716685e-35
       467    6.9634078e-36
       468    2.4592983e-36
       469    8.6856443e-37
       470    3.0675683e-37
       471    1.0833977e-37
       472    3.8263351e-38
       473    1.3513865e-38
       474    4.7728464e-39
       475    1.6856864e-39
       476    5.9535707e-40
       477    2.1027044e-40
       478    7.4264615e-41
       479    2.6229505e-41
       480    9.2625828e-42
       481    3.2720319e-42
       482    1.1560712e-42
       483    4.0777785e-43
       484    1.4433374e-43
       485    5.1848043e-44
       486    1.8216880e-44
       487    5.6051939e-45
       488    1.4012985e-45
       489    0.0000000e+00
       490    0.0000000e+00
       491    0.0000000e+00
       492    0.0000000e+00
       493    0.0000000e+00
       494    0.0000000e+00
       495    0.0000000e+00
       496    0.0000000e+00
       497    0.0000000e+00
       498    0.0000000e+00
       499    0.0000000e+00
       500    0.0000000e+00
       501    0.0000000e+00
       502    0.0000000e+00
       503    0.0000000e+00
       504    0.0000000e+00
       505    0.0000000e+00
       506    0.0000000e+00
       507    0.0000000e+00
       508    0.0000000e+00
       509    0.0000000e+00
       510    0.0000000e+00
       511    0.0000000e+00
       512    0.0000000e+00
