    20    2.5000000e-01    6.5602840e+00     13    6.2411364e+00
    40    5.0000000e-01    8.1203789e+00     16    6.2403797e+00
    60    7.5000000e-01    9.6917865e+00     19    6.2856307e+00
    80    1.0000000e+00    1.1271563e+01     22    6.3191073e+00
   100    1.2500000e+00    1.2860301e+01     25    6.3549523e+00
   120    1.5000000e+00    1.4462273e+01     28    6.4078849e+00
   140    1.7500000e+00    1.6079115e+01     32    6.4673695e+00
   160    2.0000000e+00    1.7690591e+01     35    6.4459018e+00
   180    2.2500000e+00    1.9299778e+01     38    6.4367487e+00
   200    2.5000000e+00    2.0915380e+01     41    6.4624110e+00
   220    2.7500000e+00    2.2547492e+01     45    6.5284476e+00
   240    3.0000000e+00    2.4174795e+01     48    6.5092099e+00
   260    3.2500000e+00    2.5795038e+01     51    6.4809719e+00
   280    3.5000000e+00    2.7420316e+01     54    6.5011118e+00
   300    3.7500000e+00    2.9062119e+01     58    6.5672139e+00
   320    4.0000000e+00    3.0695253e+01     61    6.5325366e+00
   340    4.2500000e+00    3.2321575e+01     64    6.5052882e+00
   360    4.5000000e+00    3.3955883e+01     67    6.5372296e+00
   380    4.7500000e+00    3.5603785e+01     71    6.5916101e+00
   400    5.0000000e+00    3.7237744e+01     74    6.5358327e+00
   420    5.2500000e+00    3.8868962e+01     77    6.5248751e+00
   440    5.5000000e+00    4.0514802e+01     81    6.5833592e+00
   460    5.7500000e+00    4.2161144e+01     84    6.5853674e+00
   480    6.0000000e+00    4.3794946e+01     87    6.5352069e+00
   500    6.2500000e+00    4.5433186e+01     90    6.5529603e+00
   520    6.5000000e+00    4.7087575e+01     94    6.6175562e+00
   540    6.7500000e+00    4.8728183e+01     97    6.5624336e+00
   560    7.0000000e+00    5.0364095e+01    100    6.5436470e+00
   580    7.2500000e+00    5.2014548e+01    104    6.6018110e+00
   600    7.5000000e+00    5.3665273e+01    107    6.6029024e+00
   620    7.7500000e+00    5.5302837e+01    110    6.5502536e+00
   640    8.0000000e+00    5.6945952e+01    113    6.5724598e+00
   660    8.2500000e+00    5.8604037e+01    117    6.6323410e+00
   680    8.5000000e+00    6.0246417e+01    120    6.5695203e+00
   700    8.7500000e+00    6.1886203e+01    123    6.5591448e+00
   720    9.0000000e+00    6.3543033e+01    127    6.6273205e+00
   740    9.2500000e+00    6.5192813e+01    130    6.5991189e+00
   760    9.5000000e+00    6.6832428e+01    133    6.5584609e+00
   780    9.7500000e+00    6.8482143e+01    136    6.5988570e+00
   800    1.0000000e+01    7.0140617e+01    140    6.6338980e+00
   820    1.0250000e+01    7.1782662e+01    143    6.5681816e+00
   840    1.0500000e+01    7.3427269e+01    146    6.5784261e+00
   860    1.0750000e+01    7.5088814e+01    150    6.6461798e+00
   880    1.1000000e+01    7.6735472e+01    153    6.5866334e+00
   900    1.1250000e+01    7.8377678e+01    156    6.5688218e+00
   920    1.1500000e+01    8.0036632e+01    160    6.6358189e+00
   940    1.1750000e+01    8.1689817e+01    163    6.6127395e+00
   960    1.2000000e+01    8.3331906e+01    166    6.5683562e+00
   980    1.2250000e+01    8.4984254e+01    169    6.6093926e+00
  1000    1.2500000e+01    8.6644875e+01    173    6.6424836e+00
  1020    1.2750000e+01    8.8288820e+01    176    6.5757777e+00
  1040    1.3000000e+01    8.9936286e+01    179    6.5898639e+00
  1060    1.3250000e+01    9.1600028e+01    183    6.6549692e+00
  1080    1.3500000e+01    9.3247560e+01    186    6.5901258e+00
  1100    1.3750000e+01    9.4892253e+01    189    6.5787754e+00
  1120    1.4000000e+01    9.6554766e+01    193    6.6500506e+00
  1140    1.4250000e+01    9.8207427e+01    196    6.6106440e+00
  1160    1.4500000e+01    9.9851204e+01    199    6.5751083e+00
  1180    1.4750000e+01    1.0150870e+02    203    6.6299981e+00
  1200    1.5000000e+01    1.0316786e+02    206    6.6366338e+00
  1220    1.5250000e+01    1.0481237e+02    209    6.5780187e+00
  1240    1.5500000e+01    1.0646418e+02    212    6.6072680e+00
  1260    1.5750000e+01    1.0812841e+02    216    6.6568900e+00
  1280    1.6000000e+01    1.0977512e+02    219    6.5868371e+00
  1300    1.6250000e+01    1.1142316e+02    222    6.5921922e+00
  1320    1.6500000e+01    1.1308870e+02    226    6.6621578e+00
  1340    1.6750000e+01    1.1473893e+02    229    6.6008943e+00
  1360    1.7000000e+01    1.1638483e+02    232    6.5836066e+00
  1380    1.7250000e+01    1.1804843e+02    236    6.6543871e+00
  1400    1.7500000e+01    1.1970336e+02    239    6.6197535e+00
  1420    1.7750000e+01    1.2134858e+02    242    6.5808708e+00
  1440    1.8000000e+01    1.2300730e+02    246    6.6348584e+00
  1460    1.8250000e+01    1.2466808e+02    249    6.6431239e+00
  1480    1.8500000e+01    1.2631391e+02    252    6.5833447e+00
  1500    1.8750000e+01    1.2796739e+02    255    6.6139037e+00
  1520    1.9000000e+01    1.2963275e+02    259    6.6614593e+00
  1540    1.9250000e+01    1.3128039e+02    262    6.5905624e+00
  1560    1.9500000e+01    1.3293023e+02    265    6.5993518e+00
  1580    1.9750000e+01    1.3459711e+02    269    6.6675129e+00
  1600    2.0000000e+01    1.3624769e+02    272    6.6023204e+00
  1620    2.0250000e+01    1.3789521e+02    275    6.5900967e+00
  1640    2.0500000e+01    1.3956096e+02    279    6.6629727e+00
  1660    2.0750000e+01    1.4121545e+02    282    6.6179782e+00
  1680    2.1000000e+01    1.4286189e+02    285    6.5857312e+00
  1700    2.1250000e+01    1.4452405e+02    289    6.6486537e+00
  1720    2.1500000e+01    1.4618342e+02    292    6.6374778e+00
  1740    2.1750000e+01    1.4782991e+02    295    6.5859640e+00
  1760    2.2000000e+01    1.4948679e+02    298    6.6275243e+00
  1780    2.2250000e+01    1.5115138e+02    302    6.6583743e+00
  1800    2.2500000e+01    1.5279894e+02    305    6.5902132e+00
  1820    2.2750000e+01    1.5445173e+02    308    6.6111679e+00
  1840    2.3000000e+01    1.5611910e+02    312    6.6694920e+00
  1860    2.3250000e+01    1.5776869e+02    315    6.5983622e+00
  1880    2.3500000e+01    1.5941859e+02    318    6.5995846e+00
  1900    2.3750000e+01    1.6108640e+02    322    6.6712382e+00
  1920    2.4000000e+01    1.6273894e+02    325    6.6101784e+00
  1940    2.4250000e+01    1.6438699e+02    328    6.5921922e+00
  1960    2.4500000e+01    1.6605311e+02    332    6.6644861e+00
  1980    2.4750000e+01    1.6770944e+02    335    6.6253124e+00
  2000    2.5000000e+01    1.6935669e+02    338    6.5889908e+00
  2020    2.5250000e+01    1.7101906e+02    342    6.6494686e+00
  2040    2.5500000e+01    1.7268001e+02    345    6.6438224e+00
  2060    2.5750000e+01    1.7432739e+02    348    6.5895147e+00
  2080    2.6000000e+01    1.7598484e+02    351    6.6297944e+00
  2100    2.6250000e+01    1.7765048e+02    355    6.6625653e+00
  2120    2.6500000e+01    1.7929886e+02    358    6.5935310e+00
  2140    2.6750000e+01    1.8095251e+02    361    6.6146022e+00
  2160    2.7000000e+01    1.8262067e+02    365    6.6726352e+00
  2180    2.7250000e+01    1.8427087e+02    368    6.6008070e+00
  2200    2.7500000e+01    1.8592176e+02    371    6.6035427e+00
  2220    2.7750000e+01    1.8759044e+02    375    6.6747307e+00
  2240    2.8000000e+01    1.8924328e+02    378    6.6113425e+00
  2260    2.8250000e+01    1.9089229e+02    381    6.5960339e+00
  2280    2.8500000e+01    1.9255964e+02    385    6.6694338e+00
  2300    2.8750000e+01    1.9421587e+02    388    6.6249049e+00
  2320    2.9000000e+01    1.9586390e+02    391    6.5921340e+00
  2340    2.9250000e+01    1.9752816e+02    395    6.6570356e+00
  2360    2.9500000e+01    1.9918851e+02    398    6.6413777e+00
  2380    2.9750000e+01    2.0083640e+02    401    6.5915519e+00
  2400    3.0000000e+01    2.0249601e+02    404    6.6384673e+00
  2420    3.0250000e+01    2.0416101e+02    408    6.6600041e+00
  2440    3.0500000e+01    2.0580956e+02    411    6.5941713e+00
  2460    3.0750000e+01    2.0746523e+02    414    6.6226930e+00
  2480    3.1000000e+01    2.0913329e+02    418    6.6722278e+00
  2500    3.1250000e+01    2.1078324e+02    421    6.5998174e+00
  2520    3.1500000e+01    2.1243587e+02    424    6.6105276e+00
  2540    3.1750000e+01    2.1410520e+02    428    6.6772918e+00
  2560    3.2000000e+01    2.1575725e+02    431    6.6081993e+00
  2580    3.2250000e+01    2.1740769e+02    434    6.6017965e+00
  2600    3.2500000e+01    2.1907662e+02    438    6.6757202e+00
  2620    3.2750000e+01    2.2073147e+02    441    6.6193752e+00
  2640    3.3000000e+01    2.2238053e+02    444    6.5962668e+00
  2660    3.3250000e+01    2.2404746e+02    448    6.6676876e+00
  2680    3.3500000e+01    2.2570576e+02    451    6.6332286e+00
  2700    3.3750000e+01    2.2735419e+02    454    6.5937056e+00
  2720    3.4000000e+01    2.2901761e+02    458    6.6536595e+00
  2740    3.4250000e+01    2.3067999e+02    461    6.6495268e+00
  2760    3.4500000e+01    2.3232852e+02    464    6.5941131e+00
  2780    3.4750000e+01    2.3398751e+02    467    6.6359644e+00
  2800    3.5000000e+01    2.3565404e+02    471    6.6661160e+00
  2820    3.5250000e+01    2.3730338e+02    474    6.5973727e+00
  2840    3.5500000e+01    2.3895882e+02    477    6.6217617e+00
  2860    3.5750000e+01    2.4062781e+02    481    6.6759530e+00
  2880    3.6000000e+01    2.4227859e+02    484    6.6031353e+00
  2900    3.6250000e+01    2.4393131e+02    487    6.6108769e+00
  2920    3.6500000e+01    2.4560120e+02    491    6.6795619e+00
  2940    3.6750000e+01    2.4725407e+02    494    6.6114590e+00
  2960    3.7000000e+01    2.4890481e+02    497    6.6029606e+00
  2980    3.7250000e+01    2.5057408e+02    501    6.6771172e+00
  3000    3.7500000e+01    2.5222969e+02    504    6.6224020e+00
