    10    6.2311192e+00
    11    6.3038460e+00
    12    6.3644525e+00
    13    6.4157343e+00
    14    6.4596907e+00
    15    6.4977853e+00
    16    6.5311192e+00
    17    6.5605309e+00
    18    6.5866743e+00
    19    6.6100665e+00
    20    6.6311190e+00
    21    6.6501666e+00
    22    6.6674825e+00
    23    6.6832931e+00
    24    6.6977855e+00
    25    6.7111191e+00
    26    6.7234264e+00
    27    6.7348224e+00
    28    6.7454043e+00
    29    6.7552569e+00
    30    6.7644523e+00
    31    6.7730543e+00
    32    6.7811188e+00
    33    6.7886949e+00
    34    6.7958249e+00
    35    6.8025474e+00
    36    6.8088971e+00
    37    6.8149029e+00
    38    6.8205923e+00
    39    6.8259910e+00
    40    6.8311188e+00
    41    6.8359968e+00
    42    6.8406430e+00
    43    6.8450727e+00
    44    6.8493009e+00
    45    6.8533409e+00
    46    6.8572058e+00
    47    6.8609061e+00
    48    6.8644526e+00
    49    6.8678537e+00
    50    6.8711188e+00
    51    6.8742561e+00
    52    6.8772729e+00
    53    6.8801755e+00
    54    6.8829709e+00
    55    6.8856643e+00
    56    6.8882619e+00
    57    6.8907680e+00
    58    6.8931881e+00
    59    6.8955260e+00
    60    6.8977856e+00
    61    6.8999716e+00
    62    6.9020866e+00
    63    6.9041348e+00
    64    6.9061189e+00
    65    6.9080420e+00
    66    6.9099069e+00
    67    6.9117159e+00
    68    6.9134721e+00
    69    6.9151770e+00
    70    6.9168336e+00
    71    6.9184430e+00
    72    6.9200078e+00
    73    6.9215298e+00
    74    6.9230109e+00
    75    6.9244525e+00
    76    6.9258558e+00
    77    6.9272228e+00
    78    6.9285552e+00
    79    6.9298530e+00
    80    6.9311191e+00
    81    6.9323537e+00
    82    6.9335579e+00
    83    6.9347334e+00
    84    6.9358812e+00
    85    6.9370017e+00
    86    6.9380953e+00
    87    6.9391649e+00
    88    6.9402099e+00
    89    6.9412313e+00
    90    6.9422299e+00
    91    6.9432072e+00
    92    6.9441626e+00
    93    6.9450975e+00
    94    6.9460125e+00
    95    6.9469083e+00
    96    6.9477856e+00
    97    6.9486450e+00
    98    6.9494863e+00
    99    6.9503108e+00
   100    6.9511188e+00
   101    6.9519110e+00
   102    6.9526873e+00
   103    6.9534490e+00
   104    6.9541961e+00
   105    6.9549283e+00
   106    6.9556477e+00
   107    6.9563525e+00
   108    6.9570451e+00
   109    6.9577245e+00
   110    6.9583916e+00
   111    6.9590469e+00
   112    6.9596904e+00
   113    6.9603225e+00
   114    6.9609437e+00
   115    6.9615539e+00
   116    6.9621533e+00
   117    6.9627431e+00
   118    6.9633224e+00
   119    6.9638918e+00
   120    6.9644525e+00
   121    6.9650036e+00
   122    6.9655448e+00
   123    6.9660787e+00
   124    6.9666030e+00
   125    6.9671191e+00
   126    6.9676271e+00
   127    6.9681269e+00
   128    6.9686189e+00
   129    6.9691037e+00
   130    6.9695807e+00
   131    6.9700504e+00
   132    6.9705129e+00
   133    6.9709686e+00
   134    6.9714174e+00
   135    6.9718594e+00
   136    6.9722955e+00
   137    6.9727248e+00
   138    6.9731482e+00
   139    6.9735652e+00
   140    6.9739758e+00
   141    6.9743814e+00
   142    6.9747812e+00
   143    6.9751750e+00
   144    6.9755633e+00
   145    6.9759467e+00
   146    6.9763246e+00
   147    6.9766970e+00
   148    6.9770649e+00
   149    6.9774273e+00
   150    6.9777857e+00
   151    6.9781390e+00
   152    6.9784874e+00
   153    6.9788316e+00
   154    6.9791708e+00
   155    6.9795060e+00
   156    6.9798371e+00
   157    6.9801636e+00
   158    6.9804860e+00
   159    6.9808043e+00
   160    6.9811190e+00
   161    6.9814296e+00
   162    6.9817365e+00
   163    6.9820389e+00
   164    6.9823386e+00
   165    6.9826337e+00
   166    6.9829262e+00
   167    6.9832149e+00
   168    6.9835000e+00
   169    6.9837815e+00
   170    6.9840598e+00
   171    6.9843354e+00
   172    6.9846074e+00
   173    6.9848761e+00
   174    6.9851421e+00
   175    6.9854045e+00
   176    6.9856646e+00
   177    6.9859216e+00
   178    6.9861749e+00
   179    6.9864263e+00
   180    6.9866746e+00
   181    6.9869202e+00
   182    6.9871630e+00
   183    6.9874031e+00
   184    6.9876405e+00
   185    6.9878761e+00
   186    6.9881080e+00
   187    6.9883381e+00
   188    6.9885659e+00
   189    6.9887910e+00
   190    6.9890134e+00
   191    6.9892340e+00
   192    6.9894527e+00
   193    6.9896678e+00
   194    6.9898820e+00
   195    6.9900934e+00
   196    6.9903026e+00
   197    6.9905100e+00
   198    6.9907151e+00
   199    6.9909179e+00
   200    6.9911189e+00
   201    6.9913181e+00
   202    6.9915150e+00
   203    6.9917101e+00
   204    6.9919033e+00
   205    6.9920943e+00
   206    6.9922839e+00
   207    6.9924713e+00
   208    6.9926573e+00
   209    6.9928415e+00
   210    6.9930238e+00
   211    6.9932044e+00
   212    6.9933831e+00
   213    6.9935604e+00
   214    6.9937360e+00
   215    6.9939097e+00
   216    6.9940820e+00
   217    6.9942525e+00
   218    6.9944222e+00
   219    6.9945895e+00
   220    6.9947555e+00
   221    6.9949201e+00
   222    6.9950829e+00
   223    6.9952443e+00
   224    6.9954044e+00
   225    6.9955636e+00
   226    6.9957209e+00
   227    6.9958764e+00
   228    6.9960315e+00
   229    6.9961843e+00
   230    6.9963367e+00
   231    6.9964872e+00
   232    6.9966359e+00
   233    6.9967841e+00
   234    6.9969310e+00
   235    6.9970765e+00
   236    6.9972207e+00
   237    6.9973635e+00
   238    6.9975054e+00
   239    6.9976459e+00
   240    6.9977855e+00
   241    6.9979242e+00
   242    6.9980611e+00
   243    6.9981970e+00
   244    6.9983321e+00
   245    6.9984658e+00
   246    6.9985986e+00
   247    6.9987304e+00
   248    6.9988610e+00
   249    6.9989906e+00
   250    6.9991188e+00
   251    6.9992466e+00
   252    6.9993730e+00
   253    6.9994985e+00
   254    6.9996231e+00
   255    6.9997463e+00
   256    6.9998691e+00
   257    6.9999905e+00
   258    7.0001111e+00
   259    7.0002311e+00
   260    7.0003498e+00
   261    7.0004676e+00
   262    7.0005844e+00
   263    7.0007004e+00
   264    7.0008159e+00
   265    7.0009305e+00
   266    7.0010442e+00
   267    7.0011565e+00
   268    7.0012684e+00
   269    7.0013789e+00
   270    7.0014894e+00
   271    7.0015985e+00
   272    7.0017068e+00
   273    7.0018150e+00
   274    7.0019219e+00
   275    7.0020278e+00
   276    7.0021333e+00
   277    7.0022379e+00
   278    7.0023420e+00
   279    7.0024448e+00
   280    7.0025476e+00
   281    7.0026490e+00
   282    7.0027500e+00
   283    7.0028505e+00
   284    7.0029500e+00
   285    7.0030492e+00
   286    7.0031469e+00
   287    7.0032443e+00
   288    7.0033411e+00
   289    7.0034375e+00
   290    7.0035330e+00
   291    7.0036276e+00
   292    7.0037213e+00
   293    7.0038150e+00
   294    7.0039082e+00
   295    7.0040005e+00
   296    7.0040919e+00
   297    7.0041829e+00
   298    7.0042734e+00
   299    7.0043629e+00
   300    7.0044525e+00
   301    7.0045407e+00
   302    7.0046290e+00
   303    7.0047163e+00
   304    7.0048031e+00
   305    7.0048895e+00
   306    7.0049750e+00
   307    7.0050605e+00
   308    7.0051451e+00
   309    7.0052288e+00
   310    7.0053125e+00
   311    7.0053957e+00
   312    7.0054780e+00
   313    7.0055598e+00
   314    7.0056417e+00
   315    7.0057222e+00
   316    7.0058027e+00
   317    7.0058823e+00
   318    7.0059618e+00
   319    7.0060405e+00
   320    7.0061192e+00
   321    7.0061969e+00
   322    7.0062742e+00
   323    7.0063511e+00
   324    7.0064275e+00
   325    7.0065034e+00
   326    7.0065789e+00
   327    7.0066540e+00
   328    7.0067290e+00
   329    7.0068031e+00
   330    7.0068763e+00
   331    7.0069500e+00
   332    7.0070223e+00
   333    7.0070951e+00
   334    7.0071669e+00
   335    7.0072383e+00
   336    7.0073093e+00
   337    7.0073802e+00
   338    7.0074507e+00
   339    7.0075198e+00
   340    7.0075894e+00
   341    7.0076585e+00
   342    7.0077272e+00
   343    7.0077954e+00
   344    7.0078631e+00
   345    7.0079304e+00
   346    7.0079973e+00
   347    7.0080641e+00
   348    7.0081305e+00
   349    7.0081965e+00
   350    7.0082619e+00
   351    7.0083270e+00
   352    7.0083915e+00
   353    7.0084561e+00
   354    7.0085198e+00
   355    7.0085839e+00
   356    7.0086471e+00
   357    7.0087099e+00
   358    7.0087726e+00
   359    7.0088349e+00
   360    7.0088968e+00
   361    7.0089586e+00
   362    7.0090196e+00
   363    7.0090805e+00
   364    7.0091410e+00
   365    7.0092010e+00
   366    7.0092610e+00
   367    7.0093206e+00
   368    7.0093802e+00
   369    7.0094388e+00
   370    7.0094975e+00
   371    7.0095552e+00
   372    7.0096135e+00
   373    7.0096717e+00
   374    7.0097285e+00
   375    7.0097853e+00
   376    7.0098426e+00
   377    7.0098990e+00
   378    7.0099550e+00
   379    7.0100109e+00
   380    7.0100664e+00
   381    7.0101214e+00
   382    7.0101764e+00
   383    7.0102315e+00
   384    7.0102856e+00
   385    7.0103401e+00
   386    7.0103933e+00
   387    7.0104470e+00
   388    7.0105007e+00
   389    7.0105534e+00
   390    7.0106062e+00
   391    7.0106585e+00
   392    7.0107108e+00
   393    7.0107631e+00
   394    7.0108144e+00
   395    7.0108658e+00
   396    7.0109168e+00
   397    7.0109681e+00
   398    7.0110186e+00
   399    7.0110691e+00
   400    7.0111191e+00
   401    7.0111691e+00
   402    7.0112183e+00
   403    7.0112678e+00
   404    7.0113169e+00
   405    7.0113661e+00
   406    7.0114143e+00
   407    7.0114629e+00
   408    7.0115111e+00
   409    7.0115589e+00
   410    7.0116071e+00
   411    7.0116544e+00
   412    7.0117017e+00
   413    7.0117485e+00
   414    7.0117953e+00
   415    7.0118422e+00
   416    7.0118881e+00
   417    7.0119345e+00
   418    7.0119800e+00
   419    7.0120259e+00
   420    7.0120714e+00
   421    7.0121164e+00
   422    7.0121614e+00
   423    7.0122064e+00
   424    7.0122510e+00
   425    7.0122956e+00
   426    7.0123397e+00
   427    7.0123833e+00
   428    7.0124274e+00
   429    7.0124711e+00
   430    7.0125143e+00
   431    7.0125575e+00
   432    7.0126007e+00
   433    7.0126430e+00
   434    7.0126862e+00
   435    7.0127280e+00
   436    7.0127703e+00
   437    7.0128126e+00
   438    7.0128540e+00
   439    7.0128958e+00
   440    7.0129367e+00
   441    7.0129786e+00
   442    7.0130195e+00
   443    7.0130604e+00
   444    7.0131009e+00
   445    7.0131414e+00
   446    7.0131819e+00
   447    7.0132219e+00
   448    7.0132619e+00
   449    7.0133015e+00
   450    7.0133410e+00
   451    7.0133806e+00
   452    7.0134201e+00
   453    7.0134588e+00
   454    7.0134979e+00
   455    7.0135366e+00
   456    7.0135748e+00
   457    7.0136134e+00
   458    7.0136521e+00
   459    7.0136898e+00
   460    7.0137276e+00
   461    7.0137653e+00
   462    7.0138030e+00
   463    7.0138403e+00
   464    7.0138776e+00
   465    7.0139145e+00
   466    7.0139513e+00
   467    7.0139886e+00
   468    7.0140250e+00
   469    7.0140613e+00
   470    7.0140973e+00
   471    7.0141341e+00
   472    7.0141700e+00
   473    7.0142055e+00
   474    7.0142414e+00
   475    7.0142769e+00
   476    7.0143124e+00
   477    7.0143474e+00
   478    7.0143824e+00
   479    7.0144174e+00
   480    7.0144524e+00
   481    7.0144870e+00
   482    7.0145215e+00
   483    7.0145561e+00
   484    7.0145898e+00
   485    7.0146239e+00
   486    7.0146580e+00
   487    7.0146921e+00
   488    7.0147253e+00
   489    7.0147589e+00
   490    7.0147926e+00
   491    7.0148253e+00
   492    7.0148590e+00
   493    7.0148922e+00
   494    7.0149244e+00
   495    7.0149576e+00
   496    7.0149899e+00
   497    7.0150227e+00
   498    7.0150545e+00
   499    7.0150868e+00
   500    7.0151191e+00
   501    7.0151509e+00
   502    7.0151823e+00
   503    7.0152146e+00
   504    7.0152460e+00
   505    7.0152773e+00
   506    7.0153083e+00
   507    7.0153401e+00
   508    7.0153710e+00
   509    7.0154019e+00
   510    7.0154324e+00
   511    7.0154633e+00
