    20    2.5000000e-01    3.7465083e+01
    40    5.0000000e-01    5.6125006e+01
    60    7.5000000e-01    7.8873188e+01
    80    1.0000000e+00    1.0575609e+02
   100    1.2500000e+00    1.3680708e+02
   120    1.5000000e+00    1.7205157e+02
   140    1.7500000e+00    2.1150955e+02
   160    2.0000000e+00    2.5519727e+02
   180    2.2500000e+00    3.0312815e+02
   200    2.5000000e+00    3.5531328e+02
   220    2.7500000e+00    4.1176198e+02
   240    3.0000000e+00    4.7248244e+02
   260    3.2500000e+00    5.3748192e+02
   280    3.5000000e+00    6.0676652e+02
   300    3.7500000e+00    6.8034152e+02
   320    4.0000000e+00    7.5821191e+02
   340    4.2500000e+00    8.4038223e+02
   360    4.5000000e+00    9.2685625e+02
   380    4.7500000e+00    1.0176374e+03
   400    5.0000000e+00    1.1127290e+03
   420    5.2500000e+00    1.2121342e+03
   440    5.5000000e+00    1.3158555e+03
   460    5.7500000e+00    1.4238953e+03
   480    6.0000000e+00    1.5362561e+03
   500    6.2500000e+00    1.6529401e+03
   520    6.5000000e+00    1.7739489e+03
   540    6.7500000e+00    1.8992846e+03
   560    7.0000000e+00    2.0289490e+03
   580    7.2500000e+00    2.1629436e+03
   600    7.5000000e+00    2.3012697e+03
   620    7.7500000e+00    2.4439291e+03
   640    8.0000000e+00    2.5909230e+03
   660    8.2500000e+00    2.7422523e+03
   680    8.5000000e+00    2.8979186e+03
   700    8.7500000e+00    3.0579231e+03
   720    9.0000000e+00    3.2222664e+03
   740    9.2500000e+00    3.3909497e+03
   760    9.5000000e+00    3.5639743e+03
   780    9.7500000e+00    3.7413408e+03
   800    1.0000000e+01    3.9230498e+03
   820    1.0250000e+01    4.1091026e+03
   840    1.0500000e+01    4.2995000e+03
   860    1.0750000e+01    4.4942423e+03
   880    1.1000000e+01    4.6933304e+03
   900    1.1250000e+01    4.8967654e+03
   920    1.1500000e+01    5.1045474e+03
   940    1.1750000e+01    5.3166771e+03
   960    1.2000000e+01    5.5331556e+03
   980    1.2250000e+01    5.7539831e+03
  1000    1.2500000e+01    5.9791600e+03
  1020    1.2750000e+01    6.2086872e+03
  1040    1.3000000e+01    6.4425652e+03
  1060    1.3250000e+01    6.6807940e+03
  1080    1.3500000e+01    6.9233746e+03
  1100    1.3750000e+01    7.1703076e+03
  1120    1.4000000e+01    7.4215929e+03
  1140    1.4250000e+01    7.6772310e+03
  1160    1.4500000e+01    7.9372230e+03
  1180    1.4750000e+01    8.2015686e+03
  1200    1.5000000e+01    8.4702682e+03
  1220    1.5250000e+01    8.7433227e+03
  1240    1.5500000e+01    9.0207322e+03
  1260    1.5750000e+01    9.3024967e+03
  1280    1.6000000e+01    9.5886171e+03
  1300    1.6250000e+01    9.8790937e+03
  1320    1.6500000e+01    1.0173926e+04
  1340    1.6750000e+01    1.0473116e+04
  1360    1.7000000e+01    1.0776662e+04
  1380    1.7250000e+01    1.1084566e+04
  1400    1.7500000e+01    1.1396827e+04
  1420    1.7750000e+01    1.1713446e+04
  1440    1.8000000e+01    1.2034423e+04
  1460    1.8250000e+01    1.2359758e+04
  1480    1.8500000e+01    1.2689452e+04
  1500    1.8750000e+01    1.3023505e+04
  1520    1.9000000e+01    1.3361917e+04
  1540    1.9250000e+01    1.3704688e+04
  1560    1.9500000e+01    1.4051820e+04
  1580    1.9750000e+01    1.4403310e+04
  1600    2.0000000e+01    1.4759161e+04
  1620    2.0250000e+01    1.5119373e+04
  1640    2.0500000e+01    1.5483944e+04
  1660    2.0750000e+01    1.5852876e+04
  1680    2.1000000e+01    1.6226170e+04
  1700    2.1250000e+01    1.6603824e+04
  1720    2.1500000e+01    1.6985840e+04
  1740    2.1750000e+01    1.7372217e+04
  1760    2.2000000e+01    1.7762956e+04
  1780    2.2250000e+01    1.8158056e+04
  1800    2.2500000e+01    1.8557519e+04
  1820    2.2750000e+01    1.8961344e+04
  1840    2.3000000e+01    1.9369531e+04
  1860    2.3250000e+01    1.9782081e+04
  1880    2.3500000e+01    2.0198993e+04
  1900    2.3750000e+01    2.0620268e+04
  1920    2.4000000e+01    2.1045906e+04
  1940    2.4250000e+01    2.1475908e+04
  1960    2.4500000e+01    2.1910273e+04
  1980    2.4750000e+01    2.2349001e+04
  2000    2.5000000e+01    2.2792093e+04
  2020    2.5250000e+01    2.3239548e+04
  2040    2.5500000e+01    2.3691367e+04
  2060    2.5750000e+01    2.4147551e+04
  2080    2.6000000e+01    2.4608098e+04
  2100    2.6250000e+01    2.5073010e+04
  2120    2.6500000e+01    2.5542286e+04
  2140    2.6750000e+01    2.6015927e+04
  2160    2.7000000e+01    2.6493932e+04
  2180    2.7250000e+01    2.6976302e+04
  2200    2.7500000e+01    2.7463038e+04
  2220    2.7750000e+01    2.7954137e+04
  2240    2.8000000e+01    2.8449602e+04
  2260    2.8250000e+01    2.8949433e+04
  2280    2.8500000e+01    2.9453629e+04
  2300    2.8750000e+01    2.9962189e+04
  2320    2.9000000e+01    3.0475116e+04
  2340    2.9250000e+01    3.0992409e+04
  2360    2.9500000e+01    3.1514067e+04
  2380    2.9750000e+01    3.2040091e+04
  2400    3.0000000e+01    3.2570481e+04
  2420    3.0250000e+01    3.3105237e+04
  2440    3.0500000e+01    3.3644359e+04
  2460    3.0750000e+01    3.4187848e+04
  2480    3.1000000e+01    3.4735702e+04
  2500    3.1250000e+01    3.5287923e+04
  2520    3.1500000e+01    3.5844512e+04
  2540    3.1750000e+01    3.6405466e+04
  2560    3.2000000e+01    3.6970787e+04
  2580    3.2250000e+01    3.7540475e+04
  2600    3.2500000e+01    3.8114530e+04
  2620    3.2750000e+01    3.8692951e+04
  2640    3.3000000e+01    3.9275740e+04
  2660    3.3250000e+01    3.9862896e+04
  2680    3.3500000e+01    4.0454419e+04
  2700    3.3750000e+01    4.1050310e+04
  2720    3.4000000e+01    4.1650568e+04
  2740    3.4250000e+01    4.2255193e+04
  2760    3.4500000e+01    4.2864186e+04
  2780    3.4750000e+01    4.3477546e+04
  2800    3.5000000e+01    4.4095274e+04
  2820    3.5250000e+01    4.4717370e+04
  2840    3.5500000e+01    4.5343834e+04
  2860    3.5750000e+01    4.5974665e+04
  2880    3.6000000e+01    4.6609864e+04
  2900    3.6250000e+01    4.7249432e+04
  2920    3.6500000e+01    4.7893368e+04
  2940    3.6750000e+01    4.8541671e+04
  2960    3.7000000e+01    4.9194343e+04
  2980    3.7250000e+01    4.9851384e+04
  3000    3.7500000e+01    5.0512792e+04
