    20    1.6000001e-03    2.6241136e-01    3.9007095e+01
    40    3.2000002e-03    3.2481515e-01    3.9002373e+01
    60    4.8000002e-03    3.8767147e-01    3.9285194e+01
    80    6.4000003e-03    4.5086250e-01    3.9494389e+01
   100    8.0000004e-03    5.1441205e-01    3.9718468e+01
   120    9.6000005e-03    5.7849091e-01    4.0049290e+01
   140    1.1200001e-02    6.4316463e-01    4.0421074e+01
   160    1.2800001e-02    7.0762360e-01    4.0286854e+01
   180    1.4400001e-02    7.7199119e-01    4.0229744e+01
   200    1.6000001e-02    8.3661526e-01    4.0390041e+01
   220    1.7600002e-02    9.0189970e-01    4.0802769e+01
   240    1.9200001e-02    9.6699184e-01    4.0682590e+01
   260    2.0800002e-02    1.0318016e+00    4.0506084e+01
   280    2.2400001e-02    1.0968127e+00    4.0631962e+01
   300    2.4000002e-02    1.1624849e+00    4.1045097e+01
   320    2.5600001e-02    1.2278103e+00    4.0828362e+01
   340    2.7200002e-02    1.2928630e+00    4.0657967e+01
   360    2.8800001e-02    1.3582354e+00    4.0857716e+01
   380    3.0400002e-02    1.4241514e+00    4.1197536e+01
   400    3.2000002e-02    1.4895098e+00    4.0848999e+01
   420    3.3600003e-02    1.5547585e+00    4.0780453e+01
   440    3.5200004e-02    1.6205922e+00    4.1146053e+01
   460    3.6800001e-02    1.6864458e+00    4.1158497e+01
   480    3.8400002e-02    1.7517978e+00    4.0844975e+01
   500    4.0000003e-02    1.8173275e+00    4.0956062e+01
   520    4.1600004e-02    1.8835031e+00    4.1359737e+01
   540    4.3200001e-02    1.9491274e+00    4.1015221e+01
   560    4.4800002e-02    2.0145638e+00    4.0897724e+01
   580    4.6400003e-02    2.0805819e+00    4.1261314e+01
   600    4.8000004e-02    2.1466110e+00    4.1268169e+01
   620    4.9600001e-02    2.2121136e+00    4.0939152e+01
   640    5.1200002e-02    2.2778382e+00    4.1077881e+01
   660    5.2800003e-02    2.3441615e+00    4.1452049e+01
   680    5.4400004e-02    2.4098568e+00    4.1059551e+01
   700    5.6000005e-02    2.4754484e+00    4.0994732e+01
   720    5.7600003e-02    2.5417213e+00    4.1420609e+01
   740    5.9200004e-02    2.6077127e+00    4.1244625e+01
   760    6.0800005e-02    2.6732969e+00    4.0990112e+01
   780    6.2400006e-02    2.7392862e+00    4.1243282e+01
   800    6.4000003e-02    2.8056250e+00    4.1461735e+01
   820    6.5600008e-02    2.8713064e+00    4.1050907e+01
   840    6.7200005e-02    2.9370909e+00    4.1115280e+01
   860    6.8800002e-02    3.0035527e+00    4.1538624e+01
   880    7.0400007e-02    3.0694191e+00    4.1166542e+01
   900    7.2000004e-02    3.1351070e+00    4.1054932e+01
   920    7.3600002e-02    3.2014656e+00    4.1474102e+01
   940    7.5200006e-02    3.2675929e+00    4.1329559e+01
   960    7.6800004e-02    3.3332763e+00    4.1052101e+01
   980    7.8400008e-02    3.3993702e+00    4.1308701e+01
  1000    8.0000006e-02    3.4657953e+00    4.1515675e+01
  1020    8.1600003e-02    3.5315533e+00    4.1098743e+01
  1040    8.3200008e-02    3.5974514e+00    4.1186359e+01
  1060    8.4800005e-02    3.6640012e+00    4.1593609e+01
  1080    8.6400002e-02    3.7299027e+00    4.1188446e+01
  1100    8.8000007e-02    3.7956903e+00    4.1117218e+01
  1120    8.9600004e-02    3.8621910e+00    4.1562912e+01
  1140    9.1200009e-02    3.9282973e+00    4.1316448e+01
  1160    9.2800006e-02    3.9940484e+00    4.1094421e+01
  1180    9.4400004e-02    4.0603485e+00    4.1437595e+01
  1200    9.6000008e-02    4.1267147e+00    4.1478870e+01
  1220    9.7600006e-02    4.1924949e+00    4.1112598e+01
  1240    9.9200003e-02    4.2585673e+00    4.1295288e+01
  1260    1.0080001e-01    4.3251367e+00    4.1605827e+01
  1280    1.0240000e-01    4.3910050e+00    4.1167732e+01
  1300    1.0400001e-01    4.4569273e+00    4.1201412e+01
  1320    1.0560001e-01    4.5235486e+00    4.1638313e+01
  1340    1.0720000e-01    4.5895572e+00    4.1255352e+01
  1360    1.0880001e-01    4.6553936e+00    4.1147766e+01
  1380    1.1040001e-01    4.7219372e+00    4.1589733e+01
  1400    1.1200001e-01    4.7881346e+00    4.1373371e+01
  1420    1.1360001e-01    4.8539433e+00    4.1130482e+01
  1440    1.1520001e-01    4.9202924e+00    4.1468140e+01
  1460    1.1680001e-01    4.9867239e+00    4.1519699e+01
  1480    1.1840001e-01    5.0528793e+00    4.1347145e+01
  1500    1.2000000e-01    5.0528793e+00    0.0000000e+00
  1520    1.2160001e-01    5.0528793e+00    0.0000000e+00
  1540    1.2320001e-01    5.0528793e+00    0.0000000e+00
  1560    1.2480001e-01    5.0528793e+00    0.0000000e+00
  1580    1.2640001e-01    5.0528793e+00    0.0000000e+00
  1600    1.2800001e-01    5.0528793e+00    0.0000000e+00
  1620    1.2960000e-01    5.0528793e+00    0.0000000e+00
  1640    1.3120002e-01    5.0528793e+00    0.0000000e+00
  1660    1.3280001e-01    5.0528793e+00    0.0000000e+00
  1680    1.3440001e-01    5.0528793e+00    0.0000000e+00
  1700    1.3600001e-01    5.0528793e+00    0.0000000e+00
  1720    1.3760000e-01    5.0528793e+00    0.0000000e+00
  1740    1.3920000e-01    5.0528793e+00    0.0000000e+00
  1760    1.4080001e-01    5.0528793e+00    0.0000000e+00
  1780    1.4240001e-01    5.0528793e+00    0.0000000e+00
  1800    1.4400001e-01    5.0528793e+00    0.0000000e+00
  1820    1.4560001e-01    5.0528793e+00    0.0000000e+00
  1840    1.4720000e-01    5.0528793e+00    0.0000000e+00
  1860    1.4880002e-01    5.0528793e+00    0.0000000e+00
  1880    1.5040001e-01    5.0528793e+00    0.0000000e+00
  1900    1.5200001e-01    5.0528793e+00    0.0000000e+00
  1920    1.5360001e-01    5.0528793e+00    0.0000000e+00
  1940    1.5520000e-01    5.0528793e+00    0.0000000e+00
  1960    1.5680002e-01    5.0528793e+00    0.0000000e+00
  1980    1.5840001e-01    5.0528793e+00    0.0000000e+00
  2000    1.6000001e-01    5.0528793e+00    0.0000000e+00
  2020    1.6160001e-01    5.0528793e+00    0.0000000e+00
  2040    1.6320001e-01    5.0528793e+00    0.0000000e+00
  2060    1.6480002e-01    5.0528793e+00    0.0000000e+00
  2080    1.6640002e-01    5.0528793e+00    0.0000000e+00
  2100    1.6800001e-01    5.0528793e+00    0.0000000e+00
  2120    1.6960001e-01    5.0528793e+00    0.0000000e+00
  2140    1.7120001e-01    5.0528793e+00    0.0000000e+00
  2160    1.7280000e-01    5.0528793e+00    0.0000000e+00
  2180    1.7440002e-01    5.0528793e+00    0.0000000e+00
  2200    1.7600001e-01    5.0528793e+00    0.0000000e+00
  2220    1.7760001e-01    5.0528793e+00    0.0000000e+00
  2240    1.7920001e-01    5.0528793e+00    0.0000000e+00
  2260    1.8080001e-01    5.0528793e+00    0.0000000e+00
  2280    1.8240002e-01    5.0528793e+00    0.0000000e+00
  2300    1.8400002e-01    5.0528793e+00    0.0000000e+00
  2320    1.8560001e-01    5.0528793e+00    0.0000000e+00
  2340    1.8720001e-01    5.0528793e+00    0.0000000e+00
  2360    1.8880001e-01    5.0528793e+00    0.0000000e+00
  2380    1.9040002e-01    5.0528793e+00    0.0000000e+00
  2400    1.9200002e-01    5.0528793e+00    0.0000000e+00
  2420    1.9360001e-01    5.0528793e+00    0.0000000e+00
  2440    1.9520001e-01    5.0528793e+00    0.0000000e+00
  2460    1.9680001e-01    5.0528793e+00    0.0000000e+00
  2480    1.9840001e-01    5.0528793e+00    0.0000000e+00
  2500    2.0000002e-01    5.0528793e+00    0.0000000e+00
  2520    2.0160002e-01    5.0528793e+00    0.0000000e+00
  2540    2.0320001e-01    5.0528793e+00    0.0000000e+00
  2560    2.0480001e-01    5.0528793e+00    0.0000000e+00
  2580    2.0640001e-01    5.0528793e+00    0.0000000e+00
  2600    2.0800002e-01    5.0528793e+00    0.0000000e+00
  2620    2.0960002e-01    5.0528793e+00    0.0000000e+00
  2640    2.1120001e-01    5.0528793e+00    0.0000000e+00
  2660    2.1280001e-01    5.0528793e+00    0.0000000e+00
  2680    2.1440001e-01    5.0528793e+00    0.0000000e+00
  2700    2.1600002e-01    5.0528793e+00    0.0000000e+00
  2720    2.1760002e-01    5.0528793e+00    0.0000000e+00
  2740    2.1920002e-01    5.0528793e+00    0.0000000e+00
  2760    2.2080001e-01    5.0528793e+00    0.0000000e+00
  2780    2.2240001e-01    5.0528793e+00    0.0000000e+00
  2800    2.2400002e-01    5.0528793e+00    0.0000000e+00
  2820    2.2560002e-01    5.0528793e+00    0.0000000e+00
  2840    2.2720002e-01    5.0528793e+00    0.0000000e+00
  2860    2.2880001e-01    5.0528793e+00    0.0000000e+00
  2880    2.3040001e-01    5.0528793e+00    0.0000000e+00
  2900    2.3200001e-01    5.0528793e+00    0.0000000e+00
  2920    2.3360002e-01    5.0528793e+00    0.0000000e+00
  2940    2.3520002e-01    5.0528793e+00    0.0000000e+00
  2960    2.3680001e-01    5.0528793e+00    0.0000000e+00
  2980    2.3840001e-01    5.0528793e+00    0.0000000e+00
  3000    2.4000001e-01    5.0528793e+00    0.0000000e+00
