         1    9.9283856e-01
         2    1.0149431e+00
         3    9.7088373e-01
         4    1.0250784e+00
         5    9.6038961e-01
         6    1.0277853e+00
         7    9.5727926e-01
         8    1.0283425e+00
         9    9.5657510e-01
        10    1.0284455e+00
        11    9.5643777e-01
        12    1.0284636e+00
        13    9.5641309e-01
        14    1.0284667e+00
        15    9.5640880e-01
        16    1.0284673e+00
        17    9.5640808e-01
        18    1.0284673e+00
        19    9.5640802e-01
        20    1.0284673e+00
        21    9.5640802e-01
        22    1.0284673e+00
        23    9.5640802e-01
        24    1.0284673e+00
        25    9.5640802e-01
        26    1.0284673e+00
        27    9.5640802e-01
        28    1.0284673e+00
        29    9.5640802e-01
        30    1.0284673e+00
        31    9.5640802e-01
        32    1.0284673e+00
        33    9.5640802e-01
        34    1.0284673e+00
        35    9.5640802e-01
        36    1.0284673e+00
        37    9.5640802e-01
        38    1.0284673e+00
        39    9.5640802e-01
        40    1.0284673e+00
        41    9.5640802e-01
        42    1.0284673e+00
        43    9.5640802e-01
        44    1.0284673e+00
        45    9.5640802e-01
        46    1.0284673e+00
        47    9.5640802e-01
        48    1.0284673e+00
        49    9.5640802e-01
        50    1.0284673e+00
        51    9.5640802e-01
        52    1.0284673e+00
        53    9.5640802e-01
        54    1.0284673e+00
        55    9.5640802e-01
        56    1.0284673e+00
        57    9.5640802e-01
        58    1.0284673e+00
        59    9.5640802e-01
        60    1.0284673e+00
        61    9.5640802e-01
        62    1.0284673e+00
        63    9.5640802e-01
        64    1.0284673e+00
        65    9.5640802e-01
        66    1.0284673e+00
        67    9.5640802e-01
        68    1.0284673e+00
        69    9.5640802e-01
        70    1.0284673e+00
        71    9.5640802e-01
        72    1.0284673e+00
        73    9.5640802e-01
        74    1.0284673e+00
        75    9.5640802e-01
        76    1.0284673e+00
        77    9.5640802e-01
        78    1.0284673e+00
        79    9.5640802e-01
        80    1.0284673e+00
        81    9.5640802e-01
        82    1.0284673e+00
        83    9.5640802e-01
        84    1.0284673e+00
        85    9.5640802e-01
        86    1.0284673e+00
        87    9.5640802e-01
        88    1.0284673e+00
        89    9.5640802e-01
        90    1.0284673e+00
        91    9.5640802e-01
        92    1.0284673e+00
        93    9.5640802e-01
        94    1.0284673e+00
        95    9.5640802e-01
        96    1.0284673e+00
        97    9.5640802e-01
        98    1.0284673e+00
        99    9.5640802e-01
       100    1.0284673e+00
       101    9.5640802e-01
       102    1.0284673e+00
       103    9.5640802e-01
       104    1.0284673e+00
       105    9.5640802e-01
       106    1.0284673e+00
       107    9.5640802e-01
       108    1.0284673e+00
       109    9.5640802e-01
       110    1.0284673e+00
       111    9.5640802e-01
       112    1.0284673e+00
       113    9.5640802e-01
       114    1.0284673e+00
       115    9.5640802e-01
       116    1.0284673e+00
       117    9.5640802e-01
       118    1.0284673e+00
       119    9.5640802e-01
       120    1.0284673e+00
       121    9.5640802e-01
       122    1.0284673e+00
       123    9.5640802e-01
       124    1.0284673e+00
       125    9.5640802e-01
       126    1.0284673e+00
       127    9.5640802e-01
       128    1.0284673e+00
       129    9.5640802e-01
       130    1.0284673e+00
       131    9.5640802e-01
       132    1.0284673e+00
       133    9.5640802e-01
       134    1.0284673e+00
       135    9.5640802e-01
       136    1.0284673e+00
       137    9.5640802e-01
       138    1.0284673e+00
       139    9.5640802e-01
       140    1.0284673e+00
       141    9.5640802e-01
       142    1.0284673e+00
       143    9.5640802e-01
       144    1.0284673e+00
       145    9.5640802e-01
       146    1.0284673e+00
       147    9.5640802e-01
       148    1.0284673e+00
       149    9.5640802e-01
       150    1.0284673e+00
       151    9.5640802e-01
       152    1.0284673e+00
       153    9.5640802e-01
       154    1.0284673e+00
       155    9.5640808e-01
       156    1.0284673e+00
       157    9.5640838e-01
       158    1.0284672e+00
       159    9.5640939e-01
       160    1.0284667e+00
       161    9.5641220e-01
       162    1.0284652e+00
       163    9.5642042e-01
       164    1.0284609e+00
       165    9.5644426e-01
       166    1.0284483e+00
       167    9.5651299e-01
       168    1.0284121e+00
       169    9.5670879e-01
       170    1.0283073e+00
       171    9.5724815e-01
       172    1.0280101e+00
       173    9.5864165e-01
       174    1.0272019e+00
       175    9.6186107e-01
       176    1.0252023e+00
       177    9.6807939e-01
       178    1.0210779e+00
       179    9.7731137e-01
       180    1.0147306e+00
       181    9.8706537e-01
       182    1.0080681e+00
       183    9.9419242e-01
       184    1.0033715e+00
       185    9.9786955e-01
       186    1.0008646e+00
       187    9.9872881e-01
       188    9.9809438e-01
       189    9.9328929e-01
       190    9.8002785e-01
       191    9.4054157e-01
       192    8.3307517e-01
       193    5.9927481e-01
       194    3.1167930e-01
       195    1.2905492e-01
       196    4.8245858e-02
       197    1.7346449e-02
       198    6.1494885e-03
       199    2.1691872e-03
       200    7.6382438e-04
       201    2.6879821e-04
       202    9.4573857e-05
       203    3.3272805e-05
       204    1.1705856e-05
       205    4.1183202e-06
       206    1.4489148e-06
       207    5.0976786e-07
       208    1.7935328e-07
       209    6.3103521e-08
       210    2.2202677e-08
       211    7.8120443e-09
       212    2.7487277e-09
       213    9.6717812e-10
       214    3.4032113e-10
       215    1.1975103e-10
       216    4.2138345e-11
       217    1.4828036e-11
       218    5.2179255e-12
       219    1.8362007e-12
       220    6.4617577e-13
       221    2.2739945e-13
       222    8.0026988e-14
       223    2.8163842e-14
       224    9.9118754e-15
       225    3.4884167e-15
       226    1.2277486e-15
       227    4.3211492e-16
       228    1.5208903e-16
       229    5.3531007e-17
       230    1.8841780e-17
       231    6.6320455e-18
       232    2.3344373e-18
       233    8.2172443e-19
       234    2.8925415e-19
       235    1.0182218e-19
       236    3.5843859e-20
       237    1.2618183e-20
       238    4.4421037e-21
       239    1.5638330e-21
       240    5.5055675e-22
       241    1.9383133e-22
       242    6.8242678e-23
       243    2.4026942e-23
       244    8.4596315e-24
       245    2.9786195e-24
       246    1.0487920e-24
       247    3.6929599e-25
       248    1.3003817e-25
       249    4.5790812e-26
       250    1.6124921e-26
       251    5.6784758e-27
       252    1.9998866e-27
       253    7.0471698e-28
       254    2.4936529e-28
       255    9.1167228e-29
       256    4.1600692e-29
