         1    9.9283856e-01
         2    1.0149431e+00
         3    9.7088373e-01
         4    1.0250784e+00
         5    9.6038961e-01
         6    1.0277853e+00
         7    9.5727926e-01
         8    1.0283425e+00
         9    9.5657510e-01
        10    1.0284455e+00
        11    9.5643777e-01
        12    1.0284636e+00
        13    9.5641309e-01
        14    1.0284667e+00
        15    9.5640880e-01
        16    1.0284673e+00
        17    9.5640808e-01
        18    1.0284673e+00
        19    9.5640802e-01
        20    1.0284673e+00
        21    9.5640802e-01
        22    1.0284673e+00
        23    9.5640802e-01
        24    1.0284673e+00
        25    9.5640802e-01
        26    1.0284673e+00
        27    9.5640802e-01
        28    1.0284673e+00
        29    9.5640802e-01
        30    1.0284673e+00
        31    9.5640802e-01
        32    1.0284673e+00
        33    9.5640802e-01
        34    1.0284673e+00
        35    9.5640802e-01
        36    1.0284673e+00
        37    9.5640802e-01
        38    1.0284673e+00
        39    9.5640802e-01
        40    1.0284673e+00
        41    9.5640802e-01
        42    1.0284673e+00
        43    9.5640802e-01
        44    1.0284673e+00
        45    9.5640802e-01
        46    1.0284673e+00
        47    9.5640802e-01
        48    1.0284673e+00
        49    9.5640802e-01
        50    1.0284673e+00
        51    9.5640802e-01
        52    1.0284673e+00
        53    9.5640802e-01
        54    1.0284673e+00
        55    9.5640802e-01
        56    1.0284673e+00
        57    9.5640802e-01
        58    1.0284673e+00
        59    9.5640802e-01
        60    1.0284673e+00
        61    9.5640802e-01
        62    1.0284673e+00
        63    9.5640802e-01
        64    1.0284673e+00
        65    9.5640802e-01
        66    1.0284673e+00
        67    9.5640802e-01
        68    1.0284673e+00
        69    9.5640802e-01
        70    1.0284673e+00
        71    9.5640802e-01
        72    1.0284673e+00
        73    9.5640802e-01
        74    1.0284673e+00
        75    9.5640802e-01
        76    1.0284673e+00
        77    9.5640802e-01
        78    1.0284673e+00
        79    9.5640802e-01
        80    1.0284673e+00
        81    9.5640802e-01
        82    1.0284673e+00
        83    9.5640802e-01
        84    1.0284673e+00
        85    9.5640802e-01
        86    1.0284673e+00
        87    9.5640802e-01
        88    1.0284673e+00
        89    9.5640826e-01
        90    1.0284672e+00
        91    9.5640886e-01
        92    1.0284669e+00
        93    9.5641065e-01
        94    1.0284660e+00
        95    9.5641553e-01
        96    1.0284635e+00
        97    9.5642936e-01
        98    1.0284563e+00
        99    9.5646805e-01
       100    1.0284363e+00
       101    9.5657569e-01
       102    1.0283802e+00
       103    9.5686936e-01
       104    1.0282242e+00
       105    9.5763785e-01
       106    1.0278004e+00
       107    9.5950210e-01
       108    1.0267115e+00
       109    9.6348602e-01
       110    1.0242159e+00
       111    9.7048420e-01
       112    1.0195622e+00
       113    9.7982377e-01
       114    1.0131793e+00
       115    9.8875034e-01
       116    1.0071353e+00
       117    9.9484974e-01
       118    1.0031382e+00
       119    9.9800175e-01
       120    1.0011597e+00
       121    9.9932241e-01
       122    1.0003604e+00
       123    9.9976897e-01
       124    1.0000049e+00
       125    9.9965197e-01
       126    9.9911314e-01
       127    9.9720889e-01
       128    9.9152529e-01
       129    9.7437137e-01
       130    9.2449611e-01
       131    7.9317713e-01
       132    5.3224134e-01
       133    2.5969619e-01
       134    1.0423023e-01
       135    3.8498033e-02
       136    1.3783337e-02
       137    4.8799193e-03
       138    1.7209101e-03
       139    6.0605124e-04
       140    2.1333457e-04
       141    7.5085001e-05
       142    2.6426180e-05
       143    9.3008421e-06
       144    3.2735804e-06
       145    1.1522294e-06
       146    4.0557492e-07
       147    1.4276438e-07
       148    5.0255721e-08
       149    1.7691651e-08
       150    6.2282872e-09
       151    2.1927367e-09
       152    7.7200885e-10
       153    2.7181671e-10
       154    9.5708039e-11
       155    3.3700730e-11
       156    1.1867222e-11
       157    4.1790547e-12
       158    1.4717244e-12
       159    5.1831613e-13
       160    1.8255052e-13
       161    6.4297166e-14
       162    2.2647557e-14
       163    7.9775952e-15
       164    2.8102442e-15
       165    9.9000639e-16
       166    3.4878209e-16
       167    1.2288334e-16
       168    4.3296714e-17
       169    1.5255990e-17
       170    5.3758824e-18
       171    1.8944521e-18
       172    6.6764006e-19
       173    2.3530254e-19
       174    8.2934815e-20
       175    2.9233022e-20
       176    1.0304755e-20
       177    3.6326986e-21
       178    1.2807060e-21
       179    4.5154247e-22
       180    1.5921264e-22
       181    5.6141880e-23
       182    1.9798290e-23
       183    6.9823309e-24
       184    2.4626691e-24
       185    8.6865142e-25
       186    3.0642183e-25
       187    1.0810096e-25
       188    3.8139604e-26
       189    1.3457385e-26
       190    4.7488021e-27
       191    1.6758982e-27
       192    5.9149709e-28
       193    2.0878554e-28
       194    7.3704226e-29
       195    2.6021366e-29
       196    9.1878737e-30
       197    3.2445085e-30
       198    1.1458651e-30
       199    4.0473493e-31
       200    1.4297573e-31
       201    5.0513860e-32
       202    1.7849147e-32
       203    6.3079077e-33
       204    2.2295460e-33
       205    7.8815785e-34
       206    2.7866228e-34
       207    9.8540302e-35
       208    3.4851611e-35
       209    1.2328427e-35
       210    4.3618524e-36
       211    1.5435305e-36
       212    5.4631461e-37
       213    1.9339979e-37
       214    6.8478900e-38
       215    2.4251959e-38
       216    8.5906771e-39
       217    3.0436819e-39
       218    1.0786047e-39
       219    3.8231065e-40
       220    1.3553779e-40
       221    4.8060333e-41
       222    1.7045395e-41
       223    6.0452016e-42
       224    2.1439867e-42
       225    7.5950377e-43
       226    2.6904931e-43
       227    9.5288296e-44
       228    3.3631163e-44
       229    1.1210388e-44
       230    2.8025969e-45
       231    0.0000000e+00
       232    0.0000000e+00
       233    0.0000000e+00
       234    0.0000000e+00
       235    0.0000000e+00
       236    0.0000000e+00
       237    0.0000000e+00
       238    0.0000000e+00
       239    0.0000000e+00
       240    0.0000000e+00
       241    0.0000000e+00
       242    0.0000000e+00
       243    0.0000000e+00
       244    0.0000000e+00
       245    0.0000000e+00
       246    0.0000000e+00
       247    0.0000000e+00
       248    0.0000000e+00
       249    0.0000000e+00
       250    0.0000000e+00
       251    0.0000000e+00
       252    0.0000000e+00
       253    0.0000000e+00
       254    0.0000000e+00
       255    0.0000000e+00
       256    0.0000000e+00
