         1    9.9283856e-01
         2    1.0149431e+00
         3    9.7088373e-01
         4    1.0250784e+00
         5    9.6038961e-01
         6    1.0277853e+00
         7    9.5727926e-01
         8    1.0283425e+00
         9    9.5657510e-01
        10    1.0284455e+00
        11    9.5643777e-01
        12    1.0284636e+00
        13    9.5641309e-01
        14    1.0284667e+00
        15    9.5640880e-01
        16    1.0284673e+00
        17    9.5640808e-01
        18    1.0284673e+00
        19    9.5640802e-01
        20    1.0284673e+00
        21    9.5640802e-01
        22    1.0284673e+00
        23    9.5640802e-01
        24    1.0284673e+00
        25    9.5640802e-01
        26    1.0284673e+00
        27    9.5640802e-01
        28    1.0284673e+00
        29    9.5640802e-01
        30    1.0284673e+00
        31    9.5640802e-01
        32    1.0284673e+00
        33    9.5640802e-01
        34    1.0284673e+00
        35    9.5640802e-01
        36    1.0284673e+00
        37    9.5640802e-01
        38    1.0284673e+00
        39    9.5640802e-01
        40    1.0284673e+00
        41    9.5640802e-01
        42    1.0284673e+00
        43    9.5640802e-01
        44    1.0284673e+00
        45    9.5640802e-01
        46    1.0284673e+00
        47    9.5640802e-01
        48    1.0284673e+00
        49    9.5640802e-01
        50    1.0284673e+00
        51    9.5640802e-01
        52    1.0284673e+00
        53    9.5640802e-01
        54    1.0284673e+00
        55    9.5640802e-01
        56    1.0284673e+00
        57    9.5640802e-01
        58    1.0284673e+00
        59    9.5640802e-01
        60    1.0284673e+00
        61    9.5640802e-01
        62    1.0284673e+00
        63    9.5640802e-01
        64    1.0284673e+00
        65    9.5640802e-01
        66    1.0284673e+00
        67    9.5640802e-01
        68    1.0284673e+00
        69    9.5640802e-01
        70    1.0284673e+00
        71    9.5640802e-01
        72    1.0284673e+00
        73    9.5640802e-01
        74    1.0284673e+00
        75    9.5640802e-01
        76    1.0284673e+00
        77    9.5640802e-01
        78    1.0284673e+00
        79    9.5640802e-01
        80    1.0284673e+00
        81    9.5640802e-01
        82    1.0284673e+00
        83    9.5640802e-01
        84    1.0284673e+00
        85    9.5640802e-01
        86    1.0284673e+00
        87    9.5640802e-01
        88    1.0284673e+00
        89    9.5640802e-01
        90    1.0284673e+00
        91    9.5640802e-01
        92    1.0284673e+00
        93    9.5640802e-01
        94    1.0284673e+00
        95    9.5640802e-01
        96    1.0284673e+00
        97    9.5640802e-01
        98    1.0284673e+00
        99    9.5640802e-01
       100    1.0284673e+00
       101    9.5640802e-01
       102    1.0284673e+00
       103    9.5640802e-01
       104    1.0284673e+00
       105    9.5640802e-01
       106    1.0284673e+00
       107    9.5640802e-01
       108    1.0284673e+00
       109    9.5640802e-01
       110    1.0284673e+00
       111    9.5640814e-01
       112    1.0284673e+00
       113    9.5640850e-01
       114    1.0284671e+00
       115    9.5640969e-01
       116    1.0284665e+00
       117    9.5641285e-01
       118    1.0284648e+00
       119    9.5642191e-01
       120    1.0284601e+00
       121    9.5644748e-01
       122    1.0284469e+00
       123    9.5651942e-01
       124    1.0284094e+00
       125    9.5671934e-01
       126    1.0283036e+00
       127    9.5725727e-01
       128    1.0280106e+00
       129    9.5861763e-01
       130    1.0272312e+00
       131    9.6170908e-01
       132    1.0253361e+00
       133    9.6763200e-01
       134    1.0214558e+00
       135    9.7647077e-01
       136    1.0154284e+00
       137    9.8602152e-01
       138    1.0089102e+00
       139    9.9329436e-01
       140    1.0040917e+00
       141    9.9734503e-01
       142    1.0015237e+00
       143    9.9909574e-01
       144    1.0004120e+00
       145    9.9956214e-01
       146    9.9953371e-01
       147    9.9815482e-01
       148    9.9455684e-01
       149    9.8341149e-01
       150    9.5047581e-01
       151    8.5884261e-01
       152    6.4826852e-01
       153    3.5561645e-01
       154    1.5150076e-01
       155    5.7296153e-02
       156    2.0690437e-02
       157    7.3471637e-03
       158    2.5934656e-03
       159    9.1355329e-04
       160    3.2156965e-04
       161    1.1316544e-04
       162    3.9822102e-05
       163    1.4013036e-05
       164    4.9311388e-06
       165    1.7352917e-06
       166    6.1067379e-07
       167    2.1491074e-07
       168    7.5634389e-08
       169    2.6619071e-08
       170    9.3686952e-09
       171    3.2974492e-09
       172    1.1606199e-09
       173    4.0852155e-10
       174    1.4379810e-10
       175    5.0617958e-11
       176    1.7818438e-11
       177    6.2726100e-12
       178    2.2082121e-12
       179    7.7740489e-13
       180    2.7369567e-13
       181    9.6361368e-14
       182    3.3927552e-14
       183    1.1945843e-14
       184    4.2062593e-15
       185    1.4811205e-15
       186    5.2155503e-16
       187    1.8366459e-16
       188    6.4679482e-17
       189    2.2778422e-17
       190    8.0222648e-18
       191    2.8254451e-18
       192    9.9516145e-19
       193    3.5052357e-19
       194    1.2346909e-19
       195    4.3492746e-20
       196    1.5321217e-20
       197    5.3974415e-21
       198    1.9015208e-21
       199    6.6993562e-22
       200    2.3603925e-22
       201    8.3167737e-23
       202    2.9305249e-23
       203    1.0326572e-23
       204    3.6390461e-24
       205    1.2824486e-24
       206    4.5197440e-25
       207    1.5929774e-25
       208    5.6147150e-26
       209    1.9791038e-26
       210    6.9764224e-27
       211    2.4593523e-27
       212    8.6702785e-28
       213    3.0568228e-28
       214    1.0777869e-28
       215    3.8003322e-29
       216    1.3400991e-29
       217    4.7258461e-30
       218    1.6666725e-30
       219    5.8782720e-31
       220    2.0733783e-31
       221    7.3137101e-32
       222    2.5800491e-32
       223    9.1022789e-33
       224    3.2114796e-33
       225    1.1331671e-33
       226    3.9986883e-34
       227    1.4111624e-34
       228    4.9805053e-35
       229    1.7579558e-35
       230    6.2055713e-36
       231    2.1907675e-36
       232    7.7348653e-37
       233    2.7311948e-37
       234    9.6448941e-38
       235    3.4063464e-38
       236    1.2031734e-38
       237    4.2502784e-39
       238    1.5016132e-39
       239    5.3058064e-40
       240    1.8749934e-40
       241    6.6267404e-41
       242    2.3424105e-41
       243    8.2802726e-42
       244    2.9273125e-42
       245    1.0355596e-42
       246    3.6573890e-43
       247    1.2891946e-43
       248    4.3440252e-44
       249    1.4012985e-44
       250    4.2038954e-45
       251    0.0000000e+00
       252    0.0000000e+00
       253    0.0000000e+00
       254    0.0000000e+00
       255    0.0000000e+00
       256    0.0000000e+00
