         1    9.9918485e-01
         2    1.0023232e+00
         3    9.9608159e-01
         4    1.0050124e+00
         5    9.9351043e-01
         6    1.0069270e+00
         7    9.9182129e-01
         8    1.0079460e+00
         9    9.9114001e-01
        10    1.0081134e+00
        11    9.9138552e-01
        12    1.0075781e+00
        13    9.9233389e-01
        14    1.0065500e+00
        15    9.9369329e-01
        16    1.0052640e+00
        17    9.9517602e-01
        18    1.0039426e+00
        19    9.9655646e-01
        20    1.0027556e+00
        21    9.9769998e-01
        22    1.0017995e+00
        23    9.9856013e-01
        24    1.0010990e+00
        25    9.9915457e-01
        26    1.0006281e+00
        27    9.9953443e-01
        28    1.0003359e+00
        29    9.9975973e-01
        30    1.0001681e+00
        31    9.9988401e-01
        32    1.0000784e+00
        33    9.9994767e-01
        34    1.0000341e+00
        35    9.9997807e-01
        36    1.0000137e+00
        37    9.9999136e-01
        38    1.0000046e+00
        39    9.9999547e-01
        40    9.9999708e-01
        41    9.9998486e-01
        42    9.9995726e-01
        43    9.9986774e-01
        44    9.9959737e-01
        45    9.9877149e-01
        46    9.9625695e-01
        47    9.8862976e-01
        48    9.6581912e-01
        49    9.0060717e-01
        50    7.3752254e-01
        51    4.5449591e-01
        52    2.0819512e-01
        53    8.1281766e-02
        54    2.9739097e-02
        55    1.0624179e-02
        56    3.7637129e-03
        57    1.3295913e-03
        58    4.6931655e-04
        59    1.6564132e-04
        60    5.8470821e-05
        61    2.0645275e-05
        62    7.2917587e-06
        63    2.5762329e-06
        64    9.1051606e-07
        65    3.2191977e-07
        66    1.1386052e-07
        67    4.0287670e-08
        68    1.4261094e-08
        69    5.0503695e-09
        70    1.7893307e-09
        71    6.3425193e-10
        72    2.2492705e-10
        73    7.9805530e-11
        74    2.8329263e-11
        75    1.0061063e-11
        76    3.5747770e-12
        77    1.2706741e-12
        78    4.5183052e-13
        79    1.6070909e-13
        80    5.7172379e-14
        81    2.0340419e-14
        82    7.2359704e-15
        83    2.5734807e-15
        84    9.1483889e-16
        85    3.2498918e-16
        86    1.1534106e-16
        87    4.0885572e-17
        88    1.4471014e-17
        89    5.1125134e-18
        90    1.8023289e-18
        91    6.3379675e-19
        92    2.2224425e-19
        93    7.7682056e-20
        94    2.7055992e-20
        95    9.3864255e-21
        96    3.2424357e-21
        97    1.1148511e-21
        98    3.8139625e-22
        99    1.2977465e-22
       100    4.3903309e-23
       101    1.4761796e-23
       102    4.9312520e-24
       103    1.6360385e-24
       104    5.3887956e-25
       105    1.7615582e-25
       106    5.7128980e-26
       107    1.8374666e-26
       108    5.8591947e-27
       109    1.8516832e-27
       110    5.7978099e-28
       111    1.7980068e-28
       112    5.5209556e-29
       113    1.6780393e-29
       114    5.0469431e-30
       115    1.5016572e-30
       116    4.4188690e-31
       117    1.2856878e-31
       118    3.6977208e-32
       119    1.0509964e-32
       120    2.9514466e-33
       121    8.1872318e-34
       122    2.2429167e-34
       123    6.0669703e-35
       124    1.6200378e-35
       125    4.2696069e-36
       126    1.1103952e-36
       127    2.8491425e-37
       128    7.2114070e-38
       129    1.8001943e-38
       130    4.4313724e-39
       131    1.0754854e-39
       132    2.5730362e-40
       133    6.0672020e-41
       134    1.4098464e-41
       135    3.2285917e-42
       136    7.2867520e-43
       137    1.6255062e-43
       138    3.5032462e-44
       139    7.0064923e-45
       140    1.4012985e-45
       141    0.0000000e+00
       142    0.0000000e+00
       143    0.0000000e+00
       144    0.0000000e+00
       145    0.0000000e+00
       146    0.0000000e+00
       147    0.0000000e+00
       148    0.0000000e+00
       149    0.0000000e+00
       150    0.0000000e+00
       151    0.0000000e+00
       152    0.0000000e+00
       153    0.0000000e+00
       154    0.0000000e+00
       155    0.0000000e+00
       156    0.0000000e+00
       157    0.0000000e+00
       158    0.0000000e+00
       159    0.0000000e+00
       160    0.0000000e+00
       161    0.0000000e+00
       162    0.0000000e+00
       163    0.0000000e+00
       164    0.0000000e+00
       165    0.0000000e+00
       166    0.0000000e+00
       167    0.0000000e+00
       168    0.0000000e+00
       169    0.0000000e+00
       170    0.0000000e+00
       171    0.0000000e+00
       172    0.0000000e+00
       173    0.0000000e+00
       174    0.0000000e+00
       175    0.0000000e+00
       176    0.0000000e+00
       177    0.0000000e+00
       178    0.0000000e+00
       179    0.0000000e+00
       180    0.0000000e+00
       181    0.0000000e+00
       182    0.0000000e+00
       183    0.0000000e+00
       184    0.0000000e+00
       185    0.0000000e+00
       186    0.0000000e+00
       187    0.0000000e+00
       188    0.0000000e+00
       189    0.0000000e+00
       190    0.0000000e+00
       191    0.0000000e+00
       192    0.0000000e+00
       193    0.0000000e+00
       194    0.0000000e+00
       195    0.0000000e+00
       196    0.0000000e+00
       197    0.0000000e+00
       198    0.0000000e+00
       199    0.0000000e+00
       200    0.0000000e+00
       201    0.0000000e+00
       202    0.0000000e+00
       203    0.0000000e+00
       204    0.0000000e+00
       205    0.0000000e+00
       206    0.0000000e+00
       207    0.0000000e+00
       208    0.0000000e+00
       209    0.0000000e+00
       210    0.0000000e+00
       211    0.0000000e+00
       212    0.0000000e+00
       213    0.0000000e+00
       214    0.0000000e+00
       215    0.0000000e+00
       216    0.0000000e+00
       217    0.0000000e+00
       218    0.0000000e+00
       219    0.0000000e+00
       220    0.0000000e+00
       221    0.0000000e+00
       222    0.0000000e+00
       223    0.0000000e+00
       224    0.0000000e+00
       225    0.0000000e+00
       226    0.0000000e+00
       227    0.0000000e+00
       228    0.0000000e+00
       229    0.0000000e+00
       230    0.0000000e+00
       231    0.0000000e+00
       232    0.0000000e+00
       233    0.0000000e+00
       234    0.0000000e+00
       235    0.0000000e+00
       236    0.0000000e+00
       237    0.0000000e+00
       238    0.0000000e+00
       239    0.0000000e+00
       240    0.0000000e+00
       241    0.0000000e+00
       242    0.0000000e+00
       243    0.0000000e+00
       244    0.0000000e+00
       245    0.0000000e+00
       246    0.0000000e+00
       247    0.0000000e+00
       248    0.0000000e+00
       249    0.0000000e+00
       250    0.0000000e+00
       251    0.0000000e+00
       252    0.0000000e+00
       253    0.0000000e+00
       254    0.0000000e+00
       255    0.0000000e+00
       256    0.0000000e+00
