         1    9.9283856e-01
         2    1.0149431e+00
         3    9.7088373e-01
         4    1.0250784e+00
         5    9.6038961e-01
         6    1.0277853e+00
         7    9.5727926e-01
         8    1.0283425e+00
         9    9.5657510e-01
        10    1.0284455e+00
        11    9.5643777e-01
        12    1.0284636e+00
        13    9.5641309e-01
        14    1.0284667e+00
        15    9.5640880e-01
        16    1.0284673e+00
        17    9.5640808e-01
        18    1.0284673e+00
        19    9.5640802e-01
        20    1.0284673e+00
        21    9.5640802e-01
        22    1.0284673e+00
        23    9.5640802e-01
        24    1.0284673e+00
        25    9.5640802e-01
        26    1.0284673e+00
        27    9.5640802e-01
        28    1.0284673e+00
        29    9.5640802e-01
        30    1.0284673e+00
        31    9.5640802e-01
        32    1.0284673e+00
        33    9.5640802e-01
        34    1.0284673e+00
        35    9.5640802e-01
        36    1.0284673e+00
        37    9.5640802e-01
        38    1.0284673e+00
        39    9.5640802e-01
        40    1.0284673e+00
        41    9.5640814e-01
        42    1.0284673e+00
        43    9.5640850e-01
        44    1.0284671e+00
        45    9.5640957e-01
        46    1.0284666e+00
        47    9.5641243e-01
        48    1.0284652e+00
        49    9.5642024e-01
        50    1.0284611e+00
        51    9.5644152e-01
        52    1.0284503e+00
        53    9.5649981e-01
        54    1.0284203e+00
        55    9.5665729e-01
        56    1.0283387e+00
        57    9.5707297e-01
        58    1.0281178e+00
        59    9.5811689e-01
        60    1.0275381e+00
        61    9.6051687e-01
        62    1.0261184e+00
        63    9.6529847e-01
        64    1.0230874e+00
        65    9.7299010e-01
        66    1.0179480e+00
        67    9.8228216e-01
        68    1.0116191e+00
        69    9.9037808e-01
        70    1.0061663e+00
        71    9.9557388e-01
        72    1.0027583e+00
        73    9.9820596e-01
        74    1.0010849e+00
        75    9.9933857e-01
        76    1.0003878e+00
        77    9.9977422e-01
        78    1.0001278e+00
        79    9.9992758e-01
        80    1.0000367e+00
        81    9.9997139e-01
        82    9.9998760e-01
        83    9.9992299e-01
        84    9.9978435e-01
        85    9.9933112e-01
        86    9.9796045e-01
        87    9.9377948e-01
        88    9.8115778e-01
        89    9.4395250e-01
        90    8.4190416e-01
        91    6.1577100e-01
        92    3.2603404e-01
        93    1.3631535e-01
        94    5.1180325e-02
        95    1.8439120e-02
        96    6.5448214e-03
        97    2.3108481e-03
        98    8.1444043e-04
        99    2.8687459e-04
       100    1.0103155e-04
       101    3.5581208e-05
       102    1.2531611e-05
       103    4.4139197e-06
       104    1.5548080e-06
       105    5.4772909e-07
       106    1.9297119e-07
       107    6.7991991e-08
       108    2.3958664e-08
       109    8.4432150e-09
       110    2.9757363e-09
       111    1.0488741e-09
       112    3.6973935e-10
       113    1.3035042e-10
       114    4.5959445e-11
       115    1.6206305e-11
       116    5.7153301e-12
       117    2.0158035e-12
       118    7.1105968e-13
       119    2.5085134e-13
       120    8.8507679e-14
       121    3.1232117e-14
       122    1.1022491e-14
       123    3.8906112e-15
       124    1.3734659e-15
       125    4.8493346e-16
       126    1.7124308e-16
       127    6.0480177e-17
       128    2.1364125e-17
       129    7.5480024e-18
       130    2.6672081e-18
       131    9.4267726e-19
       132    3.3323754e-19
       133    1.1782385e-19
       134    4.1668196e-20
       135    1.4739144e-20
       136    5.2148277e-21
       137    1.8454910e-21
       138    6.5326917e-22
       139    2.3130482e-22
       140    8.1920605e-23
       141    2.9021584e-23
       142    1.0284222e-23
       143    3.6454103e-24
       144    1.2925503e-24
       145    4.5843182e-25
       146    1.6264000e-25
       147    5.7716817e-26
       148    2.0487790e-26
       149    7.2744231e-27
       150    2.5834675e-27
       151    9.1768983e-28
       152    3.2603293e-28
       153    1.1584578e-28
       154    4.1165085e-29
       155    1.4627855e-29
       156    5.1976102e-30
       157    1.8465562e-30
       158    6.5586914e-31
       159    2.3287528e-31
       160    8.2648067e-32
       161    2.9315183e-32
       162    1.0390749e-32
       163    3.6798983e-33
       164    1.3019567e-33
       165    4.6011191e-34
       166    1.6239351e-34
       167    5.7232432e-35
       168    2.0137831e-35
       169    7.0730652e-36
       170    2.4794425e-36
       171    8.6731819e-37
       172    3.0269661e-37
       173    1.0538249e-37
       174    3.6592241e-38
       175    1.2670625e-38
       176    4.3744698e-39
       177    1.5055761e-39
       178    5.1649059e-40
       179    1.7657902e-40
       180    6.0154940e-41
       181    2.0416919e-41
       182    6.9027962e-42
       183    2.3247542e-42
       184    7.7912195e-43
       185    2.6064151e-43
       186    8.5479206e-44
       187    2.8025969e-44
       188    8.4077908e-45
       189    2.8025969e-45
       190    0.0000000e+00
       191    0.0000000e+00
       192    0.0000000e+00
       193    0.0000000e+00
       194    0.0000000e+00
       195    0.0000000e+00
       196    0.0000000e+00
       197    0.0000000e+00
       198    0.0000000e+00
       199    0.0000000e+00
       200    0.0000000e+00
       201    0.0000000e+00
       202    0.0000000e+00
       203    0.0000000e+00
       204    0.0000000e+00
       205    0.0000000e+00
       206    0.0000000e+00
       207    0.0000000e+00
       208    0.0000000e+00
       209    0.0000000e+00
       210    0.0000000e+00
       211    0.0000000e+00
       212    0.0000000e+00
       213    0.0000000e+00
       214    0.0000000e+00
       215    0.0000000e+00
       216    0.0000000e+00
       217    0.0000000e+00
       218    0.0000000e+00
       219    0.0000000e+00
       220    0.0000000e+00
       221    0.0000000e+00
       222    0.0000000e+00
       223    0.0000000e+00
       224    0.0000000e+00
       225    0.0000000e+00
       226    0.0000000e+00
       227    0.0000000e+00
       228    0.0000000e+00
       229    0.0000000e+00
       230    0.0000000e+00
       231    0.0000000e+00
       232    0.0000000e+00
       233    0.0000000e+00
       234    0.0000000e+00
       235    0.0000000e+00
       236    0.0000000e+00
       237    0.0000000e+00
       238    0.0000000e+00
       239    0.0000000e+00
       240    0.0000000e+00
       241    0.0000000e+00
       242    0.0000000e+00
       243    0.0000000e+00
       244    0.0000000e+00
       245    0.0000000e+00
       246    0.0000000e+00
       247    0.0000000e+00
       248    0.0000000e+00
       249    0.0000000e+00
       250    0.0000000e+00
       251    0.0000000e+00
       252    0.0000000e+00
       253    0.0000000e+00
       254    0.0000000e+00
       255    0.0000000e+00
       256    0.0000000e+00
