         1    1.0000000e+00
         2    1.0000000e+00
         3    1.0000000e+00
         4    1.0000000e+00
         5    1.0000000e+00
         6    1.0000000e+00
         7    1.0000000e+00
         8    1.0000000e+00
         9    1.0000000e+00
        10    1.0000000e+00
        11    1.0000000e+00
        12    1.0000000e+00
        13    1.0000000e+00
        14    1.0000000e+00
        15    1.0000000e+00
        16    1.0000000e+00
        17    1.0000000e+00
        18    1.0000000e+00
        19    1.0000000e+00
        20    1.0000000e+00
        21    1.0000000e+00
        22    1.0000000e+00
        23    1.0000000e+00
        24    1.0000000e+00
        25    1.0000000e+00
        26    1.0000000e+00
        27    1.0000000e+00
        28    1.0000000e+00
        29    1.0000000e+00
        30    1.0000000e+00
        31    1.0000000e+00
        32    1.0000000e+00
        33    1.0000000e+00
        34    1.0000000e+00
        35    1.0000000e+00
        36    1.0000000e+00
        37    1.0000000e+00
        38    1.0000000e+00
        39    1.0000000e+00
        40    1.0000000e+00
        41    1.0000000e+00
        42    1.0000000e+00
        43    1.0000000e+00
        44    1.0000000e+00
        45    1.0000000e+00
        46    1.0000000e+00
        47    1.0000000e+00
        48    1.0000000e+00
        49    1.0000000e+00
        50    1.0000000e+00
        51    1.0000000e+00
        52    1.0000000e+00
        53    1.0000000e+00
        54    1.0000000e+00
        55    1.0000000e+00
        56    1.0000000e+00
        57    1.0000000e+00
        58    1.0000000e+00
        59    1.0000000e+00
        60    1.0000000e+00
        61    1.0000000e+00
        62    1.0000000e+00
        63    1.0000000e+00
        64    1.0000000e+00
        65    1.0000000e+00
        66    1.0000000e+00
        67    1.0000000e+00
        68    1.0000000e+00
        69    1.0000000e+00
        70    1.0000000e+00
        71    1.0000000e+00
        72    1.0000000e+00
        73    1.0000000e+00
        74    1.0000000e+00
        75    1.0000000e+00
        76    1.0000000e+00
        77    1.0000000e+00
        78    1.0000000e+00
        79    1.0000000e+00
        80    1.0000000e+00
        81    1.0000000e+00
        82    1.0000000e+00
        83    1.0000000e+00
        84    1.0000000e+00
        85    1.0000000e+00
        86    1.0000000e+00
        87    1.0000000e+00
        88    1.0000000e+00
        89    1.0000000e+00
        90    1.0000000e+00
        91    1.0000000e+00
        92    1.0000000e+00
        93    1.0000000e+00
        94    1.0000000e+00
        95    1.0000000e+00
        96    1.0000000e+00
        97    1.0000000e+00
        98    1.0000000e+00
        99    1.0000000e+00
       100    1.0000000e+00
       101    1.0000000e+00
       102    1.0000000e+00
       103    1.0000000e+00
       104    1.0000000e+00
       105    1.0000000e+00
       106    1.0000000e+00
       107    1.0000000e+00
       108    1.0000000e+00
       109    1.0000000e+00
       110    1.0000000e+00
       111    1.0000000e+00
       112    1.0000000e+00
       113    1.0000000e+00
       114    1.0000000e+00
       115    1.0000000e+00
       116    1.0000000e+00
       117    1.0000000e+00
       118    1.0000000e+00
       119    1.0000000e+00
       120    1.0000000e+00
       121    1.0000000e+00
       122    1.0000000e+00
       123    1.0000000e+00
       124    1.0000000e+00
       125    1.0000000e+00
       126    1.0000000e+00
       127    1.0000000e+00
       128    1.0000000e+00
       129    1.0000000e+00
       130    1.0000000e+00
       131    1.0000000e+00
       132    1.0000000e+00
       133    1.0000000e+00
       134    1.0000000e+00
       135    1.0000000e+00
       136    1.0000000e+00
       137    1.0000000e+00
       138    1.0000000e+00
       139    1.0000000e+00
       140    1.0000000e+00
       141    1.0000000e+00
       142    1.0000000e+00
       143    1.0000000e+00
       144    1.0000000e+00
       145    1.0000000e+00
       146    1.0000000e+00
       147    1.0000000e+00
       148    1.0000000e+00
       149    1.0000000e+00
       150    1.0000000e+00
       151    1.0000000e+00
       152    1.0000000e+00
       153    1.0000000e+00
       154    1.0000000e+00
       155    1.0000000e+00
       156    1.0000000e+00
       157    1.0000000e+00
       158    1.0000000e+00
       159    1.0000000e+00
       160    1.0000000e+00
       161    1.0000000e+00
       162    1.0000000e+00
       163    1.0000000e+00
       164    1.0000000e+00
       165    1.0000000e+00
       166    1.0000000e+00
       167    1.0000000e+00
       168    1.0000000e+00
       169    1.0000000e+00
       170    1.0000000e+00
       171    1.0000000e+00
       172    1.0000000e+00
       173    1.0000000e+00
       174    1.0000000e+00
       175    1.0000000e+00
       176    1.0000000e+00
       177    1.0000000e+00
       178    1.0000000e+00
       179    1.0000000e+00
       180    1.0000000e+00
       181    1.0000000e+00
       182    1.0000000e+00
       183    1.0000000e+00
       184    1.0000000e+00
       185    1.0000000e+00
       186    1.0000000e+00
       187    1.0000000e+00
       188    1.0000000e+00
       189    1.0000000e+00
       190    1.0000000e+00
       191    1.0000000e+00
       192    1.0000000e+00
       193    1.0000000e+00
       194    1.0000000e+00
       195    1.0000000e+00
       196    1.0000000e+00
       197    1.0000000e+00
       198    1.0000000e+00
       199    1.0000000e+00
       200    1.0000000e+00
       201    1.0000000e+00
       202    1.0000000e+00
       203    1.0000000e+00
       204    1.0000000e+00
       205    1.0000000e+00
       206    1.0000000e+00
       207    1.0000000e+00
       208    1.0000000e+00
       209    1.0000000e+00
       210    1.0000000e+00
       211    1.0000000e+00
       212    1.0000000e+00
       213    1.0000000e+00
       214    1.0000000e+00
       215    1.0000000e+00
       216    1.0000000e+00
       217    1.0000000e+00
       218    1.0000000e+00
       219    1.0000000e+00
       220    1.0000000e+00
       221    1.0000000e+00
       222    1.0000000e+00
       223    1.0000000e+00
       224    1.0000000e+00
       225    1.0000000e+00
       226    1.0000000e+00
       227    1.0000000e+00
       228    1.0000000e+00
       229    1.0000000e+00
       230    1.0000000e+00
       231    1.0000000e+00
       232    1.0000000e+00
       233    1.0000000e+00
       234    1.0000000e+00
       235    1.0000000e+00
       236    1.0000000e+00
       237    1.0000000e+00
       238    1.0000000e+00
       239    1.0000000e+00
       240    1.0000000e+00
       241    1.0000000e+00
       242    1.0000000e+00
       243    1.0000000e+00
       244    1.0000000e+00
       245    1.0000000e+00
       246    1.0000000e+00
       247    1.0000000e+00
       248    1.0000000e+00
       249    1.0000000e+00
       250    1.0000000e+00
       251    1.0000000e+00
       252    1.0000000e+00
       253    1.0000000e+00
       254    1.0000000e+00
       255    1.0000000e+00
       256    1.0000000e+00
       257    1.0000000e+00
       258    1.0000000e+00
       259    1.0000000e+00
       260    1.0000000e+00
       261    1.0000000e+00
       262    1.0000000e+00
       263    1.0000000e+00
       264    1.0000000e+00
       265    1.0000000e+00
       266    1.0000000e+00
       267    1.0000000e+00
       268    1.0000000e+00
       269    1.0000000e+00
       270    1.0000000e+00
       271    1.0000000e+00
       272    1.0000000e+00
       273    1.0000000e+00
       274    1.0000000e+00
       275    1.0000000e+00
       276    1.0000000e+00
       277    1.0000000e+00
       278    1.0000000e+00
       279    1.0000000e+00
       280    1.0000000e+00
       281    1.0000000e+00
       282    1.0000000e+00
       283    1.0000000e+00
       284    1.0000000e+00
       285    1.0000000e+00
       286    1.0000000e+00
       287    1.0000000e+00
       288    1.0000000e+00
       289    1.0000000e+00
       290    1.0000000e+00
       291    1.0000000e+00
       292    1.0000000e+00
       293    1.0000000e+00
       294    1.0000000e+00
       295    1.0000000e+00
       296    1.0000000e+00
       297    1.0000000e+00
       298    1.0000000e+00
       299    1.0000000e+00
       300    1.0000000e+00
       301    1.0000000e+00
       302    1.0000000e+00
       303    1.0000000e+00
       304    1.0000000e+00
       305    1.0000000e+00
       306    1.0000000e+00
       307    1.0000000e+00
       308    1.0000000e+00
       309    1.0000000e+00
       310    1.0000000e+00
       311    1.0000000e+00
       312    1.0000000e+00
       313    1.0000000e+00
       314    1.0000000e+00
       315    1.0000000e+00
       316    1.0000000e+00
       317    1.0000000e+00
       318    1.0000000e+00
       319    1.0000000e+00
       320    1.0000000e+00
       321    1.0000000e+00
       322    1.0000000e+00
       323    1.0000000e+00
       324    1.0000000e+00
       325    1.0000000e+00
       326    1.0000000e+00
       327    1.0000000e+00
       328    1.0000000e+00
       329    1.0000000e+00
       330    1.0000000e+00
       331    1.0000000e+00
       332    1.0000000e+00
       333    1.0000000e+00
       334    1.0000000e+00
       335    1.0000000e+00
       336    1.0000000e+00
       337    1.0000000e+00
       338    1.0000000e+00
       339    1.0000000e+00
       340    1.0000000e+00
       341    1.0000000e+00
       342    1.0000000e+00
       343    1.0000000e+00
       344    1.0000000e+00
       345    1.0000000e+00
       346    1.0000000e+00
       347    1.0000000e+00
       348    1.0000000e+00
       349    1.0000000e+00
       350    1.0000000e+00
       351    1.0000000e+00
       352    1.0000000e+00
       353    1.0000000e+00
       354    1.0000000e+00
       355    1.0000000e+00
       356    1.0000000e+00
       357    1.0000000e+00
       358    1.0000000e+00
       359    1.0000000e+00
       360    1.0000000e+00
       361    1.0000000e+00
       362    1.0000000e+00
       363    1.0000000e+00
       364    1.0000000e+00
       365    1.0000000e+00
       366    1.0000000e+00
       367    1.0000000e+00
       368    1.0000000e+00
       369    1.0000000e+00
       370    1.0000000e+00
       371    1.0000000e+00
       372    1.0000000e+00
       373    1.0000000e+00
       374    1.0000000e+00
       375    1.0000000e+00
       376    1.0000000e+00
       377    1.0000000e+00
       378    1.0000000e+00
       379    1.0000000e+00
       380    1.0000000e+00
       381    1.0000000e+00
       382    1.0000000e+00
       383    1.0000000e+00
       384    1.0000000e+00
       385    1.0000000e+00
       386    1.0000000e+00
       387    1.0000000e+00
       388    1.0000000e+00
       389    1.0000000e+00
       390    1.0000000e+00
       391    1.0000000e+00
       392    1.0000000e+00
       393    1.0000000e+00
       394    1.0000000e+00
       395    1.0000000e+00
       396    1.0000000e+00
       397    1.0000000e+00
       398    1.0000000e+00
       399    1.0000000e+00
       400    1.0000000e+00
       401    9.9999994e-01
       402    9.9999994e-01
       403    9.9999976e-01
       404    9.9999923e-01
       405    9.9999774e-01
       406    9.9999321e-01
       407    9.9997950e-01
       408    9.9993843e-01
       409    9.9981505e-01
       410    9.9944454e-01
       411    9.9833304e-01
       412    9.9500573e-01
       413    9.8510283e-01
       414    9.5616567e-01
       415    8.7622386e-01
       416    6.8858498e-01
       417    4.0049604e-01
       418    1.7707384e-01
       419    6.8177857e-02
       420    2.4843415e-02
       421    8.8711176e-03
       422    3.1448044e-03
       423    1.1119650e-03
       424    3.9282040e-04
       425    1.3872613e-04
       426    4.8986254e-05
       427    1.7297123e-05
       428    6.1075716e-06
       429    2.1565631e-06
       430    7.6147603e-07
       431    2.6887543e-07
       432    9.4939523e-08
       433    3.3523094e-08
       434    1.1837017e-08
       435    4.1796659e-09
       436    1.4758494e-09
       437    5.2112709e-10
       438    1.8401212e-10
       439    6.4975608e-11
       440    2.2943277e-11
       441    8.1014301e-12
       442    2.8606787e-12
       443    1.0101308e-12
       444    3.5668701e-13
       445    1.2594999e-13
       446    4.4474407e-14
       447    1.5704472e-14
       448    5.5454616e-15
       449    1.9581826e-15
       450    6.9146444e-16
       451    2.4416741e-16
       452    8.6219735e-17
       453    3.0445762e-17
       454    1.0750982e-17
       455    3.7963884e-18
       456    1.3405849e-18
       457    4.7339014e-19
       458    1.6716494e-19
       459    5.9029948e-20
       460    2.0844943e-20
       461    7.3608888e-21
       462    2.5993276e-21
       463    9.1789482e-22
       464    3.2413502e-22
       465    1.1446171e-22
       466    4.0419939e-23
       467    1.4273559e-23
       468    5.0404591e-24
       469    1.7799554e-24
       470    6.2856373e-25
       471    2.2196815e-25
       472    7.8385059e-26
       473    2.7680698e-26
       474    9.7751175e-27
       475    3.4519791e-27
       476    1.2190331e-27
       477    4.3049099e-28
       478    1.5202457e-28
       479    5.3686459e-29
       480    1.8959065e-29
       481    6.6953044e-30
       482    2.3644213e-30
       483    8.3498881e-31
       484    2.9487478e-31
       485    1.0413479e-31
       486    3.6775217e-32
       487    1.2987211e-32
       488    4.5864616e-33
       489    1.6197234e-33
       490    5.7201204e-34
       491    2.0200898e-34
       492    7.1340712e-35
       493    2.5194480e-35
       494    8.8976356e-36
       495    3.1422810e-36
       496    1.1097284e-36
       497    3.9191291e-37
       498    1.3840881e-37
       499    4.8880889e-38
       500    1.7262978e-38
       501    6.0966825e-39
       502    2.1531427e-39
       503    7.6041882e-40
       504    2.6855605e-40
       505    9.4845485e-41
       506    3.3496638e-41
       507    1.1829762e-41
       508    4.1786720e-42
       509    1.4769686e-42
       510    5.2408563e-43
       511    1.9197789e-43
       512    8.6880505e-44
