         1    1.0000000e+00
         2    1.0000000e+00
         3    1.0000000e+00
         4    1.0000000e+00
         5    1.0000000e+00
         6    1.0000000e+00
         7    1.0000000e+00
         8    1.0000000e+00
         9    1.0000000e+00
        10    1.0000000e+00
        11    1.0000000e+00
        12    1.0000000e+00
        13    1.0000000e+00
        14    1.0000000e+00
        15    1.0000000e+00
        16    1.0000000e+00
        17    1.0000000e+00
        18    1.0000000e+00
        19    1.0000000e+00
        20    1.0000000e+00
        21    1.0000000e+00
        22    1.0000000e+00
        23    1.0000000e+00
        24    1.0000000e+00
        25    1.0000000e+00
        26    1.0000000e+00
        27    1.0000000e+00
        28    1.0000000e+00
        29    1.0000000e+00
        30    1.0000000e+00
        31    1.0000000e+00
        32    1.0000000e+00
        33    1.0000000e+00
        34    1.0000000e+00
        35    1.0000000e+00
        36    1.0000000e+00
        37    1.0000000e+00
        38    1.0000000e+00
        39    1.0000000e+00
        40    1.0000000e+00
        41    1.0000000e+00
        42    1.0000000e+00
        43    1.0000000e+00
        44    1.0000000e+00
        45    1.0000000e+00
        46    1.0000000e+00
        47    1.0000000e+00
        48    1.0000000e+00
        49    1.0000000e+00
        50    1.0000000e+00
        51    1.0000000e+00
        52    1.0000000e+00
        53    1.0000000e+00
        54    1.0000000e+00
        55    1.0000000e+00
        56    1.0000000e+00
        57    1.0000000e+00
        58    1.0000000e+00
        59    1.0000000e+00
        60    1.0000000e+00
        61    1.0000000e+00
        62    1.0000000e+00
        63    1.0000000e+00
        64    1.0000000e+00
        65    1.0000000e+00
        66    1.0000000e+00
        67    1.0000000e+00
        68    1.0000000e+00
        69    1.0000000e+00
        70    1.0000000e+00
        71    1.0000000e+00
        72    1.0000000e+00
        73    1.0000000e+00
        74    1.0000000e+00
        75    1.0000000e+00
        76    1.0000000e+00
        77    1.0000000e+00
        78    1.0000000e+00
        79    1.0000000e+00
        80    1.0000000e+00
        81    1.0000000e+00
        82    1.0000000e+00
        83    1.0000000e+00
        84    1.0000000e+00
        85    1.0000000e+00
        86    1.0000000e+00
        87    1.0000000e+00
        88    1.0000000e+00
        89    1.0000000e+00
        90    1.0000000e+00
        91    1.0000000e+00
        92    1.0000000e+00
        93    1.0000000e+00
        94    1.0000000e+00
        95    1.0000000e+00
        96    1.0000000e+00
        97    1.0000000e+00
        98    1.0000000e+00
        99    1.0000000e+00
       100    1.0000000e+00
       101    1.0000000e+00
       102    1.0000000e+00
       103    1.0000000e+00
       104    1.0000000e+00
       105    1.0000000e+00
       106    1.0000000e+00
       107    1.0000000e+00
       108    1.0000000e+00
       109    1.0000000e+00
       110    1.0000000e+00
       111    1.0000000e+00
       112    1.0000000e+00
       113    1.0000000e+00
       114    1.0000000e+00
       115    1.0000000e+00
       116    1.0000000e+00
       117    1.0000000e+00
       118    1.0000000e+00
       119    1.0000000e+00
       120    1.0000000e+00
       121    1.0000000e+00
       122    1.0000000e+00
       123    1.0000000e+00
       124    1.0000000e+00
       125    1.0000000e+00
       126    1.0000000e+00
       127    1.0000000e+00
       128    1.0000000e+00
       129    1.0000000e+00
       130    1.0000000e+00
       131    1.0000000e+00
       132    1.0000000e+00
       133    1.0000000e+00
       134    1.0000000e+00
       135    1.0000000e+00
       136    9.9999994e-01
       137    9.9999994e-01
       138    9.9999982e-01
       139    9.9999940e-01
       140    9.9999821e-01
       141    9.9999464e-01
       142    9.9998391e-01
       143    9.9995166e-01
       144    9.9985486e-01
       145    9.9956435e-01
       146    9.9869287e-01
       147    9.9608207e-01
       148    9.8829633e-01
       149    9.6542287e-01
       150    9.0116286e-01
       151    7.4245667e-01
       152    4.6508425e-01
       153    2.1604089e-01
       154    8.5006982e-02
       155    3.1238612e-02
       156    1.1191471e-02
       157    3.9729811e-03
       158    1.4058581e-03
       159    4.9690675e-04
       160    1.7556590e-04
       161    6.2022846e-05
       162    2.1910377e-05
       163    7.7401437e-06
       164    2.7343503e-06
       165    9.6597796e-07
       166    3.4126262e-07
       167    1.2056437e-07
       168    4.2594944e-08
       169    1.5048945e-08
       170    5.3169553e-09
       171    1.8785768e-09
       172    6.6374900e-10
       173    2.3452432e-10
       174    8.2866873e-11
       175    2.9280810e-11
       176    1.0346522e-11
       177    3.6560728e-12
       178    1.2919465e-12
       179    4.5654485e-13
       180    1.6133615e-13
       181    5.7015014e-14
       182    2.0149125e-14
       183    7.1208620e-15
       184    2.5166245e-15
       185    8.8943415e-16
       186    3.1435378e-16
       187    1.1110490e-16
       188    3.9269682e-17
       189    1.3880058e-17
       190    4.9060835e-18
       191    1.7341570e-18
       192    6.1298767e-19
       193    2.1668309e-19
       194    7.6596382e-20
       195    2.7077063e-20
       196    9.5720492e-21
       197    3.3839078e-21
       198    1.1963062e-21
       199    4.2293779e-22
       200    1.4952746e-22
       201    5.2865930e-23
       202    1.8691378e-23
       203    6.6087193e-24
       204    2.3367056e-24
       205    8.2623082e-25
       206    2.9215252e-25
       207    1.0330676e-25
       208    3.6530771e-26
       209    1.2918139e-26
       210    4.5682746e-27
       211    1.6155325e-27
       212    5.7133458e-28
       213    2.0205831e-28
       214    7.1461883e-29
       215    2.5274571e-29
       216    8.9393272e-30
       217    3.1618236e-30
       218    1.1183620e-30
       219    3.9558441e-31
       220    1.3992910e-31
       221    4.9498163e-32
       222    1.7509854e-32
       223    6.1942454e-33
       224    2.1913253e-33
       225    7.7524330e-34
       226    2.7427231e-34
       227    9.7037346e-35
       228    3.4332772e-35
       229    1.2147645e-35
       230    4.2982198e-36
       231    1.5208929e-36
       232    5.3817341e-37
       233    1.9044063e-37
       234    6.7392406e-38
       235    2.3849338e-38
       236    8.4402631e-39
       237    2.9871017e-39
       238    1.0572040e-39
       239    3.7418172e-40
       240    1.3244092e-40
       241    4.6877638e-41
       242    1.6592775e-41
       243    5.8728419e-42
       244    2.0795269e-42
       245    7.3708299e-43
       246    2.6064151e-43
       247    9.2485699e-44
       248    3.3631163e-44
       249    1.1210388e-44
       250    4.2038954e-45
       251    0.0000000e+00
       252    0.0000000e+00
       253    0.0000000e+00
       254    0.0000000e+00
       255    0.0000000e+00
       256    0.0000000e+00
       257    0.0000000e+00
       258    0.0000000e+00
       259    0.0000000e+00
       260    0.0000000e+00
       261    0.0000000e+00
       262    0.0000000e+00
       263    0.0000000e+00
       264    0.0000000e+00
       265    0.0000000e+00
       266    0.0000000e+00
       267    0.0000000e+00
       268    0.0000000e+00
       269    0.0000000e+00
       270    0.0000000e+00
       271    0.0000000e+00
       272    0.0000000e+00
       273    0.0000000e+00
       274    0.0000000e+00
       275    0.0000000e+00
       276    0.0000000e+00
       277    0.0000000e+00
       278    0.0000000e+00
       279    0.0000000e+00
       280    0.0000000e+00
       281    0.0000000e+00
       282    0.0000000e+00
       283    0.0000000e+00
       284    0.0000000e+00
       285    0.0000000e+00
       286    0.0000000e+00
       287    0.0000000e+00
       288    0.0000000e+00
       289    0.0000000e+00
       290    0.0000000e+00
       291    0.0000000e+00
       292    0.0000000e+00
       293    0.0000000e+00
       294    0.0000000e+00
       295    0.0000000e+00
       296    0.0000000e+00
       297    0.0000000e+00
       298    0.0000000e+00
       299    0.0000000e+00
       300    0.0000000e+00
       301    0.0000000e+00
       302    0.0000000e+00
       303    0.0000000e+00
       304    0.0000000e+00
       305    0.0000000e+00
       306    0.0000000e+00
       307    0.0000000e+00
       308    0.0000000e+00
       309    0.0000000e+00
       310    0.0000000e+00
       311    0.0000000e+00
       312    0.0000000e+00
       313    0.0000000e+00
       314    0.0000000e+00
       315    0.0000000e+00
       316    0.0000000e+00
       317    0.0000000e+00
       318    0.0000000e+00
       319    0.0000000e+00
       320    0.0000000e+00
       321    0.0000000e+00
       322    0.0000000e+00
       323    0.0000000e+00
       324    0.0000000e+00
       325    0.0000000e+00
       326    0.0000000e+00
       327    0.0000000e+00
       328    0.0000000e+00
       329    0.0000000e+00
       330    0.0000000e+00
       331    0.0000000e+00
       332    0.0000000e+00
       333    0.0000000e+00
       334    0.0000000e+00
       335    0.0000000e+00
       336    0.0000000e+00
       337    0.0000000e+00
       338    0.0000000e+00
       339    0.0000000e+00
       340    0.0000000e+00
       341    0.0000000e+00
       342    0.0000000e+00
       343    0.0000000e+00
       344    0.0000000e+00
       345    0.0000000e+00
       346    0.0000000e+00
       347    0.0000000e+00
       348    0.0000000e+00
       349    0.0000000e+00
       350    0.0000000e+00
       351    0.0000000e+00
       352    0.0000000e+00
       353    0.0000000e+00
       354    0.0000000e+00
       355    0.0000000e+00
       356    0.0000000e+00
       357    0.0000000e+00
       358    0.0000000e+00
       359    0.0000000e+00
       360    0.0000000e+00
       361    0.0000000e+00
       362    0.0000000e+00
       363    0.0000000e+00
       364    0.0000000e+00
       365    0.0000000e+00
       366    0.0000000e+00
       367    0.0000000e+00
       368    0.0000000e+00
       369    0.0000000e+00
       370    0.0000000e+00
       371    0.0000000e+00
       372    0.0000000e+00
       373    0.0000000e+00
       374    0.0000000e+00
       375    0.0000000e+00
       376    0.0000000e+00
       377    0.0000000e+00
       378    0.0000000e+00
       379    0.0000000e+00
       380    0.0000000e+00
       381    0.0000000e+00
       382    0.0000000e+00
       383    0.0000000e+00
       384    0.0000000e+00
       385    0.0000000e+00
       386    0.0000000e+00
       387    0.0000000e+00
       388    0.0000000e+00
       389    0.0000000e+00
       390    0.0000000e+00
       391    0.0000000e+00
       392    0.0000000e+00
       393    0.0000000e+00
       394    0.0000000e+00
       395    0.0000000e+00
       396    0.0000000e+00
       397    0.0000000e+00
       398    0.0000000e+00
       399    0.0000000e+00
       400    0.0000000e+00
       401    0.0000000e+00
       402    0.0000000e+00
       403    0.0000000e+00
       404    0.0000000e+00
       405    0.0000000e+00
       406    0.0000000e+00
       407    0.0000000e+00
       408    0.0000000e+00
       409    0.0000000e+00
       410    0.0000000e+00
       411    0.0000000e+00
       412    0.0000000e+00
       413    0.0000000e+00
       414    0.0000000e+00
       415    0.0000000e+00
       416    0.0000000e+00
       417    0.0000000e+00
       418    0.0000000e+00
       419    0.0000000e+00
       420    0.0000000e+00
       421    0.0000000e+00
       422    0.0000000e+00
       423    0.0000000e+00
       424    0.0000000e+00
       425    0.0000000e+00
       426    0.0000000e+00
       427    0.0000000e+00
       428    0.0000000e+00
       429    0.0000000e+00
       430    0.0000000e+00
       431    0.0000000e+00
       432    0.0000000e+00
       433    0.0000000e+00
       434    0.0000000e+00
       435    0.0000000e+00
       436    0.0000000e+00
       437    0.0000000e+00
       438    0.0000000e+00
       439    0.0000000e+00
       440    0.0000000e+00
       441    0.0000000e+00
       442    0.0000000e+00
       443    0.0000000e+00
       444    0.0000000e+00
       445    0.0000000e+00
       446    0.0000000e+00
       447    0.0000000e+00
       448    0.0000000e+00
       449    0.0000000e+00
       450    0.0000000e+00
       451    0.0000000e+00
       452    0.0000000e+00
       453    0.0000000e+00
       454    0.0000000e+00
       455    0.0000000e+00
       456    0.0000000e+00
       457    0.0000000e+00
       458    0.0000000e+00
       459    0.0000000e+00
       460    0.0000000e+00
       461    0.0000000e+00
       462    0.0000000e+00
       463    0.0000000e+00
       464    0.0000000e+00
       465    0.0000000e+00
       466    0.0000000e+00
       467    0.0000000e+00
       468    0.0000000e+00
       469    0.0000000e+00
       470    0.0000000e+00
       471    0.0000000e+00
       472    0.0000000e+00
       473    0.0000000e+00
       474    0.0000000e+00
       475    0.0000000e+00
       476    0.0000000e+00
       477    0.0000000e+00
       478    0.0000000e+00
       479    0.0000000e+00
       480    0.0000000e+00
       481    0.0000000e+00
       482    0.0000000e+00
       483    0.0000000e+00
       484    0.0000000e+00
       485    0.0000000e+00
       486    0.0000000e+00
       487    0.0000000e+00
       488    0.0000000e+00
       489    0.0000000e+00
       490    0.0000000e+00
       491    0.0000000e+00
       492    0.0000000e+00
       493    0.0000000e+00
       494    0.0000000e+00
       495    0.0000000e+00
       496    0.0000000e+00
       497    0.0000000e+00
       498    0.0000000e+00
       499    0.0000000e+00
       500    0.0000000e+00
       501    0.0000000e+00
       502    0.0000000e+00
       503    0.0000000e+00
       504    0.0000000e+00
       505    0.0000000e+00
       506    0.0000000e+00
       507    0.0000000e+00
       508    0.0000000e+00
       509    0.0000000e+00
       510    0.0000000e+00
       511    0.0000000e+00
       512    0.0000000e+00
