         1    1.0000000e+00
         2    1.0000000e+00
         3    1.0000000e+00
         4    1.0000000e+00
         5    1.0000000e+00
         6    1.0000000e+00
         7    1.0000000e+00
         8    1.0000000e+00
         9    1.0000000e+00
        10    1.0000000e+00
        11    1.0000000e+00
        12    1.0000000e+00
        13    1.0000000e+00
        14    1.0000000e+00
        15    1.0000000e+00
        16    1.0000000e+00
        17    1.0000000e+00
        18    1.0000000e+00
        19    1.0000000e+00
        20    1.0000000e+00
        21    1.0000000e+00
        22    1.0000000e+00
        23    1.0000000e+00
        24    1.0000000e+00
        25    1.0000000e+00
        26    1.0000000e+00
        27    1.0000000e+00
        28    1.0000000e+00
        29    1.0000000e+00
        30    1.0000000e+00
        31    1.0000000e+00
        32    1.0000000e+00
        33    1.0000000e+00
        34    1.0000000e+00
        35    1.0000000e+00
        36    1.0000000e+00
        37    1.0000000e+00
        38    1.0000000e+00
        39    1.0000000e+00
        40    1.0000000e+00
        41    1.0000000e+00
        42    1.0000000e+00
        43    1.0000000e+00
        44    1.0000000e+00
        45    1.0000000e+00
        46    1.0000000e+00
        47    1.0000000e+00
        48    1.0000000e+00
        49    1.0000000e+00
        50    1.0000000e+00
        51    1.0000000e+00
        52    1.0000000e+00
        53    1.0000000e+00
        54    1.0000000e+00
        55    1.0000000e+00
        56    1.0000000e+00
        57    1.0000000e+00
        58    1.0000000e+00
        59    1.0000000e+00
        60    1.0000000e+00
        61    1.0000000e+00
        62    1.0000000e+00
        63    1.0000000e+00
        64    1.0000000e+00
        65    1.0000000e+00
        66    1.0000000e+00
        67    1.0000000e+00
        68    1.0000000e+00
        69    1.0000000e+00
        70    1.0000000e+00
        71    1.0000000e+00
        72    1.0000000e+00
        73    1.0000000e+00
        74    1.0000000e+00
        75    1.0000000e+00
        76    1.0000000e+00
        77    1.0000000e+00
        78    1.0000000e+00
        79    1.0000000e+00
        80    1.0000000e+00
        81    1.0000000e+00
        82    1.0000000e+00
        83    1.0000000e+00
        84    1.0000000e+00
        85    1.0000000e+00
        86    1.0000000e+00
        87    1.0000000e+00
        88    1.0000000e+00
        89    1.0000000e+00
        90    1.0000000e+00
        91    1.0000000e+00
        92    1.0000000e+00
        93    1.0000000e+00
        94    1.0000000e+00
        95    1.0000000e+00
        96    1.0000000e+00
        97    1.0000000e+00
        98    1.0000000e+00
        99    1.0000000e+00
       100    1.0000000e+00
       101    1.0000000e+00
       102    1.0000000e+00
       103    1.0000000e+00
       104    1.0000000e+00
       105    1.0000000e+00
       106    1.0000000e+00
       107    1.0000000e+00
       108    1.0000000e+00
       109    1.0000000e+00
       110    1.0000000e+00
       111    1.0000000e+00
       112    1.0000000e+00
       113    1.0000000e+00
       114    1.0000000e+00
       115    1.0000000e+00
       116    1.0000000e+00
       117    1.0000000e+00
       118    1.0000000e+00
       119    1.0000000e+00
       120    1.0000000e+00
       121    1.0000000e+00
       122    1.0000000e+00
       123    1.0000000e+00
       124    1.0000000e+00
       125    1.0000000e+00
       126    1.0000000e+00
       127    1.0000000e+00
       128    1.0000000e+00
       129    1.0000000e+00
       130    1.0000000e+00
       131    1.0000000e+00
       132    1.0000000e+00
       133    1.0000000e+00
       134    1.0000000e+00
       135    1.0000000e+00
       136    1.0000000e+00
       137    1.0000000e+00
       138    1.0000000e+00
       139    1.0000000e+00
       140    1.0000000e+00
       141    1.0000000e+00
       142    1.0000000e+00
       143    1.0000000e+00
       144    1.0000000e+00
       145    1.0000000e+00
       146    1.0000000e+00
       147    1.0000000e+00
       148    1.0000000e+00
       149    1.0000000e+00
       150    1.0000000e+00
       151    1.0000000e+00
       152    1.0000000e+00
       153    1.0000000e+00
       154    1.0000000e+00
       155    1.0000000e+00
       156    1.0000000e+00
       157    1.0000000e+00
       158    1.0000000e+00
       159    1.0000000e+00
       160    1.0000000e+00
       161    1.0000000e+00
       162    1.0000000e+00
       163    1.0000000e+00
       164    1.0000000e+00
       165    1.0000000e+00
       166    1.0000000e+00
       167    1.0000000e+00
       168    1.0000000e+00
       169    1.0000000e+00
       170    1.0000000e+00
       171    1.0000000e+00
       172    1.0000000e+00
       173    1.0000000e+00
       174    1.0000000e+00
       175    1.0000000e+00
       176    1.0000000e+00
       177    1.0000000e+00
       178    1.0000000e+00
       179    1.0000000e+00
       180    1.0000000e+00
       181    1.0000000e+00
       182    1.0000000e+00
       183    1.0000000e+00
       184    1.0000000e+00
       185    1.0000000e+00
       186    1.0000000e+00
       187    1.0000000e+00
       188    1.0000000e+00
       189    1.0000000e+00
       190    1.0000000e+00
       191    1.0000000e+00
       192    1.0000000e+00
       193    1.0000000e+00
       194    1.0000000e+00
       195    1.0000000e+00
       196    1.0000000e+00
       197    1.0000000e+00
       198    1.0000000e+00
       199    1.0000000e+00
       200    1.0000000e+00
       201    1.0000000e+00
       202    1.0000000e+00
       203    1.0000000e+00
       204    1.0000000e+00
       205    1.0000000e+00
       206    1.0000000e+00
       207    1.0000000e+00
       208    1.0000000e+00
       209    1.0000000e+00
       210    1.0000000e+00
       211    1.0000000e+00
       212    1.0000000e+00
       213    1.0000000e+00
       214    1.0000000e+00
       215    1.0000000e+00
       216    1.0000000e+00
       217    1.0000000e+00
       218    1.0000000e+00
       219    1.0000000e+00
       220    1.0000000e+00
       221    1.0000000e+00
       222    1.0000000e+00
       223    1.0000000e+00
       224    1.0000000e+00
       225    1.0000000e+00
       226    1.0000000e+00
       227    1.0000000e+00
       228    1.0000000e+00
       229    1.0000000e+00
       230    1.0000000e+00
       231    1.0000000e+00
       232    1.0000000e+00
       233    1.0000000e+00
       234    1.0000000e+00
       235    1.0000000e+00
       236    1.0000000e+00
       237    1.0000000e+00
       238    1.0000000e+00
       239    1.0000000e+00
       240    1.0000000e+00
       241    1.0000000e+00
       242    1.0000000e+00
       243    1.0000000e+00
       244    1.0000000e+00
       245    1.0000000e+00
       246    1.0000000e+00
       247    1.0000000e+00
       248    1.0000000e+00
       249    1.0000000e+00
       250    1.0000000e+00
       251    1.0000000e+00
       252    1.0000000e+00
       253    1.0000000e+00
       254    1.0000000e+00
       255    1.0000000e+00
       256    1.0000000e+00
       257    1.0000000e+00
       258    1.0000000e+00
       259    1.0000000e+00
       260    1.0000000e+00
       261    1.0000000e+00
       262    1.0000000e+00
       263    1.0000000e+00
       264    1.0000000e+00
       265    1.0000000e+00
       266    1.0000000e+00
       267    1.0000000e+00
       268    1.0000000e+00
       269    1.0000000e+00
       270    1.0000000e+00
       271    1.0000000e+00
       272    1.0000000e+00
       273    1.0000000e+00
       274    1.0000000e+00
       275    1.0000000e+00
       276    1.0000000e+00
       277    1.0000000e+00
       278    1.0000000e+00
       279    1.0000000e+00
       280    1.0000000e+00
       281    1.0000000e+00
       282    1.0000000e+00
       283    1.0000000e+00
       284    1.0000000e+00
       285    1.0000000e+00
       286    1.0000000e+00
       287    1.0000000e+00
       288    1.0000000e+00
       289    1.0000000e+00
       290    1.0000000e+00
       291    1.0000000e+00
       292    1.0000000e+00
       293    1.0000000e+00
       294    1.0000000e+00
       295    1.0000000e+00
       296    1.0000000e+00
       297    1.0000000e+00
       298    1.0000000e+00
       299    1.0000000e+00
       300    1.0000000e+00
       301    1.0000000e+00
       302    1.0000000e+00
       303    1.0000000e+00
       304    1.0000000e+00
       305    1.0000000e+00
       306    1.0000000e+00
       307    1.0000000e+00
       308    1.0000000e+00
       309    1.0000000e+00
       310    1.0000000e+00
       311    1.0000000e+00
       312    1.0000000e+00
       313    1.0000000e+00
       314    1.0000000e+00
       315    1.0000000e+00
       316    1.0000000e+00
       317    1.0000000e+00
       318    1.0000000e+00
       319    1.0000000e+00
       320    1.0000000e+00
       321    1.0000000e+00
       322    1.0000000e+00
       323    1.0000000e+00
       324    1.0000000e+00
       325    1.0000000e+00
       326    1.0000000e+00
       327    1.0000000e+00
       328    1.0000000e+00
       329    1.0000000e+00
       330    1.0000000e+00
       331    1.0000000e+00
       332    1.0000000e+00
       333    1.0000000e+00
       334    1.0000000e+00
       335    1.0000000e+00
       336    1.0000000e+00
       337    1.0000000e+00
       338    1.0000000e+00
       339    1.0000000e+00
       340    1.0000000e+00
       341    1.0000000e+00
       342    1.0000000e+00
       343    1.0000000e+00
       344    1.0000000e+00
       345    1.0000000e+00
       346    1.0000000e+00
       347    1.0000000e+00
       348    1.0000000e+00
       349    1.0000000e+00
       350    1.0000000e+00
       351    1.0000000e+00
       352    1.0000000e+00
       353    1.0000000e+00
       354    1.0000000e+00
       355    1.0000000e+00
       356    1.0000000e+00
       357    1.0000000e+00
       358    1.0000000e+00
       359    1.0000000e+00
       360    1.0000000e+00
       361    1.0000000e+00
       362    1.0000000e+00
       363    1.0000000e+00
       364    1.0000000e+00
       365    1.0000000e+00
       366    1.0000000e+00
       367    1.0000000e+00
       368    9.9999994e-01
       369    9.9999994e-01
       370    9.9999970e-01
       371    9.9999911e-01
       372    9.9999732e-01
       373    9.9999201e-01
       374    9.9997604e-01
       375    9.9992800e-01
       376    9.9978364e-01
       377    9.9935019e-01
       378    9.9805003e-01
       379    9.9416053e-01
       380    9.8260748e-01
       381    9.4901651e-01
       382    8.5747319e-01
       383    6.5073794e-01
       384    3.6135966e-01
       385    1.5545830e-01
       386    5.9174664e-02
       387    2.1470943e-02
       388    7.6551829e-03
       389    2.7123140e-03
       390    9.5887197e-04
       391    3.3872042e-04
       392    1.1961976e-04
       393    4.2239928e-05
       394    1.4915225e-05
       395    5.2666255e-06
       396    1.8596645e-06
       397    6.5665523e-07
       398    2.3186828e-07
       399    8.1874099e-08
       400    2.8910332e-08
       401    1.0208477e-08
       402    3.6047085e-09
       403    1.2728604e-09
       404    4.4946172e-10
       405    1.5871063e-10
       406    5.6042913e-11
       407    1.9789587e-11
       408    6.9880195e-12
       409    2.4675895e-12
       410    8.7135079e-13
       411    3.0769083e-13
       412    1.0865193e-13
       413    3.8367340e-14
       414    1.3548379e-14
       415    4.7842551e-15
       416    1.6894398e-15
       417    5.9658521e-16
       418    2.1067043e-16
       419    7.4393693e-17
       420    2.6270599e-17
       421    9.2769513e-18
       422    3.2759853e-18
       423    1.1568579e-18
       424    4.0852579e-19
       425    1.4426478e-19
       426    5.0945110e-20
       427    1.7990621e-20
       428    6.3531801e-21
       429    2.2435594e-21
       430    7.9229221e-22
       431    2.7979155e-22
       432    9.8806419e-23
       433    3.4892911e-23
       434    1.2322267e-23
       435    4.3515646e-24
       436    1.5367445e-24
       437    5.4269937e-25
       438    1.9165423e-25
       439    6.7682891e-26
       440    2.3902362e-26
       441    8.4411984e-27
       442    2.9810472e-27
       443    1.0527737e-27
       444    3.7179423e-28
       445    1.3130209e-28
       446    4.6370534e-29
       447    1.6376232e-29
       448    5.7834540e-30
       449    2.0425002e-30
       450    7.2133717e-31
       451    2.5475104e-31
       452    8.9969446e-32
       453    3.1774271e-32
       454    1.1221672e-32
       455    3.9631546e-33
       456    1.3996709e-33
       457    4.9432462e-34
       458    1.7458224e-34
       459    6.1657985e-35
       460    2.1776099e-35
       461    7.6908138e-36
       462    2.7162265e-36
       463    9.5931476e-37
       464    3.3881121e-37
       465    1.1966189e-37
       466    4.2262523e-38
       467    1.4926449e-38
       468    5.2718025e-39
       469    1.8619291e-39
       470    6.5761115e-40
       471    2.3226102e-40
       472    8.2032012e-41
       473    2.8973247e-41
       474    1.0232281e-41
       475    3.6139487e-42
       476    1.2765829e-42
       477    4.5121811e-43
       478    1.5974802e-43
       479    5.6051939e-44
       480    1.9618179e-44
       481    7.0064923e-45
       482    1.4012985e-45
       483    0.0000000e+00
       484    0.0000000e+00
       485    0.0000000e+00
       486    0.0000000e+00
       487    0.0000000e+00
       488    0.0000000e+00
       489    0.0000000e+00
       490    0.0000000e+00
       491    0.0000000e+00
       492    0.0000000e+00
       493    0.0000000e+00
       494    0.0000000e+00
       495    0.0000000e+00
       496    0.0000000e+00
       497    0.0000000e+00
       498    0.0000000e+00
       499    0.0000000e+00
       500    0.0000000e+00
       501    0.0000000e+00
       502    0.0000000e+00
       503    0.0000000e+00
       504    0.0000000e+00
       505    0.0000000e+00
       506    0.0000000e+00
       507    0.0000000e+00
       508    0.0000000e+00
       509    0.0000000e+00
       510    0.0000000e+00
       511    0.0000000e+00
       512    0.0000000e+00
