    20    2.5000000e-01    1.1221058e+02
    40    5.0000000e-01    1.4418437e+02
    60    7.5000000e-01    1.8035254e+02
    80    1.0000000e+00    2.2073793e+02
   100    1.2500000e+00    2.6535608e+02
   120    1.5000000e+00    3.1421986e+02
   140    1.7500000e+00    3.6734014e+02
   160    2.0000000e+00    4.2472606e+02
   180    2.2500000e+00    4.8638532e+02
   200    2.5000000e+00    5.5232482e+02
   220    2.7500000e+00    6.2255076e+02
   240    3.0000000e+00    6.9706844e+02
   260    3.2500000e+00    7.7588239e+02
   280    3.5000000e+00    8.5899696e+02
   300    3.7500000e+00    9.4641619e+02
   320    4.0000000e+00    1.0381434e+03
   340    4.2500000e+00    1.1341816e+03
   360    4.5000000e+00    1.2345339e+03
   380    4.7500000e+00    1.3392031e+03
   400    5.0000000e+00    1.4481913e+03
   420    5.2500000e+00    1.5615008e+03
   440    5.5000000e+00    1.6791340e+03
   460    5.7500000e+00    1.8010926e+03
   480    6.0000000e+00    1.9273783e+03
   500    6.2500000e+00    2.0579930e+03
   520    6.5000000e+00    2.1929384e+03
   540    6.7500000e+00    2.3322157e+03
   560    7.0000000e+00    2.4758263e+03
   580    7.2500000e+00    2.6237718e+03
   600    7.5000000e+00    2.7760532e+03
   620    7.7500000e+00    2.9326716e+03
   640    8.0000000e+00    3.0936283e+03
   660    8.2500000e+00    3.2589245e+03
   680    8.5000000e+00    3.4285607e+03
   700    8.7500000e+00    3.6025380e+03
   720    9.0000000e+00    3.7808578e+03
   740    9.2500000e+00    3.9635205e+03
   760    9.5000000e+00    4.1505267e+03
   780    9.7500000e+00    4.3418777e+03
   800    1.0000000e+01    4.5375741e+03
   820    1.0250000e+01    4.7376163e+03
   840    1.0500000e+01    4.9420053e+03
   860    1.0750000e+01    5.1507419e+03
   880    1.1000000e+01    5.3638262e+03
   900    1.1250000e+01    5.5812590e+03
   920    1.1500000e+01    5.8030413e+03
   940    1.1750000e+01    6.0291733e+03
   960    1.2000000e+01    6.2596552e+03
   980    1.2250000e+01    6.4944882e+03
  1000    1.2500000e+01    6.7336726e+03
  1020    1.2750000e+01    6.9772084e+03
  1040    1.3000000e+01    7.2250965e+03
  1060    1.3250000e+01    7.4773376e+03
  1080    1.3500000e+01    7.7339314e+03
  1100    1.3750000e+01    7.9948787e+03
  1120    1.4000000e+01    8.2601803e+03
  1140    1.4250000e+01    8.5298359e+03
  1160    1.4500000e+01    8.8038461e+03
  1180    1.4750000e+01    9.0822116e+03
  1200    1.5000000e+01    9.3649325e+03
  1220    1.5250000e+01    9.6520089e+03
  1240    1.5500000e+01    9.9434415e+03
  1260    1.5750000e+01    1.0239231e+04
  1280    1.6000000e+01    1.0539376e+04
  1300    1.6250000e+01    1.0843879e+04
  1320    1.6500000e+01    1.1152739e+04
  1340    1.6750000e+01    1.1465957e+04
  1360    1.7000000e+01    1.1783532e+04
  1380    1.7250000e+01    1.2105466e+04
  1400    1.7500000e+01    1.2431758e+04
  1420    1.7750000e+01    1.2762409e+04
  1440    1.8000000e+01    1.3097419e+04
  1460    1.8250000e+01    1.3436788e+04
  1480    1.8500000e+01    1.3780516e+04
  1500    1.8750000e+01    1.4128604e+04
  1520    1.9000000e+01    1.4481053e+04
  1540    1.9250000e+01    1.4837860e+04
  1560    1.9500000e+01    1.5199029e+04
  1580    1.9750000e+01    1.5564558e+04
  1600    2.0000000e+01    1.5934447e+04
  1620    2.0250000e+01    1.6308698e+04
  1640    2.0500000e+01    1.6687310e+04
  1660    2.0750000e+01    1.7070283e+04
  1680    2.1000000e+01    1.7457617e+04
  1700    2.1250000e+01    1.7849313e+04
  1720    2.1500000e+01    1.8245371e+04
  1740    2.1750000e+01    1.8645791e+04
  1760    2.2000000e+01    1.9050574e+04
  1780    2.2250000e+01    1.9459719e+04
  1800    2.2500000e+01    1.9873226e+04
  1820    2.2750000e+01    2.0291096e+04
  1840    2.3000000e+01    2.0713329e+04
  1860    2.3250000e+01    2.1139925e+04
  1880    2.3500000e+01    2.1570884e+04
  1900    2.3750000e+01    2.2006207e+04
  1920    2.4000000e+01    2.2445893e+04
  1940    2.4250000e+01    2.2889942e+04
  1960    2.4500000e+01    2.3338356e+04
  1980    2.4750000e+01    2.3791133e+04
  2000    2.5000000e+01    2.4248274e+04
  2020    2.5250000e+01    2.4709780e+04
  2040    2.5500000e+01    2.5175650e+04
  2060    2.5750000e+01    2.5645884e+04
  2080    2.6000000e+01    2.6120483e+04
  2100    2.6250000e+01    2.6599446e+04
  2120    2.6500000e+01    2.7082774e+04
  2140    2.6750000e+01    2.7570468e+04
  2160    2.7000000e+01    2.8062526e+04
  2180    2.7250000e+01    2.8558949e+04
  2200    2.7500000e+01    2.9059738e+04
  2220    2.7750000e+01    2.9564892e+04
  2240    2.8000000e+01    3.0074411e+04
  2260    2.8250000e+01    3.0588296e+04
  2280    2.8500000e+01    3.1106547e+04
  2300    2.8750000e+01    3.1629163e+04
  2320    2.9000000e+01    3.2156145e+04
  2340    2.9250000e+01    3.2687494e+04
  2360    2.9500000e+01    3.3223209e+04
  2380    2.9750000e+01    3.3763289e+04
  2400    3.0000000e+01    3.4307736e+04
  2420    3.0250000e+01    3.4856549e+04
  2440    3.0500000e+01    3.5409729e+04
  2460    3.0750000e+01    3.5967275e+04
  2480    3.1000000e+01    3.6529188e+04
  2500    3.1250000e+01    3.7095468e+04
  2520    3.1500000e+01    3.7666114e+04
  2540    3.1750000e+01    3.8241128e+04
  2560    3.2000000e+01    3.8820508e+04
  2580    3.2250000e+01    3.9404255e+04
  2600    3.2500000e+01    3.9992370e+04
  2620    3.2750000e+01    4.0584852e+04
  2640    3.3000000e+01    4.1181701e+04
  2660    3.3250000e+01    4.1782918e+04
  2680    3.3500000e+01    4.2388502e+04
  2700    3.3750000e+01    4.2998453e+04
  2720    3.4000000e+01    4.3612772e+04
  2740    3.4250000e+01    4.4231459e+04
  2760    3.4500000e+01    4.4854514e+04
  2780    3.4750000e+01    4.5481936e+04
  2800    3.5000000e+01    4.6113727e+04
  2820    3.5250000e+01    4.6749885e+04
  2840    3.5500000e+01    4.7390411e+04
  2860    3.5750000e+01    4.8035306e+04
  2880    3.6000000e+01    4.8684568e+04
  2900    3.6250000e+01    4.9338199e+04
  2920    3.6500000e+01    4.9996198e+04
  2940    3.6750000e+01    5.0658566e+04
  2960    3.7000000e+01    5.1325405e+04
  2980    3.7250000e+01    5.1995914e+04
  3000    3.7500000e+01    5.2595692e+04
