         1    9.9999905e-01
         2    9.9999905e-01
         3    9.9999905e-01
         4    9.9999905e-01
         5    9.9999905e-01
         6    9.9999905e-01
         7    9.9999905e-01
         8    9.9999905e-01
         9    9.9999905e-01
        10    9.9999905e-01
        11    9.9999905e-01
        12    9.9999905e-01
        13    9.9999905e-01
        14    9.9999905e-01
        15    9.9999905e-01
        16    9.9999905e-01
        17    9.9999905e-01
        18    9.9999905e-01
        19    9.9999905e-01
        20    9.9999905e-01
        21    9.9999905e-01
        22    9.9999905e-01
        23    9.9999905e-01
        24    9.9999905e-01
        25    9.9999905e-01
        26    9.9999905e-01
        27    9.9999905e-01
        28    9.9999905e-01
        29    9.9999905e-01
        30    9.9999905e-01
        31    9.9999905e-01
        32    9.9999905e-01
        33    9.9999905e-01
        34    9.9999905e-01
        35    9.9999905e-01
        36    9.9999905e-01
        37    9.9999905e-01
        38    9.9999905e-01
        39    9.9999905e-01
        40    9.9999905e-01
        41    9.9999905e-01
        42    9.9999905e-01
        43    9.9999905e-01
        44    9.9999905e-01
        45    9.9999905e-01
        46    9.9999905e-01
        47    9.9999905e-01
        48    9.9999905e-01
        49    9.9999905e-01
        50    9.9999905e-01
        51    9.9999905e-01
        52    9.9999905e-01
        53    9.9999905e-01
        54    9.9999905e-01
        55    9.9999905e-01
        56    9.9999905e-01
        57    9.9999905e-01
        58    9.9999905e-01
        59    9.9999905e-01
        60    9.9999905e-01
        61    9.9999905e-01
        62    9.9999905e-01
        63    9.9999905e-01
        64    9.9999905e-01
        65    9.9999905e-01
        66    9.9999905e-01
        67    9.9999905e-01
        68    9.9999905e-01
        69    9.9999905e-01
        70    9.9999905e-01
        71    9.9999899e-01
        72    9.9999887e-01
        73    9.9999863e-01
        74    9.9999827e-01
        75    9.9999785e-01
        76    9.9999720e-01
        77    9.9999642e-01
        78    9.9999535e-01
        79    9.9999398e-01
        80    9.9999213e-01
        81    9.9998969e-01
        82    9.9998641e-01
        83    9.9998218e-01
        84    9.9997658e-01
        85    9.9996918e-01
        86    9.9995953e-01
        87    9.9994683e-01
        88    9.9993008e-01
        89    9.9990803e-01
        90    9.9987912e-01
        91    9.9984103e-01
        92    9.9979103e-01
        93    9.9972516e-01
        94    9.9963862e-01
        95    9.9952471e-01
        96    9.9937499e-01
        97    9.9917805e-01
        98    9.9891913e-01
        99    9.9857867e-01
       100    9.9813110e-01
       101    9.9754280e-01
       102    9.9676985e-01
       103    9.9575454e-01
       104    9.9442166e-01
       105    9.9267304e-01
       106    9.9038118e-01
       107    9.8738104e-01
       108    9.8345989e-01
       109    9.7834587e-01
       110    9.7169447e-01
       111    9.6307474e-01
       112    9.5195633e-01
       113    9.3770164e-01
       114    9.1956753e-01
       115    8.9672565e-01
       116    8.6831158e-01
       117    8.3351225e-01
       118    7.9169977e-01
       119    7.4260312e-01
       120    6.8649185e-01
       121    6.2431842e-01
       122    5.5775261e-01
       123    4.8905638e-01
       124    4.2079967e-01
       125    3.5548434e-01
       126    2.9518998e-01
       127    2.4134243e-01
       128    1.9464901e-01
       129    1.5517788e-01
       130    1.2252080e-01
       131    9.5975913e-02
       132    7.4706867e-02
       133    5.7859510e-02
       134    4.4635002e-02
       135    3.4327656e-02
       136    2.6338125e-02
       137    2.0171484e-02
       138    1.5427343e-02
       139    1.1786665e-02
       140    8.9980923e-03
       141    6.8652593e-03
       142    5.2357344e-03
       143    3.9917566e-03
       144    3.0426772e-03
       145    2.3189080e-03
       146    1.7671371e-03
       147    1.3465860e-03
       148    1.0260982e-03
       149    7.8188936e-04
       150    5.9581536e-04
       151    4.5404048e-04
       152    3.4601829e-04
       153    2.6371158e-04
       154    2.0099647e-04
       155    1.5320728e-04
       156    1.1678968e-04
       157    8.9035988e-05
       158    6.7883535e-05
       159    5.1761002e-05
       160    3.9471324e-05
       161    3.0102523e-05
       162    2.2959775e-05
       163    1.7513668e-05
       164    1.3360807e-05
       165    1.0193789e-05
       166    7.7783452e-06
       167    5.9359299e-06
       168    4.5304537e-06
       169    3.4581774e-06
       170    2.6400187e-06
       171    2.0156833e-06
       172    1.5391984e-06
       173    1.1755077e-06
       174    8.9787613e-07
       175    6.8591305e-07
       176    5.2406477e-07
       177    4.0046612e-07
       178    3.0606463e-07
       179    2.3395309e-07
       180    1.7886047e-07
       181    1.3676394e-07
       182    1.0459291e-07
       183    8.0003311e-08
       184    6.1205505e-08
       185    4.6832952e-08
       186    3.5842042e-08
       187    2.7435687e-08
       188    2.1004988e-08
       189    1.6084742e-08
       190    1.2319481e-08
       191    9.4375388e-09
       192    7.2312711e-09
       193    5.5419340e-09
       194    4.2481529e-09
       195    3.2571079e-09
       196    2.4978044e-09
       197    1.9159312e-09
       198    1.4699327e-09
       199    1.1280067e-09
       200    8.6581098e-10
       201    6.6470979e-10
       202    5.1043308e-10
       203    3.9205175e-10
       204    3.0119351e-10
       205    2.3144363e-10
       206    1.7788594e-10
       207    1.3675215e-10
       208    1.0515304e-10
       209    8.0872996e-11
       210    6.2212541e-11
       211    4.7867800e-11
       212    3.6838196e-11
       213    2.8355712e-11
       214    2.1830713e-11
       215    1.6810395e-11
       216    1.2946966e-11
       217    9.9732167e-12
       218    7.6838102e-12
       219    5.9209148e-12
       220    4.5631879e-12
       221    3.5173171e-12
       222    2.7115307e-12
       223    2.0906113e-12
       224    1.6120690e-12
       225    1.2432003e-12
       226    9.5882926e-13
       227    7.3957019e-13
       228    5.7049347e-13
       229    4.4009883e-13
       230    3.3952591e-13
       231    2.6194715e-13
       232    2.0210042e-13
       233    1.5592947e-13
       234    1.2030708e-13
       235    9.2821970e-14
       236    7.1614569e-14
       237    5.5250658e-14
       238    4.2623921e-14
       239    3.2880891e-14
       240    2.5363097e-14
       241    1.9562478e-14
       242    1.5086993e-14
       243    1.1634106e-14
       244    8.9703466e-15
       245    6.9155336e-15
       246    5.3306083e-15
       247    4.1082500e-15
       248    3.1656313e-15
       249    2.4388310e-15
       250    1.8785185e-15
       251    1.4466257e-15
       252    1.1137774e-15
       253    8.5730783e-16
       254    6.5972961e-16
       255    5.0755225e-16
       256    3.9036951e-16
       257    3.0015542e-16
       258    2.3072071e-16
       259    1.7729314e-16
       260    1.3619379e-16
       261    1.0458702e-16
       262    8.0287580e-17
       263    6.1611853e-17
       264    4.7262943e-17
       265    3.6242072e-17
       266    2.7780265e-17
       267    2.1285619e-17
       268    1.6302645e-17
       269    1.2480937e-17
       270    9.5510087e-18
       271    7.3056650e-18
       272    5.5856579e-18
       273    4.2686316e-18
       274    3.2606068e-18
       275    2.4894271e-18
       276    1.8997102e-18
       277    1.4489660e-18
       278    1.1046068e-18
       279    8.4165064e-19
       280    6.4095362e-19
       281    4.8785189e-19
       282    3.7111799e-19
       283    2.8215953e-19
       284    2.1440373e-19
       285    1.6282495e-19
       286    1.2358245e-19
       287    9.3742408e-20
       288    7.1064889e-20
       289    5.3840630e-20
       290    4.0765952e-20
       291    3.0847064e-20
       292    2.3326807e-20
       293    1.7628624e-20
       294    1.3313729e-20
       295    1.0048372e-20
       296    7.5788436e-21
       297    5.7123938e-21
       298    4.3026680e-21
       299    3.2386108e-21
       300    2.4360021e-21
       301    1.8310123e-21
       302    1.3752967e-21
       303    1.0322619e-21
       304    7.7422757e-22
       305    5.8026922e-22
       306    4.3457976e-22
       307    3.2522625e-22
       308    2.4320630e-22
       309    1.8173318e-22
       310    1.3569410e-22
       311    1.0124000e-22
       312    7.5475334e-23
       313    5.6223360e-23
       314    4.1848961e-23
       315    3.1124759e-23
       316    2.3130134e-23
       317    1.7175069e-23
       318    1.2742787e-23
       319    9.4465541e-24
       320    6.9971781e-24
       321    5.1785792e-24
       322    3.8294286e-24
       323    2.8293761e-24
       324    2.0887106e-24
       325    1.5406166e-24
       326    1.1353694e-24
       327    8.3599564e-25
       328    6.1502505e-25
       329    4.5206552e-25
       330    3.3199196e-25
       331    2.4359559e-25
       332    1.7857669e-25
       333    1.3079516e-25
       334    9.5712370e-26
       335    6.9976480e-26
       336    5.1114233e-26
       337    3.7302280e-26
       338    2.7197622e-26
       339    1.9811923e-26
       340    1.4418521e-26
       341    1.0483626e-26
       342    7.6154783e-27
       343    5.5268304e-27
       344    4.0072528e-27
       345    2.9027345e-27
       346    2.1006626e-27
       347    1.5187705e-27
       348    1.0970169e-27
       349    7.9162288e-28
       350    5.7069715e-28
       351    4.1103043e-28
       352    2.9574794e-28
       353    2.1259233e-28
       354    1.5266878e-28
       355    1.0952878e-28
       356    7.8501940e-29
       357    5.6208933e-29
       358    4.0207017e-29
       359    2.8732184e-29
       360    2.0511840e-29
       361    1.4628792e-29
       362    1.0422672e-29
       363    7.4184850e-30
       364    5.2749205e-30
       365    3.7469678e-30
       366    2.6589267e-30
       367    1.8849246e-30
       368    1.3348786e-30
       369    9.4438436e-31
       370    6.6744264e-31
       371    4.7123368e-31
       372    3.3236477e-31
       373    2.3417954e-31
       374    1.6483037e-31
       375    1.1589882e-31
       376    8.1409185e-32
       377    5.7124112e-32
       378    4.0042057e-32
       379    2.8039052e-32
       380    1.9613695e-32
       381    1.3705785e-32
       382    9.5674448e-33
       383    6.6716739e-33
       384    4.6475032e-33
       385    3.2340733e-33
       386    2.2481462e-33
       387    1.5611445e-33
       388    1.0829408e-33
       389    7.5042751e-34
       390    5.1946285e-34
       391    3.5920414e-34
       392    2.4812388e-34
       393    1.7121251e-34
       394    1.1801618e-34
       395    8.1261735e-35
       396    5.5894423e-35
       397    3.8405033e-35
       398    2.6359944e-35
       399    1.8073277e-35
       400    1.2378409e-35
       401    8.4689130e-36
       402    5.7879522e-36
       403    3.9514461e-36
       404    2.6947625e-36
       405    1.8357677e-36
       406    1.2492439e-36
       407    8.4919709e-37
       408    5.7663508e-37
       409    3.9113294e-37
       410    2.6501960e-37
       411    1.7937480e-37
       412    1.2127581e-37
       413    8.1906030e-38
       414    5.5256836e-38
       415    3.7237808e-38
       416    2.5067430e-38
       417    1.6856310e-38
       418    1.1322490e-38
       419    7.5970976e-39
       420    5.0918926e-39
       421    3.4090719e-39
       422    2.2799112e-39
       423    1.5230853e-39
       424    1.0163772e-39
       425    6.7749978e-40
       426    4.5111301e-40
       427    3.0004322e-40
       428    1.9934452e-40
       429    1.3229519e-40
       430    8.7700264e-41
       431    5.8074012e-41
       432    3.8412394e-41
       433    2.5378916e-41
       434    1.6748319e-41
       435    1.1040831e-41
       436    7.2685351e-42
       437    4.7798291e-42
       438    3.1389086e-42
       439    2.0585074e-42
       440    1.3466478e-42
       441    8.8001544e-43
       442    5.7453237e-43
       443    3.7274539e-43
       444    2.4102334e-43
       445    1.5554413e-43
       446    9.9492191e-44
       447    6.3058431e-44
       448    3.9236357e-44
       449    2.3822074e-44
       450    1.2611686e-44
       451    5.6051939e-45
       452    1.4012985e-45
       453    0.0000000e+00
       454    0.0000000e+00
       455    0.0000000e+00
       456    0.0000000e+00
       457    0.0000000e+00
       458    0.0000000e+00
       459    0.0000000e+00
       460    0.0000000e+00
       461    0.0000000e+00
       462    0.0000000e+00
       463    0.0000000e+00
       464    0.0000000e+00
       465    0.0000000e+00
       466    0.0000000e+00
       467    0.0000000e+00
       468    0.0000000e+00
       469    0.0000000e+00
       470    0.0000000e+00
       471    0.0000000e+00
       472    0.0000000e+00
       473    0.0000000e+00
       474    0.0000000e+00
       475    0.0000000e+00
       476    0.0000000e+00
       477    0.0000000e+00
       478    0.0000000e+00
       479    0.0000000e+00
       480    0.0000000e+00
       481    0.0000000e+00
       482    0.0000000e+00
       483    0.0000000e+00
       484    0.0000000e+00
       485    0.0000000e+00
       486    0.0000000e+00
       487    0.0000000e+00
       488    0.0000000e+00
       489    0.0000000e+00
       490    0.0000000e+00
       491    0.0000000e+00
       492    0.0000000e+00
       493    0.0000000e+00
       494    0.0000000e+00
       495    0.0000000e+00
       496    0.0000000e+00
       497    0.0000000e+00
       498    0.0000000e+00
       499    0.0000000e+00
       500    0.0000000e+00
       501    0.0000000e+00
       502    0.0000000e+00
       503    0.0000000e+00
       504    0.0000000e+00
       505    0.0000000e+00
       506    0.0000000e+00
       507    0.0000000e+00
       508    0.0000000e+00
       509    0.0000000e+00
       510    0.0000000e+00
       511    0.0000000e+00
       512    0.0000000e+00
       513    0.0000000e+00
       514    0.0000000e+00
       515    0.0000000e+00
       516    0.0000000e+00
       517    0.0000000e+00
       518    0.0000000e+00
       519    0.0000000e+00
       520    0.0000000e+00
       521    0.0000000e+00
       522    0.0000000e+00
       523    0.0000000e+00
       524    0.0000000e+00
       525    0.0000000e+00
       526    0.0000000e+00
       527    0.0000000e+00
       528    0.0000000e+00
       529    0.0000000e+00
       530    0.0000000e+00
       531    0.0000000e+00
       532    0.0000000e+00
       533    0.0000000e+00
       534    0.0000000e+00
       535    0.0000000e+00
       536    0.0000000e+00
       537    0.0000000e+00
       538    0.0000000e+00
       539    0.0000000e+00
       540    0.0000000e+00
       541    0.0000000e+00
       542    0.0000000e+00
       543    0.0000000e+00
       544    0.0000000e+00
       545    0.0000000e+00
       546    0.0000000e+00
       547    0.0000000e+00
       548    0.0000000e+00
       549    0.0000000e+00
       550    0.0000000e+00
       551    0.0000000e+00
       552    0.0000000e+00
       553    0.0000000e+00
       554    0.0000000e+00
       555    0.0000000e+00
       556    0.0000000e+00
       557    0.0000000e+00
       558    0.0000000e+00
       559    0.0000000e+00
       560    0.0000000e+00
       561    0.0000000e+00
       562    0.0000000e+00
       563    0.0000000e+00
       564    0.0000000e+00
       565    0.0000000e+00
       566    0.0000000e+00
       567    0.0000000e+00
       568    0.0000000e+00
       569    0.0000000e+00
       570    0.0000000e+00
       571    0.0000000e+00
       572    0.0000000e+00
       573    0.0000000e+00
       574    0.0000000e+00
       575    0.0000000e+00
       576    0.0000000e+00
       577    0.0000000e+00
       578    0.0000000e+00
       579    0.0000000e+00
       580    0.0000000e+00
       581    0.0000000e+00
       582    0.0000000e+00
       583    0.0000000e+00
       584    0.0000000e+00
       585    0.0000000e+00
       586    0.0000000e+00
       587    0.0000000e+00
       588    0.0000000e+00
       589    0.0000000e+00
       590    0.0000000e+00
       591    0.0000000e+00
       592    0.0000000e+00
       593    0.0000000e+00
       594    0.0000000e+00
       595    0.0000000e+00
       596    0.0000000e+00
       597    0.0000000e+00
       598    0.0000000e+00
       599    0.0000000e+00
       600    0.0000000e+00
       601    0.0000000e+00
       602    0.0000000e+00
       603    0.0000000e+00
       604    0.0000000e+00
       605    0.0000000e+00
       606    0.0000000e+00
       607    0.0000000e+00
       608    0.0000000e+00
       609    0.0000000e+00
       610    0.0000000e+00
       611    0.0000000e+00
       612    0.0000000e+00
       613    0.0000000e+00
       614    0.0000000e+00
       615    0.0000000e+00
       616    0.0000000e+00
       617    0.0000000e+00
       618    0.0000000e+00
       619    0.0000000e+00
       620    0.0000000e+00
       621    0.0000000e+00
       622    0.0000000e+00
       623    0.0000000e+00
       624    0.0000000e+00
       625    0.0000000e+00
       626    0.0000000e+00
       627    0.0000000e+00
       628    0.0000000e+00
       629    0.0000000e+00
       630    0.0000000e+00
       631    0.0000000e+00
       632    0.0000000e+00
       633    0.0000000e+00
       634    0.0000000e+00
       635    0.0000000e+00
       636    0.0000000e+00
       637    0.0000000e+00
       638    0.0000000e+00
       639    0.0000000e+00
       640    0.0000000e+00
       641    0.0000000e+00
       642    0.0000000e+00
       643    0.0000000e+00
       644    0.0000000e+00
       645    0.0000000e+00
       646    0.0000000e+00
       647    0.0000000e+00
       648    0.0000000e+00
       649    0.0000000e+00
       650    0.0000000e+00
       651    0.0000000e+00
       652    0.0000000e+00
       653    0.0000000e+00
       654    0.0000000e+00
       655    0.0000000e+00
       656    0.0000000e+00
       657    0.0000000e+00
       658    0.0000000e+00
       659    0.0000000e+00
       660    0.0000000e+00
       661    0.0000000e+00
       662    0.0000000e+00
       663    0.0000000e+00
       664    0.0000000e+00
       665    0.0000000e+00
       666    0.0000000e+00
       667    0.0000000e+00
       668    0.0000000e+00
       669    0.0000000e+00
       670    0.0000000e+00
       671    0.0000000e+00
       672    0.0000000e+00
       673    0.0000000e+00
       674    0.0000000e+00
       675    0.0000000e+00
       676    0.0000000e+00
       677    0.0000000e+00
       678    0.0000000e+00
       679    0.0000000e+00
       680    0.0000000e+00
       681    0.0000000e+00
       682    0.0000000e+00
       683    0.0000000e+00
       684    0.0000000e+00
       685    0.0000000e+00
       686    0.0000000e+00
       687    0.0000000e+00
       688    0.0000000e+00
       689    0.0000000e+00
       690    0.0000000e+00
       691    0.0000000e+00
       692    0.0000000e+00
       693    0.0000000e+00
       694    0.0000000e+00
       695    0.0000000e+00
       696    0.0000000e+00
       697    0.0000000e+00
       698    0.0000000e+00
       699    0.0000000e+00
       700    0.0000000e+00
       701    0.0000000e+00
       702    0.0000000e+00
       703    0.0000000e+00
       704    0.0000000e+00
       705    0.0000000e+00
       706    0.0000000e+00
       707    0.0000000e+00
       708    0.0000000e+00
       709    0.0000000e+00
       710    0.0000000e+00
       711    0.0000000e+00
       712    0.0000000e+00
       713    0.0000000e+00
       714    0.0000000e+00
       715    0.0000000e+00
       716    0.0000000e+00
       717    0.0000000e+00
       718    0.0000000e+00
       719    0.0000000e+00
       720    0.0000000e+00
       721    0.0000000e+00
       722    0.0000000e+00
       723    0.0000000e+00
       724    0.0000000e+00
       725    0.0000000e+00
       726    0.0000000e+00
       727    0.0000000e+00
       728    0.0000000e+00
       729    0.0000000e+00
       730    0.0000000e+00
       731    0.0000000e+00
       732    0.0000000e+00
       733    0.0000000e+00
       734    0.0000000e+00
       735    0.0000000e+00
       736    0.0000000e+00
       737    0.0000000e+00
       738    0.0000000e+00
       739    0.0000000e+00
       740    0.0000000e+00
       741    0.0000000e+00
       742    0.0000000e+00
       743    0.0000000e+00
       744    0.0000000e+00
       745    0.0000000e+00
       746    0.0000000e+00
       747    0.0000000e+00
       748    0.0000000e+00
       749    0.0000000e+00
       750    0.0000000e+00
       751    0.0000000e+00
       752    0.0000000e+00
       753    0.0000000e+00
       754    0.0000000e+00
       755    0.0000000e+00
       756    0.0000000e+00
       757    0.0000000e+00
       758    0.0000000e+00
       759    0.0000000e+00
       760    0.0000000e+00
       761    0.0000000e+00
       762    0.0000000e+00
       763    0.0000000e+00
       764    0.0000000e+00
       765    0.0000000e+00
       766    0.0000000e+00
       767    0.0000000e+00
       768    0.0000000e+00
       769    0.0000000e+00
       770    0.0000000e+00
       771    0.0000000e+00
       772    0.0000000e+00
       773    0.0000000e+00
       774    0.0000000e+00
       775    0.0000000e+00
       776    0.0000000e+00
       777    0.0000000e+00
       778    0.0000000e+00
       779    0.0000000e+00
       780    0.0000000e+00
       781    0.0000000e+00
       782    0.0000000e+00
       783    0.0000000e+00
       784    0.0000000e+00
       785    0.0000000e+00
       786    0.0000000e+00
       787    0.0000000e+00
       788    0.0000000e+00
       789    0.0000000e+00
       790    0.0000000e+00
       791    0.0000000e+00
       792    0.0000000e+00
       793    0.0000000e+00
       794    0.0000000e+00
       795    0.0000000e+00
       796    0.0000000e+00
       797    0.0000000e+00
       798    0.0000000e+00
       799    0.0000000e+00
       800    0.0000000e+00
       801    0.0000000e+00
       802    0.0000000e+00
       803    0.0000000e+00
       804    0.0000000e+00
       805    0.0000000e+00
       806    0.0000000e+00
       807    0.0000000e+00
       808    0.0000000e+00
       809    0.0000000e+00
       810    0.0000000e+00
       811    0.0000000e+00
       812    0.0000000e+00
       813    0.0000000e+00
       814    0.0000000e+00
       815    0.0000000e+00
       816    0.0000000e+00
       817    0.0000000e+00
       818    0.0000000e+00
       819    0.0000000e+00
       820    0.0000000e+00
       821    0.0000000e+00
       822    0.0000000e+00
       823    0.0000000e+00
       824    0.0000000e+00
       825    0.0000000e+00
       826    0.0000000e+00
       827    0.0000000e+00
       828    0.0000000e+00
       829    0.0000000e+00
       830    0.0000000e+00
       831    0.0000000e+00
       832    0.0000000e+00
       833    0.0000000e+00
       834    0.0000000e+00
       835    0.0000000e+00
       836    0.0000000e+00
       837    0.0000000e+00
       838    0.0000000e+00
       839    0.0000000e+00
       840    0.0000000e+00
       841    0.0000000e+00
       842    0.0000000e+00
       843    0.0000000e+00
       844    0.0000000e+00
       845    0.0000000e+00
       846    0.0000000e+00
       847    0.0000000e+00
       848    0.0000000e+00
       849    0.0000000e+00
       850    0.0000000e+00
       851    0.0000000e+00
       852    0.0000000e+00
       853    0.0000000e+00
       854    0.0000000e+00
       855    0.0000000e+00
       856    0.0000000e+00
       857    0.0000000e+00
       858    0.0000000e+00
       859    0.0000000e+00
       860    0.0000000e+00
       861    0.0000000e+00
       862    0.0000000e+00
       863    0.0000000e+00
       864    0.0000000e+00
       865    0.0000000e+00
       866    0.0000000e+00
       867    0.0000000e+00
       868    0.0000000e+00
       869    0.0000000e+00
       870    0.0000000e+00
       871    0.0000000e+00
       872    0.0000000e+00
       873    0.0000000e+00
       874    0.0000000e+00
       875    0.0000000e+00
       876    0.0000000e+00
       877    0.0000000e+00
       878    0.0000000e+00
       879    0.0000000e+00
       880    0.0000000e+00
       881    0.0000000e+00
       882    0.0000000e+00
       883    0.0000000e+00
       884    0.0000000e+00
       885    0.0000000e+00
       886    0.0000000e+00
       887    0.0000000e+00
       888    0.0000000e+00
       889    0.0000000e+00
       890    0.0000000e+00
       891    0.0000000e+00
       892    0.0000000e+00
       893    0.0000000e+00
       894    0.0000000e+00
       895    0.0000000e+00
       896    0.0000000e+00
       897    0.0000000e+00
       898    0.0000000e+00
       899    0.0000000e+00
       900    0.0000000e+00
       901    0.0000000e+00
       902    0.0000000e+00
       903    0.0000000e+00
       904    0.0000000e+00
       905    0.0000000e+00
       906    0.0000000e+00
       907    0.0000000e+00
       908    0.0000000e+00
       909    0.0000000e+00
       910    0.0000000e+00
       911    0.0000000e+00
       912    0.0000000e+00
       913    0.0000000e+00
       914    0.0000000e+00
       915    0.0000000e+00
       916    0.0000000e+00
       917    0.0000000e+00
       918    0.0000000e+00
       919    0.0000000e+00
       920    0.0000000e+00
       921    0.0000000e+00
       922    0.0000000e+00
       923    0.0000000e+00
       924    0.0000000e+00
       925    0.0000000e+00
       926    0.0000000e+00
       927    0.0000000e+00
       928    0.0000000e+00
       929    0.0000000e+00
       930    0.0000000e+00
       931    0.0000000e+00
       932    0.0000000e+00
       933    0.0000000e+00
       934    0.0000000e+00
       935    0.0000000e+00
       936    0.0000000e+00
       937    0.0000000e+00
       938    0.0000000e+00
       939    0.0000000e+00
       940    0.0000000e+00
       941    0.0000000e+00
       942    0.0000000e+00
       943    0.0000000e+00
       944    0.0000000e+00
       945    0.0000000e+00
       946    0.0000000e+00
       947    0.0000000e+00
       948    0.0000000e+00
       949    0.0000000e+00
       950    0.0000000e+00
       951    0.0000000e+00
       952    0.0000000e+00
       953    0.0000000e+00
       954    0.0000000e+00
       955    0.0000000e+00
       956    0.0000000e+00
       957    0.0000000e+00
       958    0.0000000e+00
       959    0.0000000e+00
       960    0.0000000e+00
       961    0.0000000e+00
       962    0.0000000e+00
       963    0.0000000e+00
       964    0.0000000e+00
       965    0.0000000e+00
       966    0.0000000e+00
       967    0.0000000e+00
       968    0.0000000e+00
       969    0.0000000e+00
       970    0.0000000e+00
       971    0.0000000e+00
       972    0.0000000e+00
       973    0.0000000e+00
       974    0.0000000e+00
       975    0.0000000e+00
       976    0.0000000e+00
       977    0.0000000e+00
       978    0.0000000e+00
       979    0.0000000e+00
       980    0.0000000e+00
       981    0.0000000e+00
       982    0.0000000e+00
       983    0.0000000e+00
       984    0.0000000e+00
       985    0.0000000e+00
       986    0.0000000e+00
       987    0.0000000e+00
       988    0.0000000e+00
       989    0.0000000e+00
       990    0.0000000e+00
       991    0.0000000e+00
       992    0.0000000e+00
       993    0.0000000e+00
       994    0.0000000e+00
       995    0.0000000e+00
       996    0.0000000e+00
       997    0.0000000e+00
       998    0.0000000e+00
       999    0.0000000e+00
      1000    0.0000000e+00
      1001    0.0000000e+00
      1002    0.0000000e+00
      1003    0.0000000e+00
      1004    0.0000000e+00
      1005    0.0000000e+00
      1006    0.0000000e+00
      1007    0.0000000e+00
      1008    0.0000000e+00
      1009    0.0000000e+00
      1010    0.0000000e+00
      1011    0.0000000e+00
      1012    0.0000000e+00
      1013    0.0000000e+00
      1014    0.0000000e+00
      1015    0.0000000e+00
      1016    0.0000000e+00
      1017    0.0000000e+00
      1018    0.0000000e+00
      1019    0.0000000e+00
      1020    0.0000000e+00
      1021    0.0000000e+00
      1022    0.0000000e+00
      1023    0.0000000e+00
      1024    0.0000000e+00
