         1    9.9999905e-01
         2    9.9999905e-01
         3    9.9999905e-01
         4    9.9999905e-01
         5    9.9999905e-01
         6    9.9999905e-01
         7    9.9999905e-01
         8    9.9999905e-01
         9    9.9999905e-01
        10    9.9999905e-01
        11    9.9999905e-01
        12    9.9999905e-01
        13    9.9999905e-01
        14    9.9999905e-01
        15    9.9999905e-01
        16    9.9999905e-01
        17    9.9999905e-01
        18    9.9999905e-01
        19    9.9999905e-01
        20    9.9999905e-01
        21    9.9999905e-01
        22    9.9999905e-01
        23    9.9999905e-01
        24    9.9999905e-01
        25    9.9999905e-01
        26    9.9999905e-01
        27    9.9999905e-01
        28    9.9999899e-01
        29    9.9999887e-01
        30    9.9999869e-01
        31    9.9999845e-01
        32    9.9999809e-01
        33    9.9999750e-01
        34    9.9999684e-01
        35    9.9999589e-01
        36    9.9999464e-01
        37    9.9999303e-01
        38    9.9999088e-01
        39    9.9998808e-01
        40    9.9998444e-01
        41    9.9997962e-01
        42    9.9997330e-01
        43    9.9996507e-01
        44    9.9995422e-01
        45    9.9994004e-01
        46    9.9992144e-01
        47    9.9989700e-01
        48    9.9986500e-01
        49    9.9982291e-01
        50    9.9976772e-01
        51    9.9969530e-01
        52    9.9960017e-01
        53    9.9947530e-01
        54    9.9931139e-01
        55    9.9909616e-01
        56    9.9881357e-01
        57    9.9844253e-01
        58    9.9795538e-01
        59    9.9731594e-01
        60    9.9647683e-01
        61    9.9537599e-01
        62    9.9393260e-01
        63    9.9204129e-01
        64    9.8956543e-01
        65    9.8632848e-01
        66    9.8210359e-01
        67    9.7660136e-01
        68    9.6945661e-01
        69    9.6021444e-01
        70    9.4831860e-01
        71    9.3310529e-01
        72    9.1380942e-01
        73    8.8959104e-01
        74    8.5959375e-01
        75    8.2304341e-01
        76    7.7939194e-01
        77    7.2849494e-01
        78    6.7078888e-01
        79    6.0741031e-01
        80    5.4019237e-01
        81    4.7149685e-01
        82    4.0389955e-01
        83    3.3981174e-01
        84    2.8115219e-01
        85    2.2915818e-01
        86    1.8436174e-01
        87    1.4669563e-01
        88    1.1566488e-01
        89    9.0525433e-02
        90    7.0432328e-02
        91    5.4544490e-02
        92    4.2087719e-02
        93    3.2385275e-02
        94    2.4866592e-02
        95    1.9062912e-02
        96    1.4596378e-02
        97    1.1166654e-02
        98    8.5375095e-03
        99    6.5245936e-03
       100    4.9848803e-03
       101    3.8079000e-03
       102    2.9086068e-03
       103    2.2216914e-03
       104    1.6970934e-03
       105    1.2964921e-03
       106    9.9058379e-04
       107    7.5697573e-04
       108    5.7856477e-04
       109    4.4229234e-04
       110    3.3819029e-04
       111    2.5865031e-04
       112    1.9786546e-04
       113    1.5140371e-04
       114    1.1588215e-04
       115    8.8718371e-05
       116    6.7940804e-05
       117    5.2044004e-05
       118    3.9878261e-05
       119    3.0565356e-05
       120    2.3434328e-05
       121    1.7972439e-05
       122    1.3787788e-05
       123    1.0580748e-05
       124    8.1221915e-06
       125    6.2368572e-06
       126    4.7906487e-06
       127    3.6809408e-06
       128    2.8291688e-06
       129    2.1751723e-06
       130    1.6728699e-06
       131    1.2869533e-06
       132    9.9036140e-07
       133    7.6234687e-07
       134    5.8699828e-07
       135    4.5210919e-07
       136    3.4831211e-07
       137    2.6841622e-07
       138    2.0689960e-07
       139    1.5952055e-07
       140    1.2301973e-07
       141    9.4891824e-08
       142    7.3210444e-08
       143    5.6493910e-08
       144    4.3602189e-08
       145    3.3657866e-08
       146    2.5985418e-08
       147    2.0064613e-08
       148    1.5494683e-08
       149    1.1966799e-08
       150    9.2429238e-09
       151    7.1395232e-09
       152    5.5150537e-09
       153    4.2603303e-09
       154    3.2911067e-09
       155    2.5423654e-09
       156    1.9639181e-09
       157    1.5170167e-09
       158    1.1717395e-09
       159    9.0497720e-10
       160    6.9887951e-10
       161    5.3965643e-10
       162    4.1665363e-10
       163    3.2163858e-10
       164    2.4824967e-10
       165    1.9157090e-10
       166    1.4780301e-10
       167    1.1400991e-10
       168    8.7922586e-11
       169    6.7787512e-11
       170    5.2249642e-11
       171    4.0261915e-11
       172    3.1015312e-11
       173    2.3884807e-11
       174    1.8387574e-11
       175    1.4150688e-11
       176    1.0886153e-11
       177    8.3716012e-12
       178    6.4353661e-12
       179    4.9449516e-12
       180    3.7981168e-12
       181    2.9159871e-12
       182    2.2377278e-12
       183    1.7164329e-12
       184    1.3159446e-12
       185    1.0084005e-12
       186    7.7233646e-13
       187    5.9122303e-13
       188    4.5233552e-13
       189    3.4588193e-13
       190    2.6432974e-13
       191    2.0188694e-13
       192    1.5410176e-13
       193    1.1755393e-13
       194    8.9616885e-14
       195    6.8274501e-14
       196    5.1979973e-14
       197    3.9547152e-14
       198    3.0066908e-14
       199    2.2842805e-14
       200    1.7341626e-14
       201    1.3155355e-14
       202    9.9719546e-15
       203    7.5529318e-15
       204    5.7161142e-15
       205    4.3224388e-15
       206    3.2658177e-15
       207    2.4653732e-15
       208    1.8594889e-15
       209    1.4012553e-15
       210    1.0549848e-15
       211    7.9354774e-16
       212    5.9633518e-16
       213    4.4770392e-16
       214    3.3578959e-16
       215    2.5160089e-16
       216    1.8832960e-16
       217    1.4082483e-16
       218    1.0519306e-16
       219    7.8493776e-17
       220    5.8508185e-17
       221    4.3563679e-17
       222    3.2400536e-17
       223    2.4070933e-17
       224    1.7862414e-17
       225    1.3239984e-17
       226    9.8023111e-18
       227    7.2486457e-18
       228    5.3538546e-18
       229    3.9495844e-18
       230    2.9100838e-18
       231    2.1415243e-18
       232    1.5739762e-18
       233    1.1553815e-18
       234    8.4703067e-19
       235    6.2017468e-19
       236    4.5348693e-19
       237    3.3116633e-19
       238    2.4152004e-19
       239    1.7590606e-19
       240    1.2794527e-19
       241    9.2934879e-20
       242    6.7412376e-20
       243    4.8831764e-20
       244    3.5323417e-20
       245    2.5516207e-20
       246    1.8405959e-20
       247    1.3258233e-20
       248    9.5366016e-21
       249    6.8498100e-21
       250    4.9128829e-21
       251    3.5185497e-21
       252    2.5162669e-21
       253    1.7968500e-21
       254    1.2812258e-21
       255    9.1220997e-22
       256    6.4850904e-22
       257    4.6034782e-22
       258    3.2628855e-22
       259    2.3091933e-22
       260    1.6317680e-22
       261    1.1513130e-22
       262    8.1107744e-23
       263    5.7050900e-23
       264    4.0067413e-23
       265    2.8096098e-23
       266    1.9670898e-23
       267    1.3750653e-23
       268    9.5971208e-24
       269    6.6876693e-24
       270    4.6528870e-24
       271    3.2320783e-24
       272    2.2415617e-24
       273    1.5521255e-24
       274    1.0730210e-24
       275    7.4061570e-25
       276    5.1036259e-25
       277    3.5112689e-25
       278    2.4118308e-25
       279    1.6539608e-25
       280    1.1323937e-25
       281    7.7403710e-26
       282    5.2822206e-26
       283    3.5988192e-26
       284    2.4478828e-26
       285    1.6622900e-26
       286    1.1269560e-26
       287    7.6276301e-27
       288    5.1541055e-27
       289    3.4769349e-27
       290    2.3416286e-27
       291    1.5744042e-27
       292    1.0567930e-27
       293    7.0817041e-28
       294    4.7376008e-28
       295    3.1641043e-28
       296    2.1096651e-28
       297    1.4042531e-28
       298    9.3313665e-29
       299    6.1903042e-29
       300    4.0996281e-29
       301    2.7104509e-29
       302    1.7889665e-29
       303    1.1787600e-29
       304    7.7537180e-30
       305    5.0916096e-30
       306    3.3377950e-30
       307    2.1843523e-30
       308    1.4270635e-30
       309    9.3072304e-31
       310    6.0597317e-31
       311    3.9385928e-31
       312    2.5555400e-31
       313    1.6553025e-31
       314    1.0703461e-31
       315    6.9091162e-32
       316    4.4521658e-32
       317    2.8639794e-32
       318    1.8391513e-32
       319    1.1789984e-32
       320    7.5449509e-33
       321    4.8199919e-33
       322    3.0738463e-33
       323    1.9568758e-33
       324    1.2436234e-33
       325    7.8896619e-34
       326    4.9965590e-34
       327    3.1588295e-34
       328    1.9935317e-34
       329    1.2559179e-34
       330    7.8984146e-35
       331    4.9585933e-35
       332    3.1075370e-35
       333    1.9440741e-35
       334    1.2140802e-35
       335    7.5686669e-36
       336    4.7100801e-36
       337    2.9259944e-36
       338    1.8144895e-36
       339    1.1232348e-36
       340    6.9409882e-37
       341    4.2816000e-37
       342    2.6364798e-37
       343    1.6205999e-37
       344    9.9439659e-38
       345    6.0908150e-38
       346    3.7241115e-38
       347    2.2730076e-38
       348    1.3848716e-38
       349    8.4226361e-39
       350    5.1134740e-39
       351    3.0989379e-39
       352    1.8747286e-39
       353    1.1321174e-39
       354    6.8245197e-40
       355    4.1065752e-40
       356    2.4666777e-40
       357    1.4790145e-40
       358    8.8522827e-41
       359    5.2887807e-41
       360    3.1540426e-41
       361    1.8775998e-41
       362    1.1157138e-41
       363    6.6169313e-42
       364    3.9166292e-42
       365    2.3135438e-42
       366    1.3648647e-42
       367    8.0294402e-43
       368    4.7083628e-43
       369    2.7605580e-43
       370    1.5974802e-43
       371    9.2485699e-44
       372    5.1848043e-44
       373    2.8025969e-44
       374    1.5414283e-44
       375    7.0064923e-45
       376    2.8025969e-45
       377    0.0000000e+00
       378    0.0000000e+00
       379    0.0000000e+00
       380    0.0000000e+00
       381    0.0000000e+00
       382    0.0000000e+00
       383    0.0000000e+00
       384    0.0000000e+00
       385    0.0000000e+00
       386    0.0000000e+00
       387    0.0000000e+00
       388    0.0000000e+00
       389    0.0000000e+00
       390    0.0000000e+00
       391    0.0000000e+00
       392    0.0000000e+00
       393    0.0000000e+00
       394    0.0000000e+00
       395    0.0000000e+00
       396    0.0000000e+00
       397    0.0000000e+00
       398    0.0000000e+00
       399    0.0000000e+00
       400    0.0000000e+00
       401    0.0000000e+00
       402    0.0000000e+00
       403    0.0000000e+00
       404    0.0000000e+00
       405    0.0000000e+00
       406    0.0000000e+00
       407    0.0000000e+00
       408    0.0000000e+00
       409    0.0000000e+00
       410    0.0000000e+00
       411    0.0000000e+00
       412    0.0000000e+00
       413    0.0000000e+00
       414    0.0000000e+00
       415    0.0000000e+00
       416    0.0000000e+00
       417    0.0000000e+00
       418    0.0000000e+00
       419    0.0000000e+00
       420    0.0000000e+00
       421    0.0000000e+00
       422    0.0000000e+00
       423    0.0000000e+00
       424    0.0000000e+00
       425    0.0000000e+00
       426    0.0000000e+00
       427    0.0000000e+00
       428    0.0000000e+00
       429    0.0000000e+00
       430    0.0000000e+00
       431    0.0000000e+00
       432    0.0000000e+00
       433    0.0000000e+00
       434    0.0000000e+00
       435    0.0000000e+00
       436    0.0000000e+00
       437    0.0000000e+00
       438    0.0000000e+00
       439    0.0000000e+00
       440    0.0000000e+00
       441    0.0000000e+00
       442    0.0000000e+00
       443    0.0000000e+00
       444    0.0000000e+00
       445    0.0000000e+00
       446    0.0000000e+00
       447    0.0000000e+00
       448    0.0000000e+00
       449    0.0000000e+00
       450    0.0000000e+00
       451    0.0000000e+00
       452    0.0000000e+00
       453    0.0000000e+00
       454    0.0000000e+00
       455    0.0000000e+00
       456    0.0000000e+00
       457    0.0000000e+00
       458    0.0000000e+00
       459    0.0000000e+00
       460    0.0000000e+00
       461    0.0000000e+00
       462    0.0000000e+00
       463    0.0000000e+00
       464    0.0000000e+00
       465    0.0000000e+00
       466    0.0000000e+00
       467    0.0000000e+00
       468    0.0000000e+00
       469    0.0000000e+00
       470    0.0000000e+00
       471    0.0000000e+00
       472    0.0000000e+00
       473    0.0000000e+00
       474    0.0000000e+00
       475    0.0000000e+00
       476    0.0000000e+00
       477    0.0000000e+00
       478    0.0000000e+00
       479    0.0000000e+00
       480    0.0000000e+00
       481    0.0000000e+00
       482    0.0000000e+00
       483    0.0000000e+00
       484    0.0000000e+00
       485    0.0000000e+00
       486    0.0000000e+00
       487    0.0000000e+00
       488    0.0000000e+00
       489    0.0000000e+00
       490    0.0000000e+00
       491    0.0000000e+00
       492    0.0000000e+00
       493    0.0000000e+00
       494    0.0000000e+00
       495    0.0000000e+00
       496    0.0000000e+00
       497    0.0000000e+00
       498    0.0000000e+00
       499    0.0000000e+00
       500    0.0000000e+00
       501    0.0000000e+00
       502    0.0000000e+00
       503    0.0000000e+00
       504    0.0000000e+00
       505    0.0000000e+00
       506    0.0000000e+00
       507    0.0000000e+00
       508    0.0000000e+00
       509    0.0000000e+00
       510    0.0000000e+00
       511    0.0000000e+00
       512    0.0000000e+00
       513    0.0000000e+00
       514    0.0000000e+00
       515    0.0000000e+00
       516    0.0000000e+00
       517    0.0000000e+00
       518    0.0000000e+00
       519    0.0000000e+00
       520    0.0000000e+00
       521    0.0000000e+00
       522    0.0000000e+00
       523    0.0000000e+00
       524    0.0000000e+00
       525    0.0000000e+00
       526    0.0000000e+00
       527    0.0000000e+00
       528    0.0000000e+00
       529    0.0000000e+00
       530    0.0000000e+00
       531    0.0000000e+00
       532    0.0000000e+00
       533    0.0000000e+00
       534    0.0000000e+00
       535    0.0000000e+00
       536    0.0000000e+00
       537    0.0000000e+00
       538    0.0000000e+00
       539    0.0000000e+00
       540    0.0000000e+00
       541    0.0000000e+00
       542    0.0000000e+00
       543    0.0000000e+00
       544    0.0000000e+00
       545    0.0000000e+00
       546    0.0000000e+00
       547    0.0000000e+00
       548    0.0000000e+00
       549    0.0000000e+00
       550    0.0000000e+00
       551    0.0000000e+00
       552    0.0000000e+00
       553    0.0000000e+00
       554    0.0000000e+00
       555    0.0000000e+00
       556    0.0000000e+00
       557    0.0000000e+00
       558    0.0000000e+00
       559    0.0000000e+00
       560    0.0000000e+00
       561    0.0000000e+00
       562    0.0000000e+00
       563    0.0000000e+00
       564    0.0000000e+00
       565    0.0000000e+00
       566    0.0000000e+00
       567    0.0000000e+00
       568    0.0000000e+00
       569    0.0000000e+00
       570    0.0000000e+00
       571    0.0000000e+00
       572    0.0000000e+00
       573    0.0000000e+00
       574    0.0000000e+00
       575    0.0000000e+00
       576    0.0000000e+00
       577    0.0000000e+00
       578    0.0000000e+00
       579    0.0000000e+00
       580    0.0000000e+00
       581    0.0000000e+00
       582    0.0000000e+00
       583    0.0000000e+00
       584    0.0000000e+00
       585    0.0000000e+00
       586    0.0000000e+00
       587    0.0000000e+00
       588    0.0000000e+00
       589    0.0000000e+00
       590    0.0000000e+00
       591    0.0000000e+00
       592    0.0000000e+00
       593    0.0000000e+00
       594    0.0000000e+00
       595    0.0000000e+00
       596    0.0000000e+00
       597    0.0000000e+00
       598    0.0000000e+00
       599    0.0000000e+00
       600    0.0000000e+00
       601    0.0000000e+00
       602    0.0000000e+00
       603    0.0000000e+00
       604    0.0000000e+00
       605    0.0000000e+00
       606    0.0000000e+00
       607    0.0000000e+00
       608    0.0000000e+00
       609    0.0000000e+00
       610    0.0000000e+00
       611    0.0000000e+00
       612    0.0000000e+00
       613    0.0000000e+00
       614    0.0000000e+00
       615    0.0000000e+00
       616    0.0000000e+00
       617    0.0000000e+00
       618    0.0000000e+00
       619    0.0000000e+00
       620    0.0000000e+00
       621    0.0000000e+00
       622    0.0000000e+00
       623    0.0000000e+00
       624    0.0000000e+00
       625    0.0000000e+00
       626    0.0000000e+00
       627    0.0000000e+00
       628    0.0000000e+00
       629    0.0000000e+00
       630    0.0000000e+00
       631    0.0000000e+00
       632    0.0000000e+00
       633    0.0000000e+00
       634    0.0000000e+00
       635    0.0000000e+00
       636    0.0000000e+00
       637    0.0000000e+00
       638    0.0000000e+00
       639    0.0000000e+00
       640    0.0000000e+00
       641    0.0000000e+00
       642    0.0000000e+00
       643    0.0000000e+00
       644    0.0000000e+00
       645    0.0000000e+00
       646    0.0000000e+00
       647    0.0000000e+00
       648    0.0000000e+00
       649    0.0000000e+00
       650    0.0000000e+00
       651    0.0000000e+00
       652    0.0000000e+00
       653    0.0000000e+00
       654    0.0000000e+00
       655    0.0000000e+00
       656    0.0000000e+00
       657    0.0000000e+00
       658    0.0000000e+00
       659    0.0000000e+00
       660    0.0000000e+00
       661    0.0000000e+00
       662    0.0000000e+00
       663    0.0000000e+00
       664    0.0000000e+00
       665    0.0000000e+00
       666    0.0000000e+00
       667    0.0000000e+00
       668    0.0000000e+00
       669    0.0000000e+00
       670    0.0000000e+00
       671    0.0000000e+00
       672    0.0000000e+00
       673    0.0000000e+00
       674    0.0000000e+00
       675    0.0000000e+00
       676    0.0000000e+00
       677    0.0000000e+00
       678    0.0000000e+00
       679    0.0000000e+00
       680    0.0000000e+00
       681    0.0000000e+00
       682    0.0000000e+00
       683    0.0000000e+00
       684    0.0000000e+00
       685    0.0000000e+00
       686    0.0000000e+00
       687    0.0000000e+00
       688    0.0000000e+00
       689    0.0000000e+00
       690    0.0000000e+00
       691    0.0000000e+00
       692    0.0000000e+00
       693    0.0000000e+00
       694    0.0000000e+00
       695    0.0000000e+00
       696    0.0000000e+00
       697    0.0000000e+00
       698    0.0000000e+00
       699    0.0000000e+00
       700    0.0000000e+00
       701    0.0000000e+00
       702    0.0000000e+00
       703    0.0000000e+00
       704    0.0000000e+00
       705    0.0000000e+00
       706    0.0000000e+00
       707    0.0000000e+00
       708    0.0000000e+00
       709    0.0000000e+00
       710    0.0000000e+00
       711    0.0000000e+00
       712    0.0000000e+00
       713    0.0000000e+00
       714    0.0000000e+00
       715    0.0000000e+00
       716    0.0000000e+00
       717    0.0000000e+00
       718    0.0000000e+00
       719    0.0000000e+00
       720    0.0000000e+00
       721    0.0000000e+00
       722    0.0000000e+00
       723    0.0000000e+00
       724    0.0000000e+00
       725    0.0000000e+00
       726    0.0000000e+00
       727    0.0000000e+00
       728    0.0000000e+00
       729    0.0000000e+00
       730    0.0000000e+00
       731    0.0000000e+00
       732    0.0000000e+00
       733    0.0000000e+00
       734    0.0000000e+00
       735    0.0000000e+00
       736    0.0000000e+00
       737    0.0000000e+00
       738    0.0000000e+00
       739    0.0000000e+00
       740    0.0000000e+00
       741    0.0000000e+00
       742    0.0000000e+00
       743    0.0000000e+00
       744    0.0000000e+00
       745    0.0000000e+00
       746    0.0000000e+00
       747    0.0000000e+00
       748    0.0000000e+00
       749    0.0000000e+00
       750    0.0000000e+00
       751    0.0000000e+00
       752    0.0000000e+00
       753    0.0000000e+00
       754    0.0000000e+00
       755    0.0000000e+00
       756    0.0000000e+00
       757    0.0000000e+00
       758    0.0000000e+00
       759    0.0000000e+00
       760    0.0000000e+00
       761    0.0000000e+00
       762    0.0000000e+00
       763    0.0000000e+00
       764    0.0000000e+00
       765    0.0000000e+00
       766    0.0000000e+00
       767    0.0000000e+00
       768    0.0000000e+00
       769    0.0000000e+00
       770    0.0000000e+00
       771    0.0000000e+00
       772    0.0000000e+00
       773    0.0000000e+00
       774    0.0000000e+00
       775    0.0000000e+00
       776    0.0000000e+00
       777    0.0000000e+00
       778    0.0000000e+00
       779    0.0000000e+00
       780    0.0000000e+00
       781    0.0000000e+00
       782    0.0000000e+00
       783    0.0000000e+00
       784    0.0000000e+00
       785    0.0000000e+00
       786    0.0000000e+00
       787    0.0000000e+00
       788    0.0000000e+00
       789    0.0000000e+00
       790    0.0000000e+00
       791    0.0000000e+00
       792    0.0000000e+00
       793    0.0000000e+00
       794    0.0000000e+00
       795    0.0000000e+00
       796    0.0000000e+00
       797    0.0000000e+00
       798    0.0000000e+00
       799    0.0000000e+00
       800    0.0000000e+00
       801    0.0000000e+00
       802    0.0000000e+00
       803    0.0000000e+00
       804    0.0000000e+00
       805    0.0000000e+00
       806    0.0000000e+00
       807    0.0000000e+00
       808    0.0000000e+00
       809    0.0000000e+00
       810    0.0000000e+00
       811    0.0000000e+00
       812    0.0000000e+00
       813    0.0000000e+00
       814    0.0000000e+00
       815    0.0000000e+00
       816    0.0000000e+00
       817    0.0000000e+00
       818    0.0000000e+00
       819    0.0000000e+00
       820    0.0000000e+00
       821    0.0000000e+00
       822    0.0000000e+00
       823    0.0000000e+00
       824    0.0000000e+00
       825    0.0000000e+00
       826    0.0000000e+00
       827    0.0000000e+00
       828    0.0000000e+00
       829    0.0000000e+00
       830    0.0000000e+00
       831    0.0000000e+00
       832    0.0000000e+00
       833    0.0000000e+00
       834    0.0000000e+00
       835    0.0000000e+00
       836    0.0000000e+00
       837    0.0000000e+00
       838    0.0000000e+00
       839    0.0000000e+00
       840    0.0000000e+00
       841    0.0000000e+00
       842    0.0000000e+00
       843    0.0000000e+00
       844    0.0000000e+00
       845    0.0000000e+00
       846    0.0000000e+00
       847    0.0000000e+00
       848    0.0000000e+00
       849    0.0000000e+00
       850    0.0000000e+00
       851    0.0000000e+00
       852    0.0000000e+00
       853    0.0000000e+00
       854    0.0000000e+00
       855    0.0000000e+00
       856    0.0000000e+00
       857    0.0000000e+00
       858    0.0000000e+00
       859    0.0000000e+00
       860    0.0000000e+00
       861    0.0000000e+00
       862    0.0000000e+00
       863    0.0000000e+00
       864    0.0000000e+00
       865    0.0000000e+00
       866    0.0000000e+00
       867    0.0000000e+00
       868    0.0000000e+00
       869    0.0000000e+00
       870    0.0000000e+00
       871    0.0000000e+00
       872    0.0000000e+00
       873    0.0000000e+00
       874    0.0000000e+00
       875    0.0000000e+00
       876    0.0000000e+00
       877    0.0000000e+00
       878    0.0000000e+00
       879    0.0000000e+00
       880    0.0000000e+00
       881    0.0000000e+00
       882    0.0000000e+00
       883    0.0000000e+00
       884    0.0000000e+00
       885    0.0000000e+00
       886    0.0000000e+00
       887    0.0000000e+00
       888    0.0000000e+00
       889    0.0000000e+00
       890    0.0000000e+00
       891    0.0000000e+00
       892    0.0000000e+00
       893    0.0000000e+00
       894    0.0000000e+00
       895    0.0000000e+00
       896    0.0000000e+00
       897    0.0000000e+00
       898    0.0000000e+00
       899    0.0000000e+00
       900    0.0000000e+00
       901    0.0000000e+00
       902    0.0000000e+00
       903    0.0000000e+00
       904    0.0000000e+00
       905    0.0000000e+00
       906    0.0000000e+00
       907    0.0000000e+00
       908    0.0000000e+00
       909    0.0000000e+00
       910    0.0000000e+00
       911    0.0000000e+00
       912    0.0000000e+00
       913    0.0000000e+00
       914    0.0000000e+00
       915    0.0000000e+00
       916    0.0000000e+00
       917    0.0000000e+00
       918    0.0000000e+00
       919    0.0000000e+00
       920    0.0000000e+00
       921    0.0000000e+00
       922    0.0000000e+00
       923    0.0000000e+00
       924    0.0000000e+00
       925    0.0000000e+00
       926    0.0000000e+00
       927    0.0000000e+00
       928    0.0000000e+00
       929    0.0000000e+00
       930    0.0000000e+00
       931    0.0000000e+00
       932    0.0000000e+00
       933    0.0000000e+00
       934    0.0000000e+00
       935    0.0000000e+00
       936    0.0000000e+00
       937    0.0000000e+00
       938    0.0000000e+00
       939    0.0000000e+00
       940    0.0000000e+00
       941    0.0000000e+00
       942    0.0000000e+00
       943    0.0000000e+00
       944    0.0000000e+00
       945    0.0000000e+00
       946    0.0000000e+00
       947    0.0000000e+00
       948    0.0000000e+00
       949    0.0000000e+00
       950    0.0000000e+00
       951    0.0000000e+00
       952    0.0000000e+00
       953    0.0000000e+00
       954    0.0000000e+00
       955    0.0000000e+00
       956    0.0000000e+00
       957    0.0000000e+00
       958    0.0000000e+00
       959    0.0000000e+00
       960    0.0000000e+00
       961    0.0000000e+00
       962    0.0000000e+00
       963    0.0000000e+00
       964    0.0000000e+00
       965    0.0000000e+00
       966    0.0000000e+00
       967    0.0000000e+00
       968    0.0000000e+00
       969    0.0000000e+00
       970    0.0000000e+00
       971    0.0000000e+00
       972    0.0000000e+00
       973    0.0000000e+00
       974    0.0000000e+00
       975    0.0000000e+00
       976    0.0000000e+00
       977    0.0000000e+00
       978    0.0000000e+00
       979    0.0000000e+00
       980    0.0000000e+00
       981    0.0000000e+00
       982    0.0000000e+00
       983    0.0000000e+00
       984    0.0000000e+00
       985    0.0000000e+00
       986    0.0000000e+00
       987    0.0000000e+00
       988    0.0000000e+00
       989    0.0000000e+00
       990    0.0000000e+00
       991    0.0000000e+00
       992    0.0000000e+00
       993    0.0000000e+00
       994    0.0000000e+00
       995    0.0000000e+00
       996    0.0000000e+00
       997    0.0000000e+00
       998    0.0000000e+00
       999    0.0000000e+00
      1000    0.0000000e+00
      1001    0.0000000e+00
      1002    0.0000000e+00
      1003    0.0000000e+00
      1004    0.0000000e+00
      1005    0.0000000e+00
      1006    0.0000000e+00
      1007    0.0000000e+00
      1008    0.0000000e+00
      1009    0.0000000e+00
      1010    0.0000000e+00
      1011    0.0000000e+00
      1012    0.0000000e+00
      1013    0.0000000e+00
      1014    0.0000000e+00
      1015    0.0000000e+00
      1016    0.0000000e+00
      1017    0.0000000e+00
      1018    0.0000000e+00
      1019    0.0000000e+00
      1020    0.0000000e+00
      1021    0.0000000e+00
      1022    0.0000000e+00
      1023    0.0000000e+00
      1024    0.0000000e+00
