         1    9.9999905e-01
         2    9.9999905e-01
         3    9.9999905e-01
         4    9.9999905e-01
         5    9.9999905e-01
         6    9.9999905e-01
         7    9.9999905e-01
         8    9.9999905e-01
         9    9.9999905e-01
        10    9.9999905e-01
        11    9.9999905e-01
        12    9.9999905e-01
        13    9.9999905e-01
        14    9.9999905e-01
        15    9.9999905e-01
        16    9.9999905e-01
        17    9.9999905e-01
        18    9.9999905e-01
        19    9.9999905e-01
        20    9.9999905e-01
        21    9.9999905e-01
        22    9.9999905e-01
        23    9.9999905e-01
        24    9.9999905e-01
        25    9.9999905e-01
        26    9.9999905e-01
        27    9.9999905e-01
        28    9.9999905e-01
        29    9.9999905e-01
        30    9.9999905e-01
        31    9.9999905e-01
        32    9.9999905e-01
        33    9.9999905e-01
        34    9.9999905e-01
        35    9.9999905e-01
        36    9.9999905e-01
        37    9.9999905e-01
        38    9.9999905e-01
        39    9.9999905e-01
        40    9.9999905e-01
        41    9.9999905e-01
        42    9.9999905e-01
        43    9.9999905e-01
        44    9.9999905e-01
        45    9.9999905e-01
        46    9.9999905e-01
        47    9.9999905e-01
        48    9.9999905e-01
        49    9.9999905e-01
        50    9.9999905e-01
        51    9.9999905e-01
        52    9.9999905e-01
        53    9.9999905e-01
        54    9.9999905e-01
        55    9.9999905e-01
        56    9.9999905e-01
        57    9.9999905e-01
        58    9.9999905e-01
        59    9.9999905e-01
        60    9.9999899e-01
        61    9.9999887e-01
        62    9.9999869e-01
        63    9.9999845e-01
        64    9.9999803e-01
        65    9.9999750e-01
        66    9.9999672e-01
        67    9.9999577e-01
        68    9.9999452e-01
        69    9.9999285e-01
        70    9.9999058e-01
        71    9.9998766e-01
        72    9.9998379e-01
        73    9.9997872e-01
        74    9.9997211e-01
        75    9.9996328e-01
        76    9.9995178e-01
        77    9.9993664e-01
        78    9.9991673e-01
        79    9.9989057e-01
        80    9.9985617e-01
        81    9.9981093e-01
        82    9.9975145e-01
        83    9.9967325e-01
        84    9.9957043e-01
        85    9.9943525e-01
        86    9.9925750e-01
        87    9.9902385e-01
        88    9.9871665e-01
        89    9.9831283e-01
        90    9.9778211e-01
        91    9.9708480e-01
        92    9.9616891e-01
        93    9.9496645e-01
        94    9.9338871e-01
        95    9.9132031e-01
        96    9.8861158e-01
        97    9.8506945e-01
        98    9.8044622e-01
        99    9.7442698e-01
       100    9.6661556e-01
       101    9.5652127e-01
       102    9.4354832e-01
       103    9.2699325e-01
       104    9.0605700e-01
       105    8.7988150e-01
       106    8.4762144e-01
       107    8.0856013e-01
       108    7.6226825e-01
       109    7.0878780e-01
       110    6.4879751e-01
       111    5.8369631e-01
       112    5.1554310e-01
       113    4.4682932e-01
       114    3.8012666e-01
       115    3.1771103e-01
       116    2.6127535e-01
       117    2.1180007e-01
       118    1.6958304e-01
       119    1.3437802e-01
       120    1.0557605e-01
       121    8.2377024e-02
       122    6.3923441e-02
       123    4.9389619e-02
       124    3.8031816e-02
       125    2.9209683e-02
       126    2.2389201e-02
       127    1.7135210e-02
       128    1.3099076e-02
       129    1.0005011e-02
       130    7.6368973e-03
       131    5.8265743e-03
       132    4.4438979e-03
       133    3.3885462e-03
       134    2.5834211e-03
       135    1.9694075e-03
       136    1.5012560e-03
       137    1.1443746e-03
       138    8.7234471e-04
       139    6.6500349e-04
       140    5.0697103e-04
       141    3.8651971e-04
       142    2.9470961e-04
       143    2.2472690e-04
       144    1.7137882e-04
       145    1.3070839e-04
       146    9.9700301e-05
       147    7.6056858e-05
       148    5.8027144e-05
       149    4.4276861e-05
       150    3.3789143e-05
       151    2.5788966e-05
       152    1.9685609e-05
       153    1.5028778e-05
       154    1.1475197e-05
       155    8.7631443e-06
       156    6.6930638e-06
       157    5.1127772e-06
       158    3.9062274e-06
       159    2.9848923e-06
       160    2.2812465e-06
       161    1.7437732e-06
       162    1.3331651e-06
       163    1.0194263e-06
       164    7.7966428e-07
       165    5.9640490e-07
       166    4.5630838e-07
       167    3.4918949e-07
       168    2.6727062e-07
       169    2.0461168e-07
       170    1.5667530e-07
       171    1.1999501e-07
       172    9.1922139e-08
       173    7.0432456e-08
       174    5.3978752e-08
       175    4.1378193e-08
       176    3.1726351e-08
       177    2.4331550e-08
       178    1.8664723e-08
       179    1.4321098e-08
       180    1.0990938e-08
       181    8.4371843e-09
       182    6.4783574e-09
       183    4.9755045e-09
       184    3.8222070e-09
       185    2.9369456e-09
       186    2.2572613e-09
       187    1.7352872e-09
       188    1.3343311e-09
       189    1.0262601e-09
       190    7.8949897e-10
       191    6.0749727e-10
       192    4.6755638e-10
       193    3.5993034e-10
       194    2.7713751e-10
       195    2.1343324e-10
       196    1.6440532e-10
       197    1.2666415e-10
       198    9.7605056e-11
       199    7.5226020e-11
       200    5.7987885e-11
       201    4.4707044e-11
       202    3.4473067e-11
       203    2.6585498e-11
       204    2.0505295e-11
       205    1.5817537e-11
       206    1.2202767e-11
       207    9.4149792e-12
       208    7.2646845e-12
       209    5.6058968e-12
       210    4.3261241e-12
       211    3.3386635e-12
       212    2.5766804e-12
       213    1.9886428e-12
       214    1.5348132e-12
       215    1.1845429e-12
       216    9.1419049e-13
       217    7.0551632e-13
       218    5.4444741e-13
       219    4.2012365e-13
       220    3.2416387e-13
       221    2.5009915e-13
       222    1.9293626e-13
       223    1.4882072e-13
       224    1.1477699e-13
       225    8.8507889e-14
       226    6.8239983e-14
       227    5.2604090e-14
       228    4.0543188e-14
       229    3.1241228e-14
       230    2.4068235e-14
       231    1.8537897e-14
       232    1.4274833e-14
       233    1.0989305e-14
       234    8.4576994e-15
       235    6.5074606e-15
       236    5.0054429e-15
       237    3.8489270e-15
       238    2.9586766e-15
       239    2.2735817e-15
       240    1.7465199e-15
       241    1.3411616e-15
       242    1.0295039e-15
       243    7.8996712e-16
       244    6.0592518e-16
       245    4.6457179e-16
       246    3.5604540e-16
       247    2.7275438e-16
       248    2.0885596e-16
       249    1.5985486e-16
       250    1.2229362e-16
       251    9.3513834e-17
       252    7.1472210e-17
       253    5.4598801e-17
       254    4.1687779e-17
       255    3.1813360e-17
       256    2.4265026e-17
       257    1.8497704e-17
       258    1.4093409e-17
       259    1.0731762e-17
       260    8.1672927e-18
       261    6.2120201e-18
       262    4.7220523e-18
       263    3.5872987e-18
       264    2.7235710e-18
       265    2.0665213e-18
       266    1.5669920e-18
       267    1.1874495e-18
       268    8.9925048e-19
       269    6.8054863e-19
       270    5.1469085e-19
       271    3.8898993e-19
       272    2.9378581e-19
       273    2.2172760e-19
       274    1.6722494e-19
       275    1.2602910e-19
       276    9.4912843e-20
       277    7.1426555e-20
       278    5.3711971e-20
       279    4.0360385e-20
       280    3.0304599e-20
       281    2.2736676e-20
       282    1.7045391e-20
       283    1.2768645e-20
       284    9.5573377e-21
       285    7.1479197e-21
       286    5.3415778e-21
       287    3.9884395e-21
       288    2.9756142e-21
       289    2.2181300e-21
       290    1.6520790e-21
       291    1.2294324e-21
       292    9.1412454e-22
       293    6.7909362e-22
       294    5.0405087e-22
       295    3.7379754e-22
       296    2.7695722e-22
       297    2.0502187e-22
       298    1.5163376e-22
       299    1.1204614e-22
       300    8.2718055e-23
       301    6.1010319e-23
       302    4.4957596e-23
       303    3.3097631e-23
       304    2.4343446e-23
       305    1.7887759e-23
       306    1.3131546e-23
       307    9.6307334e-24
       308    7.0564105e-24
       309    5.1651969e-24
       310    3.7771658e-24
       311    2.7594278e-24
       312    2.0139256e-24
       313    1.4683747e-24
       314    1.0695407e-24
       315    7.7825580e-25
       316    5.6573101e-25
       317    4.1082609e-25
       318    2.9803301e-25
       319    2.1598671e-25
       320    1.5636659e-25
       321    1.1308716e-25
       322    8.1702053e-26
       323    5.8965935e-26
       324    4.2512448e-26
       325    3.0617935e-26
       326    2.2028190e-26
       327    1.5831539e-26
       328    1.1365986e-26
       329    8.1513413e-27
       330    5.8396584e-27
       331    4.1790789e-27
       332    2.9874931e-27
       333    2.1333640e-27
       334    1.5217844e-27
       335    1.0843513e-27
       336    7.7181671e-28
       337    5.4876215e-28
       338    3.8974324e-28
       339    2.7650066e-28
       340    1.9594558e-28
       341    1.3870600e-28
       342    9.8078590e-29
       343    6.9274141e-29
       344    4.8874779e-29
       345    3.4444029e-29
       346    2.4246969e-29
       347    1.7049599e-29
       348    1.1975205e-29
       349    8.4016136e-30
       350    5.8877898e-30
       351    4.1214566e-30
       352    2.8817545e-30
       353    2.0126579e-30
       354    1.4040698e-30
       355    9.7839047e-31
       356    6.8098819e-31
       357    4.7344530e-31
       358    3.2877745e-31
       359    2.2805272e-31
       360    1.5800423e-31
       361    1.0934564e-31
       362    7.5584481e-32
       363    5.2186895e-32
       364    3.5990431e-32
       365    2.4791831e-32
       366    1.7057894e-32
       367    1.1722943e-32
       368    8.0471397e-33
       369    5.5174619e-33
       370    3.7785866e-33
       371    2.5847043e-33
       372    1.7659692e-33
       373    1.2051622e-33
       374    8.2148054e-34
       375    5.5929094e-34
       376    3.8033508e-34
       377    2.5833449e-34
       378    1.7526100e-34
       379    1.1876112e-34
       380    8.0380177e-35
       381    5.4338621e-35
       382    3.6690419e-35
       383    2.4744607e-35
       384    1.6668315e-35
       385    1.1214646e-35
       386    7.5363587e-36
       387    5.0584699e-36
       388    3.3912348e-36
       389    2.2707912e-36
       390    1.5187161e-36
       391    1.0145081e-36
       392    6.7688285e-37
       393    4.5107636e-37
       394    3.0023739e-37
       395    1.9959842e-37
       396    1.3253377e-37
       397    8.7896726e-38
       398    5.8223077e-38
       399    3.8520630e-38
       400    2.5454643e-38
       401    1.6800244e-38
       402    1.1074871e-38
       403    7.2918191e-39
       404    4.7951999e-39
       405    3.1495668e-39
       406    2.0661782e-39
       407    1.3538085e-39
       408    8.8596815e-40
       409    5.7909500e-40
       410    3.7805351e-40
       411    2.4650381e-40
       412    1.6053415e-40
       413    1.0441776e-40
       414    6.7835457e-41
       415    4.4014785e-41
       416    2.8523430e-41
       417    1.8460706e-41
       418    1.1933458e-41
       419    7.7029377e-42
       420    4.9662018e-42
       421    3.1977631e-42
       422    2.0557048e-42
       423    1.3186219e-42
       424    8.4498297e-43
       425    5.4090121e-43
       426    3.4471942e-43
       427    2.1860256e-43
       428    1.3872855e-43
       429    8.6880505e-44
       430    5.3249342e-44
       431    3.2229865e-44
       432    1.8216880e-44
       433    9.8090893e-45
       434    2.8025969e-45
       435    0.0000000e+00
       436    0.0000000e+00
       437    0.0000000e+00
       438    0.0000000e+00
       439    0.0000000e+00
       440    0.0000000e+00
       441    0.0000000e+00
       442    0.0000000e+00
       443    0.0000000e+00
       444    0.0000000e+00
       445    0.0000000e+00
       446    0.0000000e+00
       447    0.0000000e+00
       448    0.0000000e+00
       449    0.0000000e+00
       450    0.0000000e+00
       451    0.0000000e+00
       452    0.0000000e+00
       453    0.0000000e+00
       454    0.0000000e+00
       455    0.0000000e+00
       456    0.0000000e+00
       457    0.0000000e+00
       458    0.0000000e+00
       459    0.0000000e+00
       460    0.0000000e+00
       461    0.0000000e+00
       462    0.0000000e+00
       463    0.0000000e+00
       464    0.0000000e+00
       465    0.0000000e+00
       466    0.0000000e+00
       467    0.0000000e+00
       468    0.0000000e+00
       469    0.0000000e+00
       470    0.0000000e+00
       471    0.0000000e+00
       472    0.0000000e+00
       473    0.0000000e+00
       474    0.0000000e+00
       475    0.0000000e+00
       476    0.0000000e+00
       477    0.0000000e+00
       478    0.0000000e+00
       479    0.0000000e+00
       480    0.0000000e+00
       481    0.0000000e+00
       482    0.0000000e+00
       483    0.0000000e+00
       484    0.0000000e+00
       485    0.0000000e+00
       486    0.0000000e+00
       487    0.0000000e+00
       488    0.0000000e+00
       489    0.0000000e+00
       490    0.0000000e+00
       491    0.0000000e+00
       492    0.0000000e+00
       493    0.0000000e+00
       494    0.0000000e+00
       495    0.0000000e+00
       496    0.0000000e+00
       497    0.0000000e+00
       498    0.0000000e+00
       499    0.0000000e+00
       500    0.0000000e+00
       501    0.0000000e+00
       502    0.0000000e+00
       503    0.0000000e+00
       504    0.0000000e+00
       505    0.0000000e+00
       506    0.0000000e+00
       507    0.0000000e+00
       508    0.0000000e+00
       509    0.0000000e+00
       510    0.0000000e+00
       511    0.0000000e+00
       512    0.0000000e+00
       513    0.0000000e+00
       514    0.0000000e+00
       515    0.0000000e+00
       516    0.0000000e+00
       517    0.0000000e+00
       518    0.0000000e+00
       519    0.0000000e+00
       520    0.0000000e+00
       521    0.0000000e+00
       522    0.0000000e+00
       523    0.0000000e+00
       524    0.0000000e+00
       525    0.0000000e+00
       526    0.0000000e+00
       527    0.0000000e+00
       528    0.0000000e+00
       529    0.0000000e+00
       530    0.0000000e+00
       531    0.0000000e+00
       532    0.0000000e+00
       533    0.0000000e+00
       534    0.0000000e+00
       535    0.0000000e+00
       536    0.0000000e+00
       537    0.0000000e+00
       538    0.0000000e+00
       539    0.0000000e+00
       540    0.0000000e+00
       541    0.0000000e+00
       542    0.0000000e+00
       543    0.0000000e+00
       544    0.0000000e+00
       545    0.0000000e+00
       546    0.0000000e+00
       547    0.0000000e+00
       548    0.0000000e+00
       549    0.0000000e+00
       550    0.0000000e+00
       551    0.0000000e+00
       552    0.0000000e+00
       553    0.0000000e+00
       554    0.0000000e+00
       555    0.0000000e+00
       556    0.0000000e+00
       557    0.0000000e+00
       558    0.0000000e+00
       559    0.0000000e+00
       560    0.0000000e+00
       561    0.0000000e+00
       562    0.0000000e+00
       563    0.0000000e+00
       564    0.0000000e+00
       565    0.0000000e+00
       566    0.0000000e+00
       567    0.0000000e+00
       568    0.0000000e+00
       569    0.0000000e+00
       570    0.0000000e+00
       571    0.0000000e+00
       572    0.0000000e+00
       573    0.0000000e+00
       574    0.0000000e+00
       575    0.0000000e+00
       576    0.0000000e+00
       577    0.0000000e+00
       578    0.0000000e+00
       579    0.0000000e+00
       580    0.0000000e+00
       581    0.0000000e+00
       582    0.0000000e+00
       583    0.0000000e+00
       584    0.0000000e+00
       585    0.0000000e+00
       586    0.0000000e+00
       587    0.0000000e+00
       588    0.0000000e+00
       589    0.0000000e+00
       590    0.0000000e+00
       591    0.0000000e+00
       592    0.0000000e+00
       593    0.0000000e+00
       594    0.0000000e+00
       595    0.0000000e+00
       596    0.0000000e+00
       597    0.0000000e+00
       598    0.0000000e+00
       599    0.0000000e+00
       600    0.0000000e+00
       601    0.0000000e+00
       602    0.0000000e+00
       603    0.0000000e+00
       604    0.0000000e+00
       605    0.0000000e+00
       606    0.0000000e+00
       607    0.0000000e+00
       608    0.0000000e+00
       609    0.0000000e+00
       610    0.0000000e+00
       611    0.0000000e+00
       612    0.0000000e+00
       613    0.0000000e+00
       614    0.0000000e+00
       615    0.0000000e+00
       616    0.0000000e+00
       617    0.0000000e+00
       618    0.0000000e+00
       619    0.0000000e+00
       620    0.0000000e+00
       621    0.0000000e+00
       622    0.0000000e+00
       623    0.0000000e+00
       624    0.0000000e+00
       625    0.0000000e+00
       626    0.0000000e+00
       627    0.0000000e+00
       628    0.0000000e+00
       629    0.0000000e+00
       630    0.0000000e+00
       631    0.0000000e+00
       632    0.0000000e+00
       633    0.0000000e+00
       634    0.0000000e+00
       635    0.0000000e+00
       636    0.0000000e+00
       637    0.0000000e+00
       638    0.0000000e+00
       639    0.0000000e+00
       640    0.0000000e+00
       641    0.0000000e+00
       642    0.0000000e+00
       643    0.0000000e+00
       644    0.0000000e+00
       645    0.0000000e+00
       646    0.0000000e+00
       647    0.0000000e+00
       648    0.0000000e+00
       649    0.0000000e+00
       650    0.0000000e+00
       651    0.0000000e+00
       652    0.0000000e+00
       653    0.0000000e+00
       654    0.0000000e+00
       655    0.0000000e+00
       656    0.0000000e+00
       657    0.0000000e+00
       658    0.0000000e+00
       659    0.0000000e+00
       660    0.0000000e+00
       661    0.0000000e+00
       662    0.0000000e+00
       663    0.0000000e+00
       664    0.0000000e+00
       665    0.0000000e+00
       666    0.0000000e+00
       667    0.0000000e+00
       668    0.0000000e+00
       669    0.0000000e+00
       670    0.0000000e+00
       671    0.0000000e+00
       672    0.0000000e+00
       673    0.0000000e+00
       674    0.0000000e+00
       675    0.0000000e+00
       676    0.0000000e+00
       677    0.0000000e+00
       678    0.0000000e+00
       679    0.0000000e+00
       680    0.0000000e+00
       681    0.0000000e+00
       682    0.0000000e+00
       683    0.0000000e+00
       684    0.0000000e+00
       685    0.0000000e+00
       686    0.0000000e+00
       687    0.0000000e+00
       688    0.0000000e+00
       689    0.0000000e+00
       690    0.0000000e+00
       691    0.0000000e+00
       692    0.0000000e+00
       693    0.0000000e+00
       694    0.0000000e+00
       695    0.0000000e+00
       696    0.0000000e+00
       697    0.0000000e+00
       698    0.0000000e+00
       699    0.0000000e+00
       700    0.0000000e+00
       701    0.0000000e+00
       702    0.0000000e+00
       703    0.0000000e+00
       704    0.0000000e+00
       705    0.0000000e+00
       706    0.0000000e+00
       707    0.0000000e+00
       708    0.0000000e+00
       709    0.0000000e+00
       710    0.0000000e+00
       711    0.0000000e+00
       712    0.0000000e+00
       713    0.0000000e+00
       714    0.0000000e+00
       715    0.0000000e+00
       716    0.0000000e+00
       717    0.0000000e+00
       718    0.0000000e+00
       719    0.0000000e+00
       720    0.0000000e+00
       721    0.0000000e+00
       722    0.0000000e+00
       723    0.0000000e+00
       724    0.0000000e+00
       725    0.0000000e+00
       726    0.0000000e+00
       727    0.0000000e+00
       728    0.0000000e+00
       729    0.0000000e+00
       730    0.0000000e+00
       731    0.0000000e+00
       732    0.0000000e+00
       733    0.0000000e+00
       734    0.0000000e+00
       735    0.0000000e+00
       736    0.0000000e+00
       737    0.0000000e+00
       738    0.0000000e+00
       739    0.0000000e+00
       740    0.0000000e+00
       741    0.0000000e+00
       742    0.0000000e+00
       743    0.0000000e+00
       744    0.0000000e+00
       745    0.0000000e+00
       746    0.0000000e+00
       747    0.0000000e+00
       748    0.0000000e+00
       749    0.0000000e+00
       750    0.0000000e+00
       751    0.0000000e+00
       752    0.0000000e+00
       753    0.0000000e+00
       754    0.0000000e+00
       755    0.0000000e+00
       756    0.0000000e+00
       757    0.0000000e+00
       758    0.0000000e+00
       759    0.0000000e+00
       760    0.0000000e+00
       761    0.0000000e+00
       762    0.0000000e+00
       763    0.0000000e+00
       764    0.0000000e+00
       765    0.0000000e+00
       766    0.0000000e+00
       767    0.0000000e+00
       768    0.0000000e+00
       769    0.0000000e+00
       770    0.0000000e+00
       771    0.0000000e+00
       772    0.0000000e+00
       773    0.0000000e+00
       774    0.0000000e+00
       775    0.0000000e+00
       776    0.0000000e+00
       777    0.0000000e+00
       778    0.0000000e+00
       779    0.0000000e+00
       780    0.0000000e+00
       781    0.0000000e+00
       782    0.0000000e+00
       783    0.0000000e+00
       784    0.0000000e+00
       785    0.0000000e+00
       786    0.0000000e+00
       787    0.0000000e+00
       788    0.0000000e+00
       789    0.0000000e+00
       790    0.0000000e+00
       791    0.0000000e+00
       792    0.0000000e+00
       793    0.0000000e+00
       794    0.0000000e+00
       795    0.0000000e+00
       796    0.0000000e+00
       797    0.0000000e+00
       798    0.0000000e+00
       799    0.0000000e+00
       800    0.0000000e+00
       801    0.0000000e+00
       802    0.0000000e+00
       803    0.0000000e+00
       804    0.0000000e+00
       805    0.0000000e+00
       806    0.0000000e+00
       807    0.0000000e+00
       808    0.0000000e+00
       809    0.0000000e+00
       810    0.0000000e+00
       811    0.0000000e+00
       812    0.0000000e+00
       813    0.0000000e+00
       814    0.0000000e+00
       815    0.0000000e+00
       816    0.0000000e+00
       817    0.0000000e+00
       818    0.0000000e+00
       819    0.0000000e+00
       820    0.0000000e+00
       821    0.0000000e+00
       822    0.0000000e+00
       823    0.0000000e+00
       824    0.0000000e+00
       825    0.0000000e+00
       826    0.0000000e+00
       827    0.0000000e+00
       828    0.0000000e+00
       829    0.0000000e+00
       830    0.0000000e+00
       831    0.0000000e+00
       832    0.0000000e+00
       833    0.0000000e+00
       834    0.0000000e+00
       835    0.0000000e+00
       836    0.0000000e+00
       837    0.0000000e+00
       838    0.0000000e+00
       839    0.0000000e+00
       840    0.0000000e+00
       841    0.0000000e+00
       842    0.0000000e+00
       843    0.0000000e+00
       844    0.0000000e+00
       845    0.0000000e+00
       846    0.0000000e+00
       847    0.0000000e+00
       848    0.0000000e+00
       849    0.0000000e+00
       850    0.0000000e+00
       851    0.0000000e+00
       852    0.0000000e+00
       853    0.0000000e+00
       854    0.0000000e+00
       855    0.0000000e+00
       856    0.0000000e+00
       857    0.0000000e+00
       858    0.0000000e+00
       859    0.0000000e+00
       860    0.0000000e+00
       861    0.0000000e+00
       862    0.0000000e+00
       863    0.0000000e+00
       864    0.0000000e+00
       865    0.0000000e+00
       866    0.0000000e+00
       867    0.0000000e+00
       868    0.0000000e+00
       869    0.0000000e+00
       870    0.0000000e+00
       871    0.0000000e+00
       872    0.0000000e+00
       873    0.0000000e+00
       874    0.0000000e+00
       875    0.0000000e+00
       876    0.0000000e+00
       877    0.0000000e+00
       878    0.0000000e+00
       879    0.0000000e+00
       880    0.0000000e+00
       881    0.0000000e+00
       882    0.0000000e+00
       883    0.0000000e+00
       884    0.0000000e+00
       885    0.0000000e+00
       886    0.0000000e+00
       887    0.0000000e+00
       888    0.0000000e+00
       889    0.0000000e+00
       890    0.0000000e+00
       891    0.0000000e+00
       892    0.0000000e+00
       893    0.0000000e+00
       894    0.0000000e+00
       895    0.0000000e+00
       896    0.0000000e+00
       897    0.0000000e+00
       898    0.0000000e+00
       899    0.0000000e+00
       900    0.0000000e+00
       901    0.0000000e+00
       902    0.0000000e+00
       903    0.0000000e+00
       904    0.0000000e+00
       905    0.0000000e+00
       906    0.0000000e+00
       907    0.0000000e+00
       908    0.0000000e+00
       909    0.0000000e+00
       910    0.0000000e+00
       911    0.0000000e+00
       912    0.0000000e+00
       913    0.0000000e+00
       914    0.0000000e+00
       915    0.0000000e+00
       916    0.0000000e+00
       917    0.0000000e+00
       918    0.0000000e+00
       919    0.0000000e+00
       920    0.0000000e+00
       921    0.0000000e+00
       922    0.0000000e+00
       923    0.0000000e+00
       924    0.0000000e+00
       925    0.0000000e+00
       926    0.0000000e+00
       927    0.0000000e+00
       928    0.0000000e+00
       929    0.0000000e+00
       930    0.0000000e+00
       931    0.0000000e+00
       932    0.0000000e+00
       933    0.0000000e+00
       934    0.0000000e+00
       935    0.0000000e+00
       936    0.0000000e+00
       937    0.0000000e+00
       938    0.0000000e+00
       939    0.0000000e+00
       940    0.0000000e+00
       941    0.0000000e+00
       942    0.0000000e+00
       943    0.0000000e+00
       944    0.0000000e+00
       945    0.0000000e+00
       946    0.0000000e+00
       947    0.0000000e+00
       948    0.0000000e+00
       949    0.0000000e+00
       950    0.0000000e+00
       951    0.0000000e+00
       952    0.0000000e+00
       953    0.0000000e+00
       954    0.0000000e+00
       955    0.0000000e+00
       956    0.0000000e+00
       957    0.0000000e+00
       958    0.0000000e+00
       959    0.0000000e+00
       960    0.0000000e+00
       961    0.0000000e+00
       962    0.0000000e+00
       963    0.0000000e+00
       964    0.0000000e+00
       965    0.0000000e+00
       966    0.0000000e+00
       967    0.0000000e+00
       968    0.0000000e+00
       969    0.0000000e+00
       970    0.0000000e+00
       971    0.0000000e+00
       972    0.0000000e+00
       973    0.0000000e+00
       974    0.0000000e+00
       975    0.0000000e+00
       976    0.0000000e+00
       977    0.0000000e+00
       978    0.0000000e+00
       979    0.0000000e+00
       980    0.0000000e+00
       981    0.0000000e+00
       982    0.0000000e+00
       983    0.0000000e+00
       984    0.0000000e+00
       985    0.0000000e+00
       986    0.0000000e+00
       987    0.0000000e+00
       988    0.0000000e+00
       989    0.0000000e+00
       990    0.0000000e+00
       991    0.0000000e+00
       992    0.0000000e+00
       993    0.0000000e+00
       994    0.0000000e+00
       995    0.0000000e+00
       996    0.0000000e+00
       997    0.0000000e+00
       998    0.0000000e+00
       999    0.0000000e+00
      1000    0.0000000e+00
      1001    0.0000000e+00
      1002    0.0000000e+00
      1003    0.0000000e+00
      1004    0.0000000e+00
      1005    0.0000000e+00
      1006    0.0000000e+00
      1007    0.0000000e+00
      1008    0.0000000e+00
      1009    0.0000000e+00
      1010    0.0000000e+00
      1011    0.0000000e+00
      1012    0.0000000e+00
      1013    0.0000000e+00
      1014    0.0000000e+00
      1015    0.0000000e+00
      1016    0.0000000e+00
      1017    0.0000000e+00
      1018    0.0000000e+00
      1019    0.0000000e+00
      1020    0.0000000e+00
      1021    0.0000000e+00
      1022    0.0000000e+00
      1023    0.0000000e+00
      1024    0.0000000e+00
