         1    9.9999905e-01
         2    9.9999905e-01
         3    9.9999905e-01
         4    9.9999905e-01
         5    9.9999905e-01
         6    9.9999905e-01
         7    9.9999905e-01
         8    9.9999905e-01
         9    9.9999905e-01
        10    9.9999905e-01
        11    9.9999905e-01
        12    9.9999905e-01
        13    9.9999905e-01
        14    9.9999905e-01
        15    9.9999905e-01
        16    9.9999905e-01
        17    9.9999905e-01
        18    9.9999905e-01
        19    9.9999905e-01
        20    9.9999905e-01
        21    9.9999905e-01
        22    9.9999905e-01
        23    9.9999905e-01
        24    9.9999905e-01
        25    9.9999905e-01
        26    9.9999905e-01
        27    9.9999905e-01
        28    9.9999905e-01
        29    9.9999905e-01
        30    9.9999905e-01
        31    9.9999905e-01
        32    9.9999905e-01
        33    9.9999905e-01
        34    9.9999905e-01
        35    9.9999905e-01
        36    9.9999905e-01
        37    9.9999905e-01
        38    9.9999905e-01
        39    9.9999905e-01
        40    9.9999905e-01
        41    9.9999905e-01
        42    9.9999905e-01
        43    9.9999905e-01
        44    9.9999905e-01
        45    9.9999905e-01
        46    9.9999905e-01
        47    9.9999905e-01
        48    9.9999905e-01
        49    9.9999899e-01
        50    9.9999887e-01
        51    9.9999875e-01
        52    9.9999851e-01
        53    9.9999821e-01
        54    9.9999768e-01
        55    9.9999708e-01
        56    9.9999619e-01
        57    9.9999499e-01
        58    9.9999350e-01
        59    9.9999148e-01
        60    9.9998885e-01
        61    9.9998540e-01
        62    9.9998081e-01
        63    9.9997479e-01
        64    9.9996686e-01
        65    9.9995655e-01
        66    9.9994290e-01
        67    9.9992502e-01
        68    9.9990147e-01
        69    9.9987060e-01
        70    9.9982995e-01
        71    9.9977660e-01
        72    9.9970645e-01
        73    9.9961418e-01
        74    9.9949300e-01
        75    9.9933374e-01
        76    9.9912435e-01
        77    9.9884915e-01
        78    9.9848747e-01
        79    9.9801224e-01
        80    9.9738789e-01
        81    9.9656785e-01
        82    9.9549127e-01
        83    9.9407864e-01
        84    9.9222630e-01
        85    9.8979986e-01
        86    9.8662525e-01
        87    9.8247892e-01
        88    9.7707534e-01
        89    9.7005391e-01
        90    9.6096456e-01
        91    9.4925618e-01
        92    9.3426985e-01
        93    9.1524380e-01
        94    8.9133865e-01
        95    8.6169344e-01
        96    8.2552230e-01
        97    7.8225648e-01
        98    7.3172122e-01
        99    6.7431551e-01
       100    6.1113745e-01
       101    5.4398924e-01
       102    4.7521827e-01
       103    4.0740725e-01
       104    3.4299439e-01
       105    2.8393787e-01
       106    2.3151730e-01
       107    1.8630140e-01
       108    1.4824915e-01
       109    1.1688070e-01
       110    9.1457561e-02
       111    7.1133718e-02
       112    5.5063065e-02
       113    4.2464536e-02
       114    3.2654181e-02
       115    2.5054662e-02
       116    1.9191334e-02
       117    1.4681418e-02
       118    1.1220619e-02
       119    8.5695814e-03
       120    6.5415399e-03
       121    4.9916292e-03
       122    3.8079931e-03
       123    2.9045567e-03
       124    2.2152509e-03
       125    1.6894612e-03
       126    1.2884676e-03
       127    9.8268117e-04
       128    7.4950844e-04
       129    5.7170755e-04
       130    4.3612588e-04
       131    3.3273309e-04
       132    2.5388150e-04
       133    1.9374084e-04
       134    1.4786652e-04
       135    1.1287042e-04
       136    8.6169777e-05
       137    6.5795604e-05
       138    5.0246792e-05
       139    3.8378832e-05
       140    2.9319017e-05
       141    2.2401831e-05
       142    1.7119706e-05
       143    1.3085490e-05
       144    1.0003839e-05
       145    7.6494216e-06
       146    5.8502965e-06
       147    4.4752428e-06
       148    3.4241032e-06
       149    2.6204189e-06
       150    2.0058119e-06
       151    1.5357033e-06
       152    1.1760451e-06
       153    9.0082818e-07
       154    6.9018114e-07
       155    5.2891886e-07
       156    4.0543506e-07
       157    3.1085750e-07
       158    2.3840232e-07
       159    1.8288151e-07
       160    1.4032670e-07
       161    1.0770178e-07
       162    8.2683343e-08
       163    6.3493054e-08
       164    4.8769422e-08
       165    3.7469867e-08
       166    2.8795833e-08
       167    2.2135509e-08
       168    1.7020056e-08
       169    1.3090103e-08
       170    1.0070113e-08
       171    7.7487794e-09
       172    5.9640053e-09
       173    4.5914135e-09
       174    3.5355421e-09
       175    2.7231031e-09
       176    2.0978173e-09
       177    1.6164543e-09
       178    1.2457987e-09
       179    9.6032260e-10
       180    7.4040135e-10
       181    5.7094429e-10
       182    4.4034412e-10
       183    3.3967046e-10
       184    2.6205077e-10
       185    2.0219483e-10
       186    1.5602930e-10
       187    1.2041711e-10
       188    9.2941675e-11
       189    7.1740940e-11
       190    5.5379874e-11
       191    4.2752257e-11
       192    3.3005175e-11
       193    2.5480892e-11
       194    1.9672085e-11
       195    1.5187381e-11
       196    1.1724805e-11
       197    9.0513213e-12
       198    6.9870741e-12
       199    5.3932332e-12
       200    4.1626212e-12
       201    3.2124902e-12
       202    2.4789476e-12
       203    1.9126564e-12
       204    1.4755168e-12
       205    1.1381050e-12
       206    8.7769793e-13
       207    6.7674637e-13
       208    5.2169721e-13
       209    4.0208372e-13
       210    3.0982294e-13
       211    2.3867315e-13
       212    1.8381470e-13
       213    1.4152643e-13
       214    1.0893548e-13
       215    8.3824251e-14
       216    6.4481122e-14
       217    4.9585207e-14
       218    3.8117330e-14
       219    2.9291243e-14
       220    2.2500514e-14
       221    1.7277487e-14
       222    1.3261620e-14
       223    1.0175010e-14
       224    7.8035062e-15
       225    5.9821300e-15
       226    4.5838196e-15
       227    3.5107453e-15
       228    2.6876072e-15
       229    2.0564660e-15
       230    1.5727553e-15
       231    1.2022070e-15
       232    9.1848176e-16
       233    7.0134169e-16
       234    5.3524340e-16
       235    4.0825384e-16
       236    3.1121552e-16
       237    2.3710408e-16
       238    1.8053374e-16
       239    1.3737704e-16
       240    1.0447230e-16
       241    7.9398857e-17
       242    6.0304306e-17
       243    4.5771827e-17
       244    3.4718342e-17
       245    2.6316336e-17
       246    1.9933913e-17
       247    1.5088825e-17
       248    1.1413243e-17
       249    8.6267741e-18
       250    6.5158150e-18
       251    4.9177343e-18
       252    3.7087925e-18
       253    2.7949004e-18
       254    2.1045621e-18
       255    1.5834853e-18
       256    1.1904701e-18
       257    8.9427365e-19
       258    6.7122067e-19
       259    5.0338298e-19
       260    3.7719475e-19
       261    2.8239830e-19
       262    2.1124358e-19
       263    1.5787941e-19
       264    1.1789186e-19
       265    8.7953720e-20
       266    6.5559014e-20
       267    4.8821857e-20
       268    3.6324176e-20
       269    2.7000560e-20
       270    2.0051246e-20
       271    1.4876393e-20
       272    1.1026501e-20
       273    8.1650295e-21
       274    6.0402384e-21
       275    4.4639872e-21
       276    3.2957996e-21
       277    2.4308829e-21
       278    1.7911384e-21
       279    1.3184169e-21
       280    9.6946345e-22
       281    7.1213425e-22
       282    5.2256560e-22
       283    3.8305846e-22
       284    2.8049910e-22
       285    2.0518093e-22
       286    1.4992656e-22
       287    1.0943426e-22
       288    7.9791785e-23
       289    5.8115295e-23
       290    4.2281200e-23
       291    3.0727410e-23
       292    2.2306107e-23
       293    1.6174771e-23
       294    1.1715652e-23
       295    8.4762978e-24
       296    6.1256891e-24
       297    4.4219137e-24
       298    3.1883778e-24
       299    2.2963136e-24
       300    1.6519322e-24
       301    1.1869999e-24
       302    8.5193093e-25
       303    6.1073281e-25
       304    4.3730968e-25
       305    3.1276345e-25
       306    2.2342405e-25
       307    1.5941490e-25
       308    1.1360857e-25
       309    8.0867617e-26
       310    5.7493354e-26
       311    4.0826150e-26
       312    2.8955771e-26
       313    2.0511912e-26
       314    1.4512753e-26
       315    1.0255679e-26
       316    7.2384975e-27
       317    5.1027025e-27
       318    3.5926786e-27
       319    2.5263954e-27
       320    1.7743841e-27
       321    1.2446747e-27
       322    8.7201630e-28
       323    6.1017235e-28
       324    4.2642068e-28
       325    2.9763259e-28
       326    2.0748082e-28
       327    1.4445394e-28
       328    1.0044621e-28
       329    6.9757237e-29
       330    4.8383284e-29
       331    3.3515882e-29
       332    2.3187507e-29
       333    1.6021546e-29
       334    1.1056069e-29
       335    7.6197695e-30
       336    5.2447741e-30
       337    3.6054086e-30
       338    2.4752783e-30
       339    1.6972055e-30
       340    1.1622101e-30
       341    7.9482922e-31
       342    5.4287649e-31
       343    3.7030994e-31
       344    2.5227021e-31
       345    1.7163344e-31
       346    1.1661983e-31
       347    7.9136460e-32
       348    5.3630731e-32
       349    3.6298020e-32
       350    2.4534853e-32
       351    1.6562067e-32
       352    1.1165429e-32
       353    7.5173606e-33
       354    5.0545636e-33
       355    3.3941386e-33
       356    2.2761580e-33
       357    1.5244089e-33
       358    1.0195913e-33
       359    6.8104478e-34
       360    4.5430708e-34
       361    3.0265437e-34
       362    2.0135729e-34
       363    1.3378587e-34
       364    8.8771772e-35
       365    5.8824831e-35
       366    3.8928453e-35
       367    2.5727267e-35
       368    1.6980075e-35
       369    1.1191917e-35
       370    7.3669502e-36
       371    4.8427139e-36
       372    3.1791221e-36
       373    2.0842147e-36
       374    1.3645641e-36
       375    8.9219790e-37
       376    5.8256416e-37
       377    3.7987538e-37
       378    2.4737333e-37
       379    1.6087125e-37
       380    1.0447621e-37
       381    6.7759361e-38
       382    4.3886779e-38
       383    2.8386386e-38
       384    1.8335726e-38
       385    1.1827618e-38
       386    7.6191610e-39
       387    4.9014814e-39
       388    3.1488886e-39
       389    2.0202114e-39
       390    1.2943303e-39
       391    8.2813656e-40
       392    5.2913591e-40
       393    3.3762885e-40
       394    2.1513855e-40
       395    1.3689985e-40
       396    8.6994010e-41
       397    5.5205554e-41
       398    3.4983416e-41
       399    2.2137713e-41
       400    1.3989163e-41
       401    8.8281803e-42
       402    5.5631549e-42
       403    3.5004436e-42
       404    2.1986373e-42
       405    1.3774764e-42
       406    8.6179856e-43
       407    5.3809861e-43
       408    3.3491033e-43
       409    2.0739217e-43
       410    1.2751816e-43
       411    7.8472714e-44
       412    4.7644148e-44
       413    2.8025969e-44
       414    1.5414283e-44
       415    7.0064923e-45
       416    2.8025969e-45
       417    0.0000000e+00
       418    0.0000000e+00
       419    0.0000000e+00
       420    0.0000000e+00
       421    0.0000000e+00
       422    0.0000000e+00
       423    0.0000000e+00
       424    0.0000000e+00
       425    0.0000000e+00
       426    0.0000000e+00
       427    0.0000000e+00
       428    0.0000000e+00
       429    0.0000000e+00
       430    0.0000000e+00
       431    0.0000000e+00
       432    0.0000000e+00
       433    0.0000000e+00
       434    0.0000000e+00
       435    0.0000000e+00
       436    0.0000000e+00
       437    0.0000000e+00
       438    0.0000000e+00
       439    0.0000000e+00
       440    0.0000000e+00
       441    0.0000000e+00
       442    0.0000000e+00
       443    0.0000000e+00
       444    0.0000000e+00
       445    0.0000000e+00
       446    0.0000000e+00
       447    0.0000000e+00
       448    0.0000000e+00
       449    0.0000000e+00
       450    0.0000000e+00
       451    0.0000000e+00
       452    0.0000000e+00
       453    0.0000000e+00
       454    0.0000000e+00
       455    0.0000000e+00
       456    0.0000000e+00
       457    0.0000000e+00
       458    0.0000000e+00
       459    0.0000000e+00
       460    0.0000000e+00
       461    0.0000000e+00
       462    0.0000000e+00
       463    0.0000000e+00
       464    0.0000000e+00
       465    0.0000000e+00
       466    0.0000000e+00
       467    0.0000000e+00
       468    0.0000000e+00
       469    0.0000000e+00
       470    0.0000000e+00
       471    0.0000000e+00
       472    0.0000000e+00
       473    0.0000000e+00
       474    0.0000000e+00
       475    0.0000000e+00
       476    0.0000000e+00
       477    0.0000000e+00
       478    0.0000000e+00
       479    0.0000000e+00
       480    0.0000000e+00
       481    0.0000000e+00
       482    0.0000000e+00
       483    0.0000000e+00
       484    0.0000000e+00
       485    0.0000000e+00
       486    0.0000000e+00
       487    0.0000000e+00
       488    0.0000000e+00
       489    0.0000000e+00
       490    0.0000000e+00
       491    0.0000000e+00
       492    0.0000000e+00
       493    0.0000000e+00
       494    0.0000000e+00
       495    0.0000000e+00
       496    0.0000000e+00
       497    0.0000000e+00
       498    0.0000000e+00
       499    0.0000000e+00
       500    0.0000000e+00
       501    0.0000000e+00
       502    0.0000000e+00
       503    0.0000000e+00
       504    0.0000000e+00
       505    0.0000000e+00
       506    0.0000000e+00
       507    0.0000000e+00
       508    0.0000000e+00
       509    0.0000000e+00
       510    0.0000000e+00
       511    0.0000000e+00
       512    0.0000000e+00
       513    0.0000000e+00
       514    0.0000000e+00
       515    0.0000000e+00
       516    0.0000000e+00
       517    0.0000000e+00
       518    0.0000000e+00
       519    0.0000000e+00
       520    0.0000000e+00
       521    0.0000000e+00
       522    0.0000000e+00
       523    0.0000000e+00
       524    0.0000000e+00
       525    0.0000000e+00
       526    0.0000000e+00
       527    0.0000000e+00
       528    0.0000000e+00
       529    0.0000000e+00
       530    0.0000000e+00
       531    0.0000000e+00
       532    0.0000000e+00
       533    0.0000000e+00
       534    0.0000000e+00
       535    0.0000000e+00
       536    0.0000000e+00
       537    0.0000000e+00
       538    0.0000000e+00
       539    0.0000000e+00
       540    0.0000000e+00
       541    0.0000000e+00
       542    0.0000000e+00
       543    0.0000000e+00
       544    0.0000000e+00
       545    0.0000000e+00
       546    0.0000000e+00
       547    0.0000000e+00
       548    0.0000000e+00
       549    0.0000000e+00
       550    0.0000000e+00
       551    0.0000000e+00
       552    0.0000000e+00
       553    0.0000000e+00
       554    0.0000000e+00
       555    0.0000000e+00
       556    0.0000000e+00
       557    0.0000000e+00
       558    0.0000000e+00
       559    0.0000000e+00
       560    0.0000000e+00
       561    0.0000000e+00
       562    0.0000000e+00
       563    0.0000000e+00
       564    0.0000000e+00
       565    0.0000000e+00
       566    0.0000000e+00
       567    0.0000000e+00
       568    0.0000000e+00
       569    0.0000000e+00
       570    0.0000000e+00
       571    0.0000000e+00
       572    0.0000000e+00
       573    0.0000000e+00
       574    0.0000000e+00
       575    0.0000000e+00
       576    0.0000000e+00
       577    0.0000000e+00
       578    0.0000000e+00
       579    0.0000000e+00
       580    0.0000000e+00
       581    0.0000000e+00
       582    0.0000000e+00
       583    0.0000000e+00
       584    0.0000000e+00
       585    0.0000000e+00
       586    0.0000000e+00
       587    0.0000000e+00
       588    0.0000000e+00
       589    0.0000000e+00
       590    0.0000000e+00
       591    0.0000000e+00
       592    0.0000000e+00
       593    0.0000000e+00
       594    0.0000000e+00
       595    0.0000000e+00
       596    0.0000000e+00
       597    0.0000000e+00
       598    0.0000000e+00
       599    0.0000000e+00
       600    0.0000000e+00
       601    0.0000000e+00
       602    0.0000000e+00
       603    0.0000000e+00
       604    0.0000000e+00
       605    0.0000000e+00
       606    0.0000000e+00
       607    0.0000000e+00
       608    0.0000000e+00
       609    0.0000000e+00
       610    0.0000000e+00
       611    0.0000000e+00
       612    0.0000000e+00
       613    0.0000000e+00
       614    0.0000000e+00
       615    0.0000000e+00
       616    0.0000000e+00
       617    0.0000000e+00
       618    0.0000000e+00
       619    0.0000000e+00
       620    0.0000000e+00
       621    0.0000000e+00
       622    0.0000000e+00
       623    0.0000000e+00
       624    0.0000000e+00
       625    0.0000000e+00
       626    0.0000000e+00
       627    0.0000000e+00
       628    0.0000000e+00
       629    0.0000000e+00
       630    0.0000000e+00
       631    0.0000000e+00
       632    0.0000000e+00
       633    0.0000000e+00
       634    0.0000000e+00
       635    0.0000000e+00
       636    0.0000000e+00
       637    0.0000000e+00
       638    0.0000000e+00
       639    0.0000000e+00
       640    0.0000000e+00
       641    0.0000000e+00
       642    0.0000000e+00
       643    0.0000000e+00
       644    0.0000000e+00
       645    0.0000000e+00
       646    0.0000000e+00
       647    0.0000000e+00
       648    0.0000000e+00
       649    0.0000000e+00
       650    0.0000000e+00
       651    0.0000000e+00
       652    0.0000000e+00
       653    0.0000000e+00
       654    0.0000000e+00
       655    0.0000000e+00
       656    0.0000000e+00
       657    0.0000000e+00
       658    0.0000000e+00
       659    0.0000000e+00
       660    0.0000000e+00
       661    0.0000000e+00
       662    0.0000000e+00
       663    0.0000000e+00
       664    0.0000000e+00
       665    0.0000000e+00
       666    0.0000000e+00
       667    0.0000000e+00
       668    0.0000000e+00
       669    0.0000000e+00
       670    0.0000000e+00
       671    0.0000000e+00
       672    0.0000000e+00
       673    0.0000000e+00
       674    0.0000000e+00
       675    0.0000000e+00
       676    0.0000000e+00
       677    0.0000000e+00
       678    0.0000000e+00
       679    0.0000000e+00
       680    0.0000000e+00
       681    0.0000000e+00
       682    0.0000000e+00
       683    0.0000000e+00
       684    0.0000000e+00
       685    0.0000000e+00
       686    0.0000000e+00
       687    0.0000000e+00
       688    0.0000000e+00
       689    0.0000000e+00
       690    0.0000000e+00
       691    0.0000000e+00
       692    0.0000000e+00
       693    0.0000000e+00
       694    0.0000000e+00
       695    0.0000000e+00
       696    0.0000000e+00
       697    0.0000000e+00
       698    0.0000000e+00
       699    0.0000000e+00
       700    0.0000000e+00
       701    0.0000000e+00
       702    0.0000000e+00
       703    0.0000000e+00
       704    0.0000000e+00
       705    0.0000000e+00
       706    0.0000000e+00
       707    0.0000000e+00
       708    0.0000000e+00
       709    0.0000000e+00
       710    0.0000000e+00
       711    0.0000000e+00
       712    0.0000000e+00
       713    0.0000000e+00
       714    0.0000000e+00
       715    0.0000000e+00
       716    0.0000000e+00
       717    0.0000000e+00
       718    0.0000000e+00
       719    0.0000000e+00
       720    0.0000000e+00
       721    0.0000000e+00
       722    0.0000000e+00
       723    0.0000000e+00
       724    0.0000000e+00
       725    0.0000000e+00
       726    0.0000000e+00
       727    0.0000000e+00
       728    0.0000000e+00
       729    0.0000000e+00
       730    0.0000000e+00
       731    0.0000000e+00
       732    0.0000000e+00
       733    0.0000000e+00
       734    0.0000000e+00
       735    0.0000000e+00
       736    0.0000000e+00
       737    0.0000000e+00
       738    0.0000000e+00
       739    0.0000000e+00
       740    0.0000000e+00
       741    0.0000000e+00
       742    0.0000000e+00
       743    0.0000000e+00
       744    0.0000000e+00
       745    0.0000000e+00
       746    0.0000000e+00
       747    0.0000000e+00
       748    0.0000000e+00
       749    0.0000000e+00
       750    0.0000000e+00
       751    0.0000000e+00
       752    0.0000000e+00
       753    0.0000000e+00
       754    0.0000000e+00
       755    0.0000000e+00
       756    0.0000000e+00
       757    0.0000000e+00
       758    0.0000000e+00
       759    0.0000000e+00
       760    0.0000000e+00
       761    0.0000000e+00
       762    0.0000000e+00
       763    0.0000000e+00
       764    0.0000000e+00
       765    0.0000000e+00
       766    0.0000000e+00
       767    0.0000000e+00
       768    0.0000000e+00
       769    0.0000000e+00
       770    0.0000000e+00
       771    0.0000000e+00
       772    0.0000000e+00
       773    0.0000000e+00
       774    0.0000000e+00
       775    0.0000000e+00
       776    0.0000000e+00
       777    0.0000000e+00
       778    0.0000000e+00
       779    0.0000000e+00
       780    0.0000000e+00
       781    0.0000000e+00
       782    0.0000000e+00
       783    0.0000000e+00
       784    0.0000000e+00
       785    0.0000000e+00
       786    0.0000000e+00
       787    0.0000000e+00
       788    0.0000000e+00
       789    0.0000000e+00
       790    0.0000000e+00
       791    0.0000000e+00
       792    0.0000000e+00
       793    0.0000000e+00
       794    0.0000000e+00
       795    0.0000000e+00
       796    0.0000000e+00
       797    0.0000000e+00
       798    0.0000000e+00
       799    0.0000000e+00
       800    0.0000000e+00
       801    0.0000000e+00
       802    0.0000000e+00
       803    0.0000000e+00
       804    0.0000000e+00
       805    0.0000000e+00
       806    0.0000000e+00
       807    0.0000000e+00
       808    0.0000000e+00
       809    0.0000000e+00
       810    0.0000000e+00
       811    0.0000000e+00
       812    0.0000000e+00
       813    0.0000000e+00
       814    0.0000000e+00
       815    0.0000000e+00
       816    0.0000000e+00
       817    0.0000000e+00
       818    0.0000000e+00
       819    0.0000000e+00
       820    0.0000000e+00
       821    0.0000000e+00
       822    0.0000000e+00
       823    0.0000000e+00
       824    0.0000000e+00
       825    0.0000000e+00
       826    0.0000000e+00
       827    0.0000000e+00
       828    0.0000000e+00
       829    0.0000000e+00
       830    0.0000000e+00
       831    0.0000000e+00
       832    0.0000000e+00
       833    0.0000000e+00
       834    0.0000000e+00
       835    0.0000000e+00
       836    0.0000000e+00
       837    0.0000000e+00
       838    0.0000000e+00
       839    0.0000000e+00
       840    0.0000000e+00
       841    0.0000000e+00
       842    0.0000000e+00
       843    0.0000000e+00
       844    0.0000000e+00
       845    0.0000000e+00
       846    0.0000000e+00
       847    0.0000000e+00
       848    0.0000000e+00
       849    0.0000000e+00
       850    0.0000000e+00
       851    0.0000000e+00
       852    0.0000000e+00
       853    0.0000000e+00
       854    0.0000000e+00
       855    0.0000000e+00
       856    0.0000000e+00
       857    0.0000000e+00
       858    0.0000000e+00
       859    0.0000000e+00
       860    0.0000000e+00
       861    0.0000000e+00
       862    0.0000000e+00
       863    0.0000000e+00
       864    0.0000000e+00
       865    0.0000000e+00
       866    0.0000000e+00
       867    0.0000000e+00
       868    0.0000000e+00
       869    0.0000000e+00
       870    0.0000000e+00
       871    0.0000000e+00
       872    0.0000000e+00
       873    0.0000000e+00
       874    0.0000000e+00
       875    0.0000000e+00
       876    0.0000000e+00
       877    0.0000000e+00
       878    0.0000000e+00
       879    0.0000000e+00
       880    0.0000000e+00
       881    0.0000000e+00
       882    0.0000000e+00
       883    0.0000000e+00
       884    0.0000000e+00
       885    0.0000000e+00
       886    0.0000000e+00
       887    0.0000000e+00
       888    0.0000000e+00
       889    0.0000000e+00
       890    0.0000000e+00
       891    0.0000000e+00
       892    0.0000000e+00
       893    0.0000000e+00
       894    0.0000000e+00
       895    0.0000000e+00
       896    0.0000000e+00
       897    0.0000000e+00
       898    0.0000000e+00
       899    0.0000000e+00
       900    0.0000000e+00
       901    0.0000000e+00
       902    0.0000000e+00
       903    0.0000000e+00
       904    0.0000000e+00
       905    0.0000000e+00
       906    0.0000000e+00
       907    0.0000000e+00
       908    0.0000000e+00
       909    0.0000000e+00
       910    0.0000000e+00
       911    0.0000000e+00
       912    0.0000000e+00
       913    0.0000000e+00
       914    0.0000000e+00
       915    0.0000000e+00
       916    0.0000000e+00
       917    0.0000000e+00
       918    0.0000000e+00
       919    0.0000000e+00
       920    0.0000000e+00
       921    0.0000000e+00
       922    0.0000000e+00
       923    0.0000000e+00
       924    0.0000000e+00
       925    0.0000000e+00
       926    0.0000000e+00
       927    0.0000000e+00
       928    0.0000000e+00
       929    0.0000000e+00
       930    0.0000000e+00
       931    0.0000000e+00
       932    0.0000000e+00
       933    0.0000000e+00
       934    0.0000000e+00
       935    0.0000000e+00
       936    0.0000000e+00
       937    0.0000000e+00
       938    0.0000000e+00
       939    0.0000000e+00
       940    0.0000000e+00
       941    0.0000000e+00
       942    0.0000000e+00
       943    0.0000000e+00
       944    0.0000000e+00
       945    0.0000000e+00
       946    0.0000000e+00
       947    0.0000000e+00
       948    0.0000000e+00
       949    0.0000000e+00
       950    0.0000000e+00
       951    0.0000000e+00
       952    0.0000000e+00
       953    0.0000000e+00
       954    0.0000000e+00
       955    0.0000000e+00
       956    0.0000000e+00
       957    0.0000000e+00
       958    0.0000000e+00
       959    0.0000000e+00
       960    0.0000000e+00
       961    0.0000000e+00
       962    0.0000000e+00
       963    0.0000000e+00
       964    0.0000000e+00
       965    0.0000000e+00
       966    0.0000000e+00
       967    0.0000000e+00
       968    0.0000000e+00
       969    0.0000000e+00
       970    0.0000000e+00
       971    0.0000000e+00
       972    0.0000000e+00
       973    0.0000000e+00
       974    0.0000000e+00
       975    0.0000000e+00
       976    0.0000000e+00
       977    0.0000000e+00
       978    0.0000000e+00
       979    0.0000000e+00
       980    0.0000000e+00
       981    0.0000000e+00
       982    0.0000000e+00
       983    0.0000000e+00
       984    0.0000000e+00
       985    0.0000000e+00
       986    0.0000000e+00
       987    0.0000000e+00
       988    0.0000000e+00
       989    0.0000000e+00
       990    0.0000000e+00
       991    0.0000000e+00
       992    0.0000000e+00
       993    0.0000000e+00
       994    0.0000000e+00
       995    0.0000000e+00
       996    0.0000000e+00
       997    0.0000000e+00
       998    0.0000000e+00
       999    0.0000000e+00
      1000    0.0000000e+00
      1001    0.0000000e+00
      1002    0.0000000e+00
      1003    0.0000000e+00
      1004    0.0000000e+00
      1005    0.0000000e+00
      1006    0.0000000e+00
      1007    0.0000000e+00
      1008    0.0000000e+00
      1009    0.0000000e+00
      1010    0.0000000e+00
      1011    0.0000000e+00
      1012    0.0000000e+00
      1013    0.0000000e+00
      1014    0.0000000e+00
      1015    0.0000000e+00
      1016    0.0000000e+00
      1017    0.0000000e+00
      1018    0.0000000e+00
      1019    0.0000000e+00
      1020    0.0000000e+00
      1021    0.0000000e+00
      1022    0.0000000e+00
      1023    0.0000000e+00
      1024    0.0000000e+00
