         1    9.9999905e-01
         2    9.9999905e-01
         3    9.9999905e-01
         4    9.9999905e-01
         5    9.9999905e-01
         6    9.9999899e-01
         7    9.9999887e-01
         8    9.9999869e-01
         9    9.9999845e-01
        10    9.9999809e-01
        11    9.9999756e-01
        12    9.9999696e-01
        13    9.9999613e-01
        14    9.9999505e-01
        15    9.9999368e-01
        16    9.9999189e-01
        17    9.9998957e-01
        18    9.9998659e-01
        19    9.9998266e-01
        20    9.9997759e-01
        21    9.9997103e-01
        22    9.9996245e-01
        23    9.9995130e-01
        24    9.9993670e-01
        25    9.9991769e-01
        26    9.9989289e-01
        27    9.9986053e-01
        28    9.9981821e-01
        29    9.9976289e-01
        30    9.9969053e-01
        31    9.9959594e-01
        32    9.9947214e-01
        33    9.9931008e-01
        34    9.9909788e-01
        35    9.9882013e-01
        36    9.9845624e-01
        37    9.9797970e-01
        38    9.9735546e-01
        39    9.9653786e-01
        40    9.9546725e-01
        41    9.9406582e-01
        42    9.9223232e-01
        43    9.8983544e-01
        44    9.8670560e-01
        45    9.8262471e-01
        46    9.7731483e-01
        47    9.7042459e-01
        48    9.6151572e-01
        49    9.5005107e-01
        50    9.3538731e-01
        51    9.1677892e-01
        52    8.9340121e-01
        53    8.6440182e-01
        54    8.2899243e-01
        55    7.8658438e-01
        56    7.3696005e-01
        57    6.8045157e-01
        58    6.1807179e-01
        59    5.5153430e-01
        60    4.8311415e-01
        61    4.1535717e-01
        62    3.5070851e-01
        63    2.9117304e-01
        64    2.3810136e-01
        65    1.9213937e-01
        66    1.5331466e-01
        67    1.2119934e-01
        68    9.5088467e-02
        69    7.4153617e-02
        70    5.7554256e-02
        71    4.4507094e-02
        72    3.4321483e-02
        73    2.6411360e-02
        74    2.0292873e-02
        75    1.5574472e-02
        76    1.1943949e-02
        77    9.1550928e-03
        78    7.0153195e-03
        79    5.3749182e-03
        80    4.1180365e-03
        81    3.1553286e-03
        82    2.4180643e-03
        83    1.8534691e-03
        84    1.4210747e-03
        85    1.0898777e-03
        86    8.3614106e-04
        87    6.4169872e-04
        88    4.9265078e-04
        89    3.7836251e-04
        90    2.9069729e-04
        91    2.2342896e-04
        92    1.7179236e-04
        93    1.3213976e-04
        94    1.0167794e-04
        95    7.8267396e-05
        96    6.0268809e-05
        97    4.6425615e-05
        98    3.5774294e-05
        99    2.7575745e-05
       100    2.1262769e-05
       101    1.6399928e-05
       102    1.2652786e-05
       103    9.7643742e-06
       104    7.5371704e-06
       105    5.8192772e-06
       106    4.4938374e-06
       107    3.4709126e-06
       108    2.6812556e-06
       109    2.0715290e-06
       110    1.6006336e-06
       111    1.2368888e-06
       112    9.5586574e-07
       113    7.3872087e-07
       114    5.7091410e-07
       115    4.4122268e-07
       116    3.4098207e-07
       117    2.6350079e-07
       118    2.0361006e-07
       119    1.5731636e-07
       120    1.2153366e-07
       121    9.3876785e-08
       122    7.2501983e-08
       123    5.5983882e-08
       124    4.3220449e-08
       125    3.3359576e-08
       126    2.5742398e-08
       127    1.9859440e-08
       128    1.5316770e-08
       129    1.1809795e-08
       130    9.1030188e-09
       131    7.0143864e-09
       132    5.4031655e-09
       133    4.1605870e-09
       134    3.2025957e-09
       135    2.4642477e-09
       136    1.8953732e-09
       137    1.4572252e-09
       138    1.1198856e-09
       139    8.6025848e-10
       140    6.6051969e-10
       141    5.0691729e-10
       142    3.8884437e-10
       143    2.9812233e-10
       144    2.2844709e-10
       145    1.7496102e-10
       146    1.3392244e-10
       147    1.0245034e-10
       148    7.8327213e-11
       149    5.9846968e-11
       150    4.5697494e-11
       151    3.4870141e-11
       152    2.6589861e-11
       153    2.0261379e-11
       154    1.5427727e-11
       155    1.1738261e-11
       156    8.9240733e-12
       157    6.7790443e-12
       158    5.1452666e-12
       159    3.9018376e-12
       160    2.9562422e-12
       161    2.2377302e-12
       162    1.6922306e-12
       163    1.2784463e-12
       164    9.6485808e-13
       165    7.2742653e-13
       166    5.4783061e-13
       167    4.1211793e-13
       168    3.0967159e-13
       169    2.3241939e-13
       170    1.7422927e-13
       171    1.3044703e-13
       172    9.7543467e-14
       173    7.2845023e-14
       174    5.4328293e-14
       175    4.0463523e-14
       176    3.0095379e-14
       177    2.2352271e-14
       178    1.6577407e-14
       179    1.2276433e-14
       180    9.0777088e-15
       181    6.7021893e-15
       182    4.9406229e-15
       183    3.6362997e-15
       184    2.6720171e-15
       185    1.9602401e-15
       186    1.4356840e-15
       187    1.0497294e-15
       188    7.6622166e-16
       189    5.5831563e-16
       190    4.0610992e-16
       191    2.9487379e-16
       192    2.1372147e-16
       193    1.5462167e-16
       194    1.1165903e-16
       195    8.0484078e-17
       196    5.7904231e-17
       197    4.1580205e-17
       198    2.9801011e-17
       199    2.1317473e-17
       200    1.5219251e-17
       201    1.0844172e-17
       202    7.7114839e-18
       203    5.4728193e-18
       204    3.8762275e-18
       205    2.7398447e-18
       206    1.9326575e-18
       207    1.3604733e-18
       208    9.5570866e-19
       209    6.6997039e-19
       210    4.6867831e-19
       211    3.2717330e-19
       212    2.2790796e-19
       213    1.5842168e-19
       214    1.0988501e-19
       215    7.6054734e-20
       216    5.2525891e-20
       217    3.6197249e-20
       218    2.4890197e-20
       219    1.7077630e-20
       220    1.1691474e-20
       221    7.9863698e-21
       222    5.4433250e-21
       223    3.7017758e-21
       224    2.5117905e-21
       225    1.7005157e-21
       226    1.1486785e-21
       227    7.7416517e-22
       228    5.2057449e-22
       229    3.4925543e-22
       230    2.3378222e-22
       231    1.5612948e-22
       232    1.0403050e-22
       233    6.9156968e-23
       234    4.5867822e-23
       235    3.0351105e-23
       236    2.0037001e-23
       237    1.3197151e-23
       238    8.6719053e-24
       239    5.6850389e-24
       240    3.7182162e-24
       241    2.4261401e-24
       242    1.5793381e-24
       243    1.0256759e-24
       244    6.6453667e-25
       245    4.2953600e-25
       246    2.7698102e-25
       247    1.7818388e-25
       248    1.1435442e-25
       249    7.3215290e-26
       250    4.6764161e-26
       251    2.9797877e-26
       252    1.8941598e-26
       253    1.2011726e-26
       254    7.5988891e-27
       255    4.7956680e-27
       256    3.0192625e-27
       257    1.8962864e-27
       258    1.1881103e-27
       259    7.4260522e-28
       260    4.6302683e-28
       261    2.8800491e-28
       262    1.7870549e-28
       263    1.1061620e-28
       264    6.8303226e-29
       265    4.2073050e-29
       266    2.5852697e-29
       267    1.5846944e-29
       268    9.6899577e-30
       269    5.9106282e-30
       270    3.5964970e-30
       271    2.1830260e-30
       272    1.3218134e-30
       273    7.9838485e-31
       274    4.8104342e-31
       275    2.8912459e-31
       276    1.7334587e-31
       277    1.0367371e-31
       278    6.1851386e-32
       279    3.6809075e-32
       280    2.1851639e-32
       281    1.2940048e-32
       282    7.6438019e-33
       283    4.5040557e-33
       284    2.6473903e-33
       285    1.5522122e-33
       286    9.0782529e-34
       287    5.2962752e-34
       288    3.0821593e-34
       289    1.7891838e-34
       290    1.0360229e-34
       291    5.9840796e-35
       292    3.4477691e-35
       293    1.9814859e-35
       294    1.1359387e-35
       295    6.4957471e-36
       296    3.7052100e-36
       297    2.1081683e-36
       298    1.1964805e-36
       299    6.7734988e-37
       300    3.8249601e-37
       301    2.1544989e-37
       302    1.2105158e-37
       303    6.7842010e-38
       304    3.7925406e-38
       305    2.1147759e-38
       306    1.1762516e-38
       307    6.5258512e-39
       308    3.6113900e-39
       309    1.9934760e-39
       310    1.0976063e-39
       311    6.0280917e-40
       312    3.3022439e-40
       313    1.8044100e-40
       314    9.8345929e-41
       315    5.3465142e-41
       316    2.8991464e-41
       317    1.5680530e-41
       318    8.4582375e-42
       319    4.5500161e-42
       320    2.4410619e-42
       321    1.3060102e-42
       322    6.9644534e-43
       323    3.6994279e-43
       324    1.9618179e-43
       325    1.0229479e-43
       326    5.3249342e-44
       327    2.6624671e-44
       328    1.2611686e-44
       329    5.6051939e-45
       330    1.4012985e-45
       331    0.0000000e+00
       332    0.0000000e+00
       333    0.0000000e+00
       334    0.0000000e+00
       335    0.0000000e+00
       336    0.0000000e+00
       337    0.0000000e+00
       338    0.0000000e+00
       339    0.0000000e+00
       340    0.0000000e+00
       341    0.0000000e+00
       342    0.0000000e+00
       343    0.0000000e+00
       344    0.0000000e+00
       345    0.0000000e+00
       346    0.0000000e+00
       347    0.0000000e+00
       348    0.0000000e+00
       349    0.0000000e+00
       350    0.0000000e+00
       351    0.0000000e+00
       352    0.0000000e+00
       353    0.0000000e+00
       354    0.0000000e+00
       355    0.0000000e+00
       356    0.0000000e+00
       357    0.0000000e+00
       358    0.0000000e+00
       359    0.0000000e+00
       360    0.0000000e+00
       361    0.0000000e+00
       362    0.0000000e+00
       363    0.0000000e+00
       364    0.0000000e+00
       365    0.0000000e+00
       366    0.0000000e+00
       367    0.0000000e+00
       368    0.0000000e+00
       369    0.0000000e+00
       370    0.0000000e+00
       371    0.0000000e+00
       372    0.0000000e+00
       373    0.0000000e+00
       374    0.0000000e+00
       375    0.0000000e+00
       376    0.0000000e+00
       377    0.0000000e+00
       378    0.0000000e+00
       379    0.0000000e+00
       380    0.0000000e+00
       381    0.0000000e+00
       382    0.0000000e+00
       383    0.0000000e+00
       384    0.0000000e+00
       385    0.0000000e+00
       386    0.0000000e+00
       387    0.0000000e+00
       388    0.0000000e+00
       389    0.0000000e+00
       390    0.0000000e+00
       391    0.0000000e+00
       392    0.0000000e+00
       393    0.0000000e+00
       394    0.0000000e+00
       395    0.0000000e+00
       396    0.0000000e+00
       397    0.0000000e+00
       398    0.0000000e+00
       399    0.0000000e+00
       400    0.0000000e+00
       401    0.0000000e+00
       402    0.0000000e+00
       403    0.0000000e+00
       404    0.0000000e+00
       405    0.0000000e+00
       406    0.0000000e+00
       407    0.0000000e+00
       408    0.0000000e+00
       409    0.0000000e+00
       410    0.0000000e+00
       411    0.0000000e+00
       412    0.0000000e+00
       413    0.0000000e+00
       414    0.0000000e+00
       415    0.0000000e+00
       416    0.0000000e+00
       417    0.0000000e+00
       418    0.0000000e+00
       419    0.0000000e+00
       420    0.0000000e+00
       421    0.0000000e+00
       422    0.0000000e+00
       423    0.0000000e+00
       424    0.0000000e+00
       425    0.0000000e+00
       426    0.0000000e+00
       427    0.0000000e+00
       428    0.0000000e+00
       429    0.0000000e+00
       430    0.0000000e+00
       431    0.0000000e+00
       432    0.0000000e+00
       433    0.0000000e+00
       434    0.0000000e+00
       435    0.0000000e+00
       436    0.0000000e+00
       437    0.0000000e+00
       438    0.0000000e+00
       439    0.0000000e+00
       440    0.0000000e+00
       441    0.0000000e+00
       442    0.0000000e+00
       443    0.0000000e+00
       444    0.0000000e+00
       445    0.0000000e+00
       446    0.0000000e+00
       447    0.0000000e+00
       448    0.0000000e+00
       449    0.0000000e+00
       450    0.0000000e+00
       451    0.0000000e+00
       452    0.0000000e+00
       453    0.0000000e+00
       454    0.0000000e+00
       455    0.0000000e+00
       456    0.0000000e+00
       457    0.0000000e+00
       458    0.0000000e+00
       459    0.0000000e+00
       460    0.0000000e+00
       461    0.0000000e+00
       462    0.0000000e+00
       463    0.0000000e+00
       464    0.0000000e+00
       465    0.0000000e+00
       466    0.0000000e+00
       467    0.0000000e+00
       468    0.0000000e+00
       469    0.0000000e+00
       470    0.0000000e+00
       471    0.0000000e+00
       472    0.0000000e+00
       473    0.0000000e+00
       474    0.0000000e+00
       475    0.0000000e+00
       476    0.0000000e+00
       477    0.0000000e+00
       478    0.0000000e+00
       479    0.0000000e+00
       480    0.0000000e+00
       481    0.0000000e+00
       482    0.0000000e+00
       483    0.0000000e+00
       484    0.0000000e+00
       485    0.0000000e+00
       486    0.0000000e+00
       487    0.0000000e+00
       488    0.0000000e+00
       489    0.0000000e+00
       490    0.0000000e+00
       491    0.0000000e+00
       492    0.0000000e+00
       493    0.0000000e+00
       494    0.0000000e+00
       495    0.0000000e+00
       496    0.0000000e+00
       497    0.0000000e+00
       498    0.0000000e+00
       499    0.0000000e+00
       500    0.0000000e+00
       501    0.0000000e+00
       502    0.0000000e+00
       503    0.0000000e+00
       504    0.0000000e+00
       505    0.0000000e+00
       506    0.0000000e+00
       507    0.0000000e+00
       508    0.0000000e+00
       509    0.0000000e+00
       510    0.0000000e+00
       511    0.0000000e+00
       512    0.0000000e+00
       513    0.0000000e+00
       514    0.0000000e+00
       515    0.0000000e+00
       516    0.0000000e+00
       517    0.0000000e+00
       518    0.0000000e+00
       519    0.0000000e+00
       520    0.0000000e+00
       521    0.0000000e+00
       522    0.0000000e+00
       523    0.0000000e+00
       524    0.0000000e+00
       525    0.0000000e+00
       526    0.0000000e+00
       527    0.0000000e+00
       528    0.0000000e+00
       529    0.0000000e+00
       530    0.0000000e+00
       531    0.0000000e+00
       532    0.0000000e+00
       533    0.0000000e+00
       534    0.0000000e+00
       535    0.0000000e+00
       536    0.0000000e+00
       537    0.0000000e+00
       538    0.0000000e+00
       539    0.0000000e+00
       540    0.0000000e+00
       541    0.0000000e+00
       542    0.0000000e+00
       543    0.0000000e+00
       544    0.0000000e+00
       545    0.0000000e+00
       546    0.0000000e+00
       547    0.0000000e+00
       548    0.0000000e+00
       549    0.0000000e+00
       550    0.0000000e+00
       551    0.0000000e+00
       552    0.0000000e+00
       553    0.0000000e+00
       554    0.0000000e+00
       555    0.0000000e+00
       556    0.0000000e+00
       557    0.0000000e+00
       558    0.0000000e+00
       559    0.0000000e+00
       560    0.0000000e+00
       561    0.0000000e+00
       562    0.0000000e+00
       563    0.0000000e+00
       564    0.0000000e+00
       565    0.0000000e+00
       566    0.0000000e+00
       567    0.0000000e+00
       568    0.0000000e+00
       569    0.0000000e+00
       570    0.0000000e+00
       571    0.0000000e+00
       572    0.0000000e+00
       573    0.0000000e+00
       574    0.0000000e+00
       575    0.0000000e+00
       576    0.0000000e+00
       577    0.0000000e+00
       578    0.0000000e+00
       579    0.0000000e+00
       580    0.0000000e+00
       581    0.0000000e+00
       582    0.0000000e+00
       583    0.0000000e+00
       584    0.0000000e+00
       585    0.0000000e+00
       586    0.0000000e+00
       587    0.0000000e+00
       588    0.0000000e+00
       589    0.0000000e+00
       590    0.0000000e+00
       591    0.0000000e+00
       592    0.0000000e+00
       593    0.0000000e+00
       594    0.0000000e+00
       595    0.0000000e+00
       596    0.0000000e+00
       597    0.0000000e+00
       598    0.0000000e+00
       599    0.0000000e+00
       600    0.0000000e+00
       601    0.0000000e+00
       602    0.0000000e+00
       603    0.0000000e+00
       604    0.0000000e+00
       605    0.0000000e+00
       606    0.0000000e+00
       607    0.0000000e+00
       608    0.0000000e+00
       609    0.0000000e+00
       610    0.0000000e+00
       611    0.0000000e+00
       612    0.0000000e+00
       613    0.0000000e+00
       614    0.0000000e+00
       615    0.0000000e+00
       616    0.0000000e+00
       617    0.0000000e+00
       618    0.0000000e+00
       619    0.0000000e+00
       620    0.0000000e+00
       621    0.0000000e+00
       622    0.0000000e+00
       623    0.0000000e+00
       624    0.0000000e+00
       625    0.0000000e+00
       626    0.0000000e+00
       627    0.0000000e+00
       628    0.0000000e+00
       629    0.0000000e+00
       630    0.0000000e+00
       631    0.0000000e+00
       632    0.0000000e+00
       633    0.0000000e+00
       634    0.0000000e+00
       635    0.0000000e+00
       636    0.0000000e+00
       637    0.0000000e+00
       638    0.0000000e+00
       639    0.0000000e+00
       640    0.0000000e+00
       641    0.0000000e+00
       642    0.0000000e+00
       643    0.0000000e+00
       644    0.0000000e+00
       645    0.0000000e+00
       646    0.0000000e+00
       647    0.0000000e+00
       648    0.0000000e+00
       649    0.0000000e+00
       650    0.0000000e+00
       651    0.0000000e+00
       652    0.0000000e+00
       653    0.0000000e+00
       654    0.0000000e+00
       655    0.0000000e+00
       656    0.0000000e+00
       657    0.0000000e+00
       658    0.0000000e+00
       659    0.0000000e+00
       660    0.0000000e+00
       661    0.0000000e+00
       662    0.0000000e+00
       663    0.0000000e+00
       664    0.0000000e+00
       665    0.0000000e+00
       666    0.0000000e+00
       667    0.0000000e+00
       668    0.0000000e+00
       669    0.0000000e+00
       670    0.0000000e+00
       671    0.0000000e+00
       672    0.0000000e+00
       673    0.0000000e+00
       674    0.0000000e+00
       675    0.0000000e+00
       676    0.0000000e+00
       677    0.0000000e+00
       678    0.0000000e+00
       679    0.0000000e+00
       680    0.0000000e+00
       681    0.0000000e+00
       682    0.0000000e+00
       683    0.0000000e+00
       684    0.0000000e+00
       685    0.0000000e+00
       686    0.0000000e+00
       687    0.0000000e+00
       688    0.0000000e+00
       689    0.0000000e+00
       690    0.0000000e+00
       691    0.0000000e+00
       692    0.0000000e+00
       693    0.0000000e+00
       694    0.0000000e+00
       695    0.0000000e+00
       696    0.0000000e+00
       697    0.0000000e+00
       698    0.0000000e+00
       699    0.0000000e+00
       700    0.0000000e+00
       701    0.0000000e+00
       702    0.0000000e+00
       703    0.0000000e+00
       704    0.0000000e+00
       705    0.0000000e+00
       706    0.0000000e+00
       707    0.0000000e+00
       708    0.0000000e+00
       709    0.0000000e+00
       710    0.0000000e+00
       711    0.0000000e+00
       712    0.0000000e+00
       713    0.0000000e+00
       714    0.0000000e+00
       715    0.0000000e+00
       716    0.0000000e+00
       717    0.0000000e+00
       718    0.0000000e+00
       719    0.0000000e+00
       720    0.0000000e+00
       721    0.0000000e+00
       722    0.0000000e+00
       723    0.0000000e+00
       724    0.0000000e+00
       725    0.0000000e+00
       726    0.0000000e+00
       727    0.0000000e+00
       728    0.0000000e+00
       729    0.0000000e+00
       730    0.0000000e+00
       731    0.0000000e+00
       732    0.0000000e+00
       733    0.0000000e+00
       734    0.0000000e+00
       735    0.0000000e+00
       736    0.0000000e+00
       737    0.0000000e+00
       738    0.0000000e+00
       739    0.0000000e+00
       740    0.0000000e+00
       741    0.0000000e+00
       742    0.0000000e+00
       743    0.0000000e+00
       744    0.0000000e+00
       745    0.0000000e+00
       746    0.0000000e+00
       747    0.0000000e+00
       748    0.0000000e+00
       749    0.0000000e+00
       750    0.0000000e+00
       751    0.0000000e+00
       752    0.0000000e+00
       753    0.0000000e+00
       754    0.0000000e+00
       755    0.0000000e+00
       756    0.0000000e+00
       757    0.0000000e+00
       758    0.0000000e+00
       759    0.0000000e+00
       760    0.0000000e+00
       761    0.0000000e+00
       762    0.0000000e+00
       763    0.0000000e+00
       764    0.0000000e+00
       765    0.0000000e+00
       766    0.0000000e+00
       767    0.0000000e+00
       768    0.0000000e+00
       769    0.0000000e+00
       770    0.0000000e+00
       771    0.0000000e+00
       772    0.0000000e+00
       773    0.0000000e+00
       774    0.0000000e+00
       775    0.0000000e+00
       776    0.0000000e+00
       777    0.0000000e+00
       778    0.0000000e+00
       779    0.0000000e+00
       780    0.0000000e+00
       781    0.0000000e+00
       782    0.0000000e+00
       783    0.0000000e+00
       784    0.0000000e+00
       785    0.0000000e+00
       786    0.0000000e+00
       787    0.0000000e+00
       788    0.0000000e+00
       789    0.0000000e+00
       790    0.0000000e+00
       791    0.0000000e+00
       792    0.0000000e+00
       793    0.0000000e+00
       794    0.0000000e+00
       795    0.0000000e+00
       796    0.0000000e+00
       797    0.0000000e+00
       798    0.0000000e+00
       799    0.0000000e+00
       800    0.0000000e+00
       801    0.0000000e+00
       802    0.0000000e+00
       803    0.0000000e+00
       804    0.0000000e+00
       805    0.0000000e+00
       806    0.0000000e+00
       807    0.0000000e+00
       808    0.0000000e+00
       809    0.0000000e+00
       810    0.0000000e+00
       811    0.0000000e+00
       812    0.0000000e+00
       813    0.0000000e+00
       814    0.0000000e+00
       815    0.0000000e+00
       816    0.0000000e+00
       817    0.0000000e+00
       818    0.0000000e+00
       819    0.0000000e+00
       820    0.0000000e+00
       821    0.0000000e+00
       822    0.0000000e+00
       823    0.0000000e+00
       824    0.0000000e+00
       825    0.0000000e+00
       826    0.0000000e+00
       827    0.0000000e+00
       828    0.0000000e+00
       829    0.0000000e+00
       830    0.0000000e+00
       831    0.0000000e+00
       832    0.0000000e+00
       833    0.0000000e+00
       834    0.0000000e+00
       835    0.0000000e+00
       836    0.0000000e+00
       837    0.0000000e+00
       838    0.0000000e+00
       839    0.0000000e+00
       840    0.0000000e+00
       841    0.0000000e+00
       842    0.0000000e+00
       843    0.0000000e+00
       844    0.0000000e+00
       845    0.0000000e+00
       846    0.0000000e+00
       847    0.0000000e+00
       848    0.0000000e+00
       849    0.0000000e+00
       850    0.0000000e+00
       851    0.0000000e+00
       852    0.0000000e+00
       853    0.0000000e+00
       854    0.0000000e+00
       855    0.0000000e+00
       856    0.0000000e+00
       857    0.0000000e+00
       858    0.0000000e+00
       859    0.0000000e+00
       860    0.0000000e+00
       861    0.0000000e+00
       862    0.0000000e+00
       863    0.0000000e+00
       864    0.0000000e+00
       865    0.0000000e+00
       866    0.0000000e+00
       867    0.0000000e+00
       868    0.0000000e+00
       869    0.0000000e+00
       870    0.0000000e+00
       871    0.0000000e+00
       872    0.0000000e+00
       873    0.0000000e+00
       874    0.0000000e+00
       875    0.0000000e+00
       876    0.0000000e+00
       877    0.0000000e+00
       878    0.0000000e+00
       879    0.0000000e+00
       880    0.0000000e+00
       881    0.0000000e+00
       882    0.0000000e+00
       883    0.0000000e+00
       884    0.0000000e+00
       885    0.0000000e+00
       886    0.0000000e+00
       887    0.0000000e+00
       888    0.0000000e+00
       889    0.0000000e+00
       890    0.0000000e+00
       891    0.0000000e+00
       892    0.0000000e+00
       893    0.0000000e+00
       894    0.0000000e+00
       895    0.0000000e+00
       896    0.0000000e+00
       897    0.0000000e+00
       898    0.0000000e+00
       899    0.0000000e+00
       900    0.0000000e+00
       901    0.0000000e+00
       902    0.0000000e+00
       903    0.0000000e+00
       904    0.0000000e+00
       905    0.0000000e+00
       906    0.0000000e+00
       907    0.0000000e+00
       908    0.0000000e+00
       909    0.0000000e+00
       910    0.0000000e+00
       911    0.0000000e+00
       912    0.0000000e+00
       913    0.0000000e+00
       914    0.0000000e+00
       915    0.0000000e+00
       916    0.0000000e+00
       917    0.0000000e+00
       918    0.0000000e+00
       919    0.0000000e+00
       920    0.0000000e+00
       921    0.0000000e+00
       922    0.0000000e+00
       923    0.0000000e+00
       924    0.0000000e+00
       925    0.0000000e+00
       926    0.0000000e+00
       927    0.0000000e+00
       928    0.0000000e+00
       929    0.0000000e+00
       930    0.0000000e+00
       931    0.0000000e+00
       932    0.0000000e+00
       933    0.0000000e+00
       934    0.0000000e+00
       935    0.0000000e+00
       936    0.0000000e+00
       937    0.0000000e+00
       938    0.0000000e+00
       939    0.0000000e+00
       940    0.0000000e+00
       941    0.0000000e+00
       942    0.0000000e+00
       943    0.0000000e+00
       944    0.0000000e+00
       945    0.0000000e+00
       946    0.0000000e+00
       947    0.0000000e+00
       948    0.0000000e+00
       949    0.0000000e+00
       950    0.0000000e+00
       951    0.0000000e+00
       952    0.0000000e+00
       953    0.0000000e+00
       954    0.0000000e+00
       955    0.0000000e+00
       956    0.0000000e+00
       957    0.0000000e+00
       958    0.0000000e+00
       959    0.0000000e+00
       960    0.0000000e+00
       961    0.0000000e+00
       962    0.0000000e+00
       963    0.0000000e+00
       964    0.0000000e+00
       965    0.0000000e+00
       966    0.0000000e+00
       967    0.0000000e+00
       968    0.0000000e+00
       969    0.0000000e+00
       970    0.0000000e+00
       971    0.0000000e+00
       972    0.0000000e+00
       973    0.0000000e+00
       974    0.0000000e+00
       975    0.0000000e+00
       976    0.0000000e+00
       977    0.0000000e+00
       978    0.0000000e+00
       979    0.0000000e+00
       980    0.0000000e+00
       981    0.0000000e+00
       982    0.0000000e+00
       983    0.0000000e+00
       984    0.0000000e+00
       985    0.0000000e+00
       986    0.0000000e+00
       987    0.0000000e+00
       988    0.0000000e+00
       989    0.0000000e+00
       990    0.0000000e+00
       991    0.0000000e+00
       992    0.0000000e+00
       993    0.0000000e+00
       994    0.0000000e+00
       995    0.0000000e+00
       996    0.0000000e+00
       997    0.0000000e+00
       998    0.0000000e+00
       999    0.0000000e+00
      1000    0.0000000e+00
      1001    0.0000000e+00
      1002    0.0000000e+00
      1003    0.0000000e+00
      1004    0.0000000e+00
      1005    0.0000000e+00
      1006    0.0000000e+00
      1007    0.0000000e+00
      1008    0.0000000e+00
      1009    0.0000000e+00
      1010    0.0000000e+00
      1011    0.0000000e+00
      1012    0.0000000e+00
      1013    0.0000000e+00
      1014    0.0000000e+00
      1015    0.0000000e+00
      1016    0.0000000e+00
      1017    0.0000000e+00
      1018    0.0000000e+00
      1019    0.0000000e+00
      1020    0.0000000e+00
      1021    0.0000000e+00
      1022    0.0000000e+00
      1023    0.0000000e+00
      1024    0.0000000e+00
