         1    9.9999905e-01
         2    9.9999905e-01
         3    9.9999905e-01
         4    9.9999905e-01
         5    9.9999905e-01
         6    9.9999905e-01
         7    9.9999905e-01
         8    9.9999905e-01
         9    9.9999905e-01
        10    9.9999905e-01
        11    9.9999905e-01
        12    9.9999905e-01
        13    9.9999905e-01
        14    9.9999905e-01
        15    9.9999905e-01
        16    9.9999905e-01
        17    9.9999905e-01
        18    9.9999905e-01
        19    9.9999905e-01
        20    9.9999905e-01
        21    9.9999905e-01
        22    9.9999905e-01
        23    9.9999905e-01
        24    9.9999905e-01
        25    9.9999905e-01
        26    9.9999905e-01
        27    9.9999905e-01
        28    9.9999905e-01
        29    9.9999905e-01
        30    9.9999905e-01
        31    9.9999905e-01
        32    9.9999905e-01
        33    9.9999905e-01
        34    9.9999905e-01
        35    9.9999905e-01
        36    9.9999905e-01
        37    9.9999905e-01
        38    9.9999905e-01
        39    9.9999905e-01
        40    9.9999905e-01
        41    9.9999905e-01
        42    9.9999905e-01
        43    9.9999905e-01
        44    9.9999905e-01
        45    9.9999905e-01
        46    9.9999905e-01
        47    9.9999905e-01
        48    9.9999905e-01
        49    9.9999905e-01
        50    9.9999905e-01
        51    9.9999905e-01
        52    9.9999905e-01
        53    9.9999905e-01
        54    9.9999905e-01
        55    9.9999899e-01
        56    9.9999887e-01
        57    9.9999863e-01
        58    9.9999833e-01
        59    9.9999785e-01
        60    9.9999726e-01
        61    9.9999648e-01
        62    9.9999541e-01
        63    9.9999404e-01
        64    9.9999219e-01
        65    9.9998975e-01
        66    9.9998659e-01
        67    9.9998236e-01
        68    9.9997681e-01
        69    9.9996960e-01
        70    9.9996006e-01
        71    9.9994755e-01
        72    9.9993104e-01
        73    9.9990940e-01
        74    9.9988091e-01
        75    9.9984348e-01
        76    9.9979430e-01
        77    9.9972963e-01
        78    9.9964464e-01
        79    9.9953294e-01
        80    9.9938601e-01
        81    9.9919289e-01
        82    9.9893904e-01
        83    9.9860537e-01
        84    9.9816686e-01
        85    9.9759060e-01
        86    9.9683356e-01
        87    9.9583954e-01
        88    9.9453479e-01
        89    9.9282336e-01
        90    9.9058056e-01
        91    9.8764479e-01
        92    9.8380798e-01
        93    9.7880393e-01
        94    9.7229499e-01
        95    9.6385837e-01
        96    9.5297301e-01
        97    9.3901110e-01
        98    9.2123884e-01
        99    8.9883465e-01
       100    8.7093544e-01
       101    8.3672047e-01
       102    7.9554051e-01
       103    7.4708730e-01
       104    6.9157743e-01
       105    6.2990004e-01
       106    5.6366348e-01
       107    4.9508494e-01
       108    4.2671859e-01
       109    3.6108434e-01
       110    3.0030766e-01
       111    2.4587519e-01
       112    1.9855531e-01
       113    1.5846698e-01
       114    1.2523748e-01
       115    9.8185085e-02
       116    7.6481223e-02
       117    5.9270900e-02
       118    4.5749344e-02
       119    3.5202526e-02
       120    2.7022107e-02
       121    2.0704597e-02
       122    1.5841970e-02
       123    1.2108666e-02
       124    9.2479270e-03
       125    7.0590004e-03
       126    5.3859456e-03
       127    4.1082227e-03
       128    3.1329982e-03
       129    2.3889779e-03
       130    1.8215216e-03
       131    1.3888185e-03
       132    1.0589132e-03
       133    8.0740295e-04
       134    6.1566499e-04
       135    4.6949391e-04
       136    3.5805735e-04
       137    2.7309710e-04
       138    2.0831832e-04
       139    1.5892313e-04
       140    1.2125478e-04
       141    9.2526359e-05
       142    7.0613751e-05
       143    5.3897991e-05
       144    4.1145035e-05
       145    3.1414198e-05
       146    2.3988337e-05
       147    1.8320694e-05
       148    1.3994370e-05
       149    1.0691444e-05
       150    8.1694516e-06
       151    6.2434547e-06
       152    4.7723752e-06
       153    3.6485783e-06
       154    2.7899362e-06
       155    2.1337737e-06
       156    1.6322547e-06
       157    1.2488636e-06
       158    9.5572170e-07
       159    7.3154189e-07
       160    5.6006729e-07
       161    4.2888041e-07
       162    3.2849519e-07
       163    2.5166355e-07
       164    1.9284650e-07
       165    1.4781034e-07
       166    1.1331852e-07
       167    8.6896300e-08
       168    6.6651076e-08
       169    5.1135149e-08
       170    3.9240920e-08
       171    3.0120823e-08
       172    2.3126130e-08
       173    1.7760200e-08
       174    1.3642740e-08
       175    1.0482482e-08
       176    8.0562881e-09
       177    6.1931793e-09
       178    4.7621085e-09
       179    3.6626111e-09
       180    2.8176490e-09
       181    2.1681330e-09
       182    1.6687300e-09
       183    1.2846513e-09
       184    9.8919306e-10
       185    7.6185236e-10
       186    5.8688315e-10
       187    4.5218945e-10
       188    3.4847666e-10
       189    2.6860111e-10
       190    2.0707079e-10
       191    1.5966241e-10
       192    1.2312748e-10
       193    9.4966653e-11
       194    7.3256533e-11
       195    5.6516562e-11
       196    4.3606785e-11
       197    3.3649302e-11
       198    2.5967863e-11
       199    2.0041441e-11
       200    1.5468512e-11
       201    1.1939580e-11
       202    9.2160437e-12
       203    7.1139197e-12
       204    5.4913136e-12
       205    4.2387725e-12
       206    3.2718572e-12
       207    2.5254146e-12
       208    1.9491657e-12
       209    1.5043062e-12
       210    1.1608841e-12
       211    8.9577748e-13
       212    6.9113644e-13
       213    5.3317957e-13
       214    4.1126610e-13
       215    3.1717996e-13
       216    2.4457709e-13
       217    1.8855878e-13
       218    1.4534246e-13
       219    1.1200747e-13
       220    8.6298651e-14
       221    6.6474881e-14
       222    5.1191947e-14
       223    3.9412175e-14
       224    3.0334574e-14
       225    2.3340940e-14
       226    1.7954195e-14
       227    1.3806227e-14
       228    1.0613042e-14
       229    8.1555813e-15
       230    6.2649068e-15
       231    4.8107571e-15
       232    3.6927159e-15
       233    2.8333919e-15
       234    2.1731528e-15
       235    1.6660632e-15
       236    1.2767473e-15
       237    9.7796984e-16
       238    7.4876897e-16
       239    5.7301620e-16
       240    4.3830609e-16
       241    3.3510013e-16
       242    2.5606669e-16
       243    1.9557256e-16
       244    1.4929117e-16
       245    1.1390080e-16
       246    8.6852224e-17
       247    6.6189888e-17
       248    5.0414339e-17
       249    3.8376320e-17
       250    2.9195413e-17
       251    2.2197453e-17
       252    1.6866467e-17
       253    1.2807750e-17
       254    9.7195161e-18
       255    7.3711421e-18
       256    5.5864850e-18
       257    4.2310838e-18
       258    3.2023522e-18
       259    2.4220692e-18
       260    1.8306251e-18
       261    1.3826214e-18
       262    1.0435029e-18
       263    7.8698449e-19
       264    5.9308426e-19
       265    4.4662190e-19
       266    3.3607232e-19
       267    2.5269132e-19
       268    1.8984910e-19
       269    1.4252244e-19
       270    1.0690802e-19
       271    8.0128236e-20
       272    6.0007436e-20
       273    4.4901907e-20
       274    3.3570731e-20
       275    2.5077785e-20
       276    1.8717424e-20
       277    1.3958146e-20
       278    1.0399929e-20
       279    7.7419485e-21
       280    5.7581618e-21
       281    4.2788543e-21
       282    3.1767104e-21
       283    2.3563011e-21
       284    1.7461581e-21
       285    1.2928034e-21
       286    9.5625633e-22
       287    7.0665221e-22
       288    5.2170323e-22
       289    3.8479065e-22
       290    2.8353428e-22
       291    2.0871981e-22
       292    1.5349555e-22
       293    1.1277139e-22
       294    8.2769489e-23
       295    6.0688565e-23
       296    4.4453505e-23
       297    3.2528563e-23
       298    2.3778300e-23
       299    1.7364054e-23
       300    1.2666985e-23
       301    9.2309135e-24
       302    6.7199014e-24
       303    4.8868095e-24
       304    3.5500121e-24
       305    2.5761663e-24
       306    1.8674767e-24
       307    1.3522951e-24
       308    9.7818407e-25
       309    7.0680606e-25
       310    5.1016241e-25
       311    3.6782659e-25
       312    2.6491231e-25
       313    1.9058273e-25
       314    1.3695735e-25
       315    9.8311809e-26
       316    7.0492456e-26
       317    5.0488728e-26
       318    3.6120955e-26
       319    2.5812808e-26
       320    1.8425564e-26
       321    1.3137545e-26
       322    9.3565074e-27
       323    6.6560701e-27
       324    4.7296063e-27
       325    3.3568628e-27
       326    2.3798088e-27
       327    1.6851904e-27
       328    1.1919359e-27
       329    8.4207811e-28
       330    5.9421829e-28
       331    4.1882486e-28
       332    2.9485629e-28
       333    2.0733779e-28
       334    1.4562484e-28
       335    1.0215980e-28
       336    7.1583187e-29
       337    5.0098794e-29
       338    3.5020918e-29
       339    2.4451790e-29
       340    1.7052008e-29
       341    1.1877391e-29
       342    8.2631588e-30
       343    5.7418212e-30
       344    3.9850218e-30
       345    2.7624104e-30
       346    1.9125869e-30
       347    1.3226001e-30
       348    9.1350196e-31
       349    6.3017763e-31
       350    4.3419832e-31
       351    2.9880241e-31
       352    2.0537610e-31
       353    1.4098884e-31
       354    9.6669105e-32
       355    6.6199998e-32
       356    4.5278790e-32
       357    3.0931241e-32
       358    2.1104001e-32
       359    1.4381243e-32
       360    9.7879433e-33
       361    6.6534846e-33
       362    4.5171941e-33
       363    3.0630185e-33
       364    2.0743927e-33
       365    1.4031115e-33
       366    9.4787824e-34
       367    6.3954538e-34
       368    4.3097103e-34
       369    2.9005610e-34
       370    1.9497211e-34
       371    1.3089376e-34
       372    8.7764882e-35
       373    5.8772932e-35
       374    3.9308649e-35
       375    2.6257444e-35
       376    1.7517410e-35
       377    1.1671853e-35
       378    7.7671492e-36
       379    5.1622009e-36
       380    3.4265657e-36
       381    2.2716091e-36
       382    1.5040350e-36
       383    9.9456156e-37
       384    6.5683191e-37
       385    4.3323664e-37
       386    2.8539345e-37
       387    1.8776311e-37
       388    1.2337396e-37
       389    8.0962373e-38
       390    5.3062666e-38
       391    3.4732850e-38
       392    2.2705811e-38
       393    1.4824442e-38
       394    9.6663824e-39
       395    6.2949676e-39
       396    4.0941751e-39
       397    2.6593926e-39
       398    1.7252072e-39
       399    1.1177429e-39
       400    7.2324377e-40
       401    4.6737788e-40
       402    3.0164211e-40
       403    1.9442596e-40
       404    1.2515837e-40
       405    8.0463959e-41
       406    5.1663072e-41
       407    3.3126696e-41
       408    2.1214257e-41
       409    1.3565970e-41
       410    8.6642284e-42
       411    5.5253198e-42
       412    3.5186604e-42
       413    2.2364723e-42
       414    1.4209166e-42
       415    9.0103491e-43
       416    5.6892718e-43
       417    3.5873241e-43
       418    2.2560905e-43
       419    1.4012985e-43
       420    8.8281803e-44
       421    5.3249342e-44
       422    3.2229865e-44
       423    1.8216880e-44
       424    9.8090893e-45
       425    2.8025969e-45
       426    0.0000000e+00
       427    0.0000000e+00
       428    0.0000000e+00
       429    0.0000000e+00
       430    0.0000000e+00
       431    0.0000000e+00
       432    0.0000000e+00
       433    0.0000000e+00
       434    0.0000000e+00
       435    0.0000000e+00
       436    0.0000000e+00
       437    0.0000000e+00
       438    0.0000000e+00
       439    0.0000000e+00
       440    0.0000000e+00
       441    0.0000000e+00
       442    0.0000000e+00
       443    0.0000000e+00
       444    0.0000000e+00
       445    0.0000000e+00
       446    0.0000000e+00
       447    0.0000000e+00
       448    0.0000000e+00
       449    0.0000000e+00
       450    0.0000000e+00
       451    0.0000000e+00
       452    0.0000000e+00
       453    0.0000000e+00
       454    0.0000000e+00
       455    0.0000000e+00
       456    0.0000000e+00
       457    0.0000000e+00
       458    0.0000000e+00
       459    0.0000000e+00
       460    0.0000000e+00
       461    0.0000000e+00
       462    0.0000000e+00
       463    0.0000000e+00
       464    0.0000000e+00
       465    0.0000000e+00
       466    0.0000000e+00
       467    0.0000000e+00
       468    0.0000000e+00
       469    0.0000000e+00
       470    0.0000000e+00
       471    0.0000000e+00
       472    0.0000000e+00
       473    0.0000000e+00
       474    0.0000000e+00
       475    0.0000000e+00
       476    0.0000000e+00
       477    0.0000000e+00
       478    0.0000000e+00
       479    0.0000000e+00
       480    0.0000000e+00
       481    0.0000000e+00
       482    0.0000000e+00
       483    0.0000000e+00
       484    0.0000000e+00
       485    0.0000000e+00
       486    0.0000000e+00
       487    0.0000000e+00
       488    0.0000000e+00
       489    0.0000000e+00
       490    0.0000000e+00
       491    0.0000000e+00
       492    0.0000000e+00
       493    0.0000000e+00
       494    0.0000000e+00
       495    0.0000000e+00
       496    0.0000000e+00
       497    0.0000000e+00
       498    0.0000000e+00
       499    0.0000000e+00
       500    0.0000000e+00
       501    0.0000000e+00
       502    0.0000000e+00
       503    0.0000000e+00
       504    0.0000000e+00
       505    0.0000000e+00
       506    0.0000000e+00
       507    0.0000000e+00
       508    0.0000000e+00
       509    0.0000000e+00
       510    0.0000000e+00
       511    0.0000000e+00
       512    0.0000000e+00
       513    0.0000000e+00
       514    0.0000000e+00
       515    0.0000000e+00
       516    0.0000000e+00
       517    0.0000000e+00
       518    0.0000000e+00
       519    0.0000000e+00
       520    0.0000000e+00
       521    0.0000000e+00
       522    0.0000000e+00
       523    0.0000000e+00
       524    0.0000000e+00
       525    0.0000000e+00
       526    0.0000000e+00
       527    0.0000000e+00
       528    0.0000000e+00
       529    0.0000000e+00
       530    0.0000000e+00
       531    0.0000000e+00
       532    0.0000000e+00
       533    0.0000000e+00
       534    0.0000000e+00
       535    0.0000000e+00
       536    0.0000000e+00
       537    0.0000000e+00
       538    0.0000000e+00
       539    0.0000000e+00
       540    0.0000000e+00
       541    0.0000000e+00
       542    0.0000000e+00
       543    0.0000000e+00
       544    0.0000000e+00
       545    0.0000000e+00
       546    0.0000000e+00
       547    0.0000000e+00
       548    0.0000000e+00
       549    0.0000000e+00
       550    0.0000000e+00
       551    0.0000000e+00
       552    0.0000000e+00
       553    0.0000000e+00
       554    0.0000000e+00
       555    0.0000000e+00
       556    0.0000000e+00
       557    0.0000000e+00
       558    0.0000000e+00
       559    0.0000000e+00
       560    0.0000000e+00
       561    0.0000000e+00
       562    0.0000000e+00
       563    0.0000000e+00
       564    0.0000000e+00
       565    0.0000000e+00
       566    0.0000000e+00
       567    0.0000000e+00
       568    0.0000000e+00
       569    0.0000000e+00
       570    0.0000000e+00
       571    0.0000000e+00
       572    0.0000000e+00
       573    0.0000000e+00
       574    0.0000000e+00
       575    0.0000000e+00
       576    0.0000000e+00
       577    0.0000000e+00
       578    0.0000000e+00
       579    0.0000000e+00
       580    0.0000000e+00
       581    0.0000000e+00
       582    0.0000000e+00
       583    0.0000000e+00
       584    0.0000000e+00
       585    0.0000000e+00
       586    0.0000000e+00
       587    0.0000000e+00
       588    0.0000000e+00
       589    0.0000000e+00
       590    0.0000000e+00
       591    0.0000000e+00
       592    0.0000000e+00
       593    0.0000000e+00
       594    0.0000000e+00
       595    0.0000000e+00
       596    0.0000000e+00
       597    0.0000000e+00
       598    0.0000000e+00
       599    0.0000000e+00
       600    0.0000000e+00
       601    0.0000000e+00
       602    0.0000000e+00
       603    0.0000000e+00
       604    0.0000000e+00
       605    0.0000000e+00
       606    0.0000000e+00
       607    0.0000000e+00
       608    0.0000000e+00
       609    0.0000000e+00
       610    0.0000000e+00
       611    0.0000000e+00
       612    0.0000000e+00
       613    0.0000000e+00
       614    0.0000000e+00
       615    0.0000000e+00
       616    0.0000000e+00
       617    0.0000000e+00
       618    0.0000000e+00
       619    0.0000000e+00
       620    0.0000000e+00
       621    0.0000000e+00
       622    0.0000000e+00
       623    0.0000000e+00
       624    0.0000000e+00
       625    0.0000000e+00
       626    0.0000000e+00
       627    0.0000000e+00
       628    0.0000000e+00
       629    0.0000000e+00
       630    0.0000000e+00
       631    0.0000000e+00
       632    0.0000000e+00
       633    0.0000000e+00
       634    0.0000000e+00
       635    0.0000000e+00
       636    0.0000000e+00
       637    0.0000000e+00
       638    0.0000000e+00
       639    0.0000000e+00
       640    0.0000000e+00
       641    0.0000000e+00
       642    0.0000000e+00
       643    0.0000000e+00
       644    0.0000000e+00
       645    0.0000000e+00
       646    0.0000000e+00
       647    0.0000000e+00
       648    0.0000000e+00
       649    0.0000000e+00
       650    0.0000000e+00
       651    0.0000000e+00
       652    0.0000000e+00
       653    0.0000000e+00
       654    0.0000000e+00
       655    0.0000000e+00
       656    0.0000000e+00
       657    0.0000000e+00
       658    0.0000000e+00
       659    0.0000000e+00
       660    0.0000000e+00
       661    0.0000000e+00
       662    0.0000000e+00
       663    0.0000000e+00
       664    0.0000000e+00
       665    0.0000000e+00
       666    0.0000000e+00
       667    0.0000000e+00
       668    0.0000000e+00
       669    0.0000000e+00
       670    0.0000000e+00
       671    0.0000000e+00
       672    0.0000000e+00
       673    0.0000000e+00
       674    0.0000000e+00
       675    0.0000000e+00
       676    0.0000000e+00
       677    0.0000000e+00
       678    0.0000000e+00
       679    0.0000000e+00
       680    0.0000000e+00
       681    0.0000000e+00
       682    0.0000000e+00
       683    0.0000000e+00
       684    0.0000000e+00
       685    0.0000000e+00
       686    0.0000000e+00
       687    0.0000000e+00
       688    0.0000000e+00
       689    0.0000000e+00
       690    0.0000000e+00
       691    0.0000000e+00
       692    0.0000000e+00
       693    0.0000000e+00
       694    0.0000000e+00
       695    0.0000000e+00
       696    0.0000000e+00
       697    0.0000000e+00
       698    0.0000000e+00
       699    0.0000000e+00
       700    0.0000000e+00
       701    0.0000000e+00
       702    0.0000000e+00
       703    0.0000000e+00
       704    0.0000000e+00
       705    0.0000000e+00
       706    0.0000000e+00
       707    0.0000000e+00
       708    0.0000000e+00
       709    0.0000000e+00
       710    0.0000000e+00
       711    0.0000000e+00
       712    0.0000000e+00
       713    0.0000000e+00
       714    0.0000000e+00
       715    0.0000000e+00
       716    0.0000000e+00
       717    0.0000000e+00
       718    0.0000000e+00
       719    0.0000000e+00
       720    0.0000000e+00
       721    0.0000000e+00
       722    0.0000000e+00
       723    0.0000000e+00
       724    0.0000000e+00
       725    0.0000000e+00
       726    0.0000000e+00
       727    0.0000000e+00
       728    0.0000000e+00
       729    0.0000000e+00
       730    0.0000000e+00
       731    0.0000000e+00
       732    0.0000000e+00
       733    0.0000000e+00
       734    0.0000000e+00
       735    0.0000000e+00
       736    0.0000000e+00
       737    0.0000000e+00
       738    0.0000000e+00
       739    0.0000000e+00
       740    0.0000000e+00
       741    0.0000000e+00
       742    0.0000000e+00
       743    0.0000000e+00
       744    0.0000000e+00
       745    0.0000000e+00
       746    0.0000000e+00
       747    0.0000000e+00
       748    0.0000000e+00
       749    0.0000000e+00
       750    0.0000000e+00
       751    0.0000000e+00
       752    0.0000000e+00
       753    0.0000000e+00
       754    0.0000000e+00
       755    0.0000000e+00
       756    0.0000000e+00
       757    0.0000000e+00
       758    0.0000000e+00
       759    0.0000000e+00
       760    0.0000000e+00
       761    0.0000000e+00
       762    0.0000000e+00
       763    0.0000000e+00
       764    0.0000000e+00
       765    0.0000000e+00
       766    0.0000000e+00
       767    0.0000000e+00
       768    0.0000000e+00
       769    0.0000000e+00
       770    0.0000000e+00
       771    0.0000000e+00
       772    0.0000000e+00
       773    0.0000000e+00
       774    0.0000000e+00
       775    0.0000000e+00
       776    0.0000000e+00
       777    0.0000000e+00
       778    0.0000000e+00
       779    0.0000000e+00
       780    0.0000000e+00
       781    0.0000000e+00
       782    0.0000000e+00
       783    0.0000000e+00
       784    0.0000000e+00
       785    0.0000000e+00
       786    0.0000000e+00
       787    0.0000000e+00
       788    0.0000000e+00
       789    0.0000000e+00
       790    0.0000000e+00
       791    0.0000000e+00
       792    0.0000000e+00
       793    0.0000000e+00
       794    0.0000000e+00
       795    0.0000000e+00
       796    0.0000000e+00
       797    0.0000000e+00
       798    0.0000000e+00
       799    0.0000000e+00
       800    0.0000000e+00
       801    0.0000000e+00
       802    0.0000000e+00
       803    0.0000000e+00
       804    0.0000000e+00
       805    0.0000000e+00
       806    0.0000000e+00
       807    0.0000000e+00
       808    0.0000000e+00
       809    0.0000000e+00
       810    0.0000000e+00
       811    0.0000000e+00
       812    0.0000000e+00
       813    0.0000000e+00
       814    0.0000000e+00
       815    0.0000000e+00
       816    0.0000000e+00
       817    0.0000000e+00
       818    0.0000000e+00
       819    0.0000000e+00
       820    0.0000000e+00
       821    0.0000000e+00
       822    0.0000000e+00
       823    0.0000000e+00
       824    0.0000000e+00
       825    0.0000000e+00
       826    0.0000000e+00
       827    0.0000000e+00
       828    0.0000000e+00
       829    0.0000000e+00
       830    0.0000000e+00
       831    0.0000000e+00
       832    0.0000000e+00
       833    0.0000000e+00
       834    0.0000000e+00
       835    0.0000000e+00
       836    0.0000000e+00
       837    0.0000000e+00
       838    0.0000000e+00
       839    0.0000000e+00
       840    0.0000000e+00
       841    0.0000000e+00
       842    0.0000000e+00
       843    0.0000000e+00
       844    0.0000000e+00
       845    0.0000000e+00
       846    0.0000000e+00
       847    0.0000000e+00
       848    0.0000000e+00
       849    0.0000000e+00
       850    0.0000000e+00
       851    0.0000000e+00
       852    0.0000000e+00
       853    0.0000000e+00
       854    0.0000000e+00
       855    0.0000000e+00
       856    0.0000000e+00
       857    0.0000000e+00
       858    0.0000000e+00
       859    0.0000000e+00
       860    0.0000000e+00
       861    0.0000000e+00
       862    0.0000000e+00
       863    0.0000000e+00
       864    0.0000000e+00
       865    0.0000000e+00
       866    0.0000000e+00
       867    0.0000000e+00
       868    0.0000000e+00
       869    0.0000000e+00
       870    0.0000000e+00
       871    0.0000000e+00
       872    0.0000000e+00
       873    0.0000000e+00
       874    0.0000000e+00
       875    0.0000000e+00
       876    0.0000000e+00
       877    0.0000000e+00
       878    0.0000000e+00
       879    0.0000000e+00
       880    0.0000000e+00
       881    0.0000000e+00
       882    0.0000000e+00
       883    0.0000000e+00
       884    0.0000000e+00
       885    0.0000000e+00
       886    0.0000000e+00
       887    0.0000000e+00
       888    0.0000000e+00
       889    0.0000000e+00
       890    0.0000000e+00
       891    0.0000000e+00
       892    0.0000000e+00
       893    0.0000000e+00
       894    0.0000000e+00
       895    0.0000000e+00
       896    0.0000000e+00
       897    0.0000000e+00
       898    0.0000000e+00
       899    0.0000000e+00
       900    0.0000000e+00
       901    0.0000000e+00
       902    0.0000000e+00
       903    0.0000000e+00
       904    0.0000000e+00
       905    0.0000000e+00
       906    0.0000000e+00
       907    0.0000000e+00
       908    0.0000000e+00
       909    0.0000000e+00
       910    0.0000000e+00
       911    0.0000000e+00
       912    0.0000000e+00
       913    0.0000000e+00
       914    0.0000000e+00
       915    0.0000000e+00
       916    0.0000000e+00
       917    0.0000000e+00
       918    0.0000000e+00
       919    0.0000000e+00
       920    0.0000000e+00
       921    0.0000000e+00
       922    0.0000000e+00
       923    0.0000000e+00
       924    0.0000000e+00
       925    0.0000000e+00
       926    0.0000000e+00
       927    0.0000000e+00
       928    0.0000000e+00
       929    0.0000000e+00
       930    0.0000000e+00
       931    0.0000000e+00
       932    0.0000000e+00
       933    0.0000000e+00
       934    0.0000000e+00
       935    0.0000000e+00
       936    0.0000000e+00
       937    0.0000000e+00
       938    0.0000000e+00
       939    0.0000000e+00
       940    0.0000000e+00
       941    0.0000000e+00
       942    0.0000000e+00
       943    0.0000000e+00
       944    0.0000000e+00
       945    0.0000000e+00
       946    0.0000000e+00
       947    0.0000000e+00
       948    0.0000000e+00
       949    0.0000000e+00
       950    0.0000000e+00
       951    0.0000000e+00
       952    0.0000000e+00
       953    0.0000000e+00
       954    0.0000000e+00
       955    0.0000000e+00
       956    0.0000000e+00
       957    0.0000000e+00
       958    0.0000000e+00
       959    0.0000000e+00
       960    0.0000000e+00
       961    0.0000000e+00
       962    0.0000000e+00
       963    0.0000000e+00
       964    0.0000000e+00
       965    0.0000000e+00
       966    0.0000000e+00
       967    0.0000000e+00
       968    0.0000000e+00
       969    0.0000000e+00
       970    0.0000000e+00
       971    0.0000000e+00
       972    0.0000000e+00
       973    0.0000000e+00
       974    0.0000000e+00
       975    0.0000000e+00
       976    0.0000000e+00
       977    0.0000000e+00
       978    0.0000000e+00
       979    0.0000000e+00
       980    0.0000000e+00
       981    0.0000000e+00
       982    0.0000000e+00
       983    0.0000000e+00
       984    0.0000000e+00
       985    0.0000000e+00
       986    0.0000000e+00
       987    0.0000000e+00
       988    0.0000000e+00
       989    0.0000000e+00
       990    0.0000000e+00
       991    0.0000000e+00
       992    0.0000000e+00
       993    0.0000000e+00
       994    0.0000000e+00
       995    0.0000000e+00
       996    0.0000000e+00
       997    0.0000000e+00
       998    0.0000000e+00
       999    0.0000000e+00
      1000    0.0000000e+00
      1001    0.0000000e+00
      1002    0.0000000e+00
      1003    0.0000000e+00
      1004    0.0000000e+00
      1005    0.0000000e+00
      1006    0.0000000e+00
      1007    0.0000000e+00
      1008    0.0000000e+00
      1009    0.0000000e+00
      1010    0.0000000e+00
      1011    0.0000000e+00
      1012    0.0000000e+00
      1013    0.0000000e+00
      1014    0.0000000e+00
      1015    0.0000000e+00
      1016    0.0000000e+00
      1017    0.0000000e+00
      1018    0.0000000e+00
      1019    0.0000000e+00
      1020    0.0000000e+00
      1021    0.0000000e+00
      1022    0.0000000e+00
      1023    0.0000000e+00
      1024    0.0000000e+00
