         1    9.9999803e-01
         2    9.9999791e-01
         3    9.9999774e-01
         4    9.9999750e-01
         5    9.9999714e-01
         6    9.9999660e-01
         7    9.9999589e-01
         8    9.9999499e-01
         9    9.9999380e-01
        10    9.9999231e-01
        11    9.9999028e-01
        12    9.9998772e-01
        13    9.9998444e-01
        14    9.9998015e-01
        15    9.9997461e-01
        16    9.9996746e-01
        17    9.9995810e-01
        18    9.9994600e-01
        19    9.9993020e-01
        20    9.9990970e-01
        21    9.9988306e-01
        22    9.9984831e-01
        23    9.9980301e-01
        24    9.9974394e-01
        25    9.9966687e-01
        26    9.9956620e-01
        27    9.9943471e-01
        28    9.9926281e-01
        29    9.9903816e-01
        30    9.9874431e-01
        31    9.9835992e-01
        32    9.9785703e-01
        33    9.9719906e-01
        34    9.9633807e-01
        35    9.9521178e-01
        36    9.9373877e-01
        37    9.9181342e-01
        38    9.8929864e-01
        39    9.8601776e-01
        40    9.8174399e-01
        41    9.7618854e-01
        42    9.6898735e-01
        43    9.5968759e-01
        44    9.4773626e-01
        45    9.3247461e-01
        46    9.1314423e-01
        47    8.8891423e-01
        48    8.5893852e-01
        49    8.2245409e-01
        50    7.7892292e-01
        51    7.2820604e-01
        52    6.7073780e-01
        53    6.0764277e-01
        54    5.4073203e-01
        55    4.7233814e-01
        56    4.0500721e-01
        57    3.4112677e-01
        58    2.8260237e-01
        59    2.3066986e-01
        60    1.8586931e-01
        61    1.4814705e-01
        62    1.1702345e-01
        63    9.1768786e-02
        64    7.1549915e-02
        65    5.5534597e-02
        66    4.2954691e-02
        67    3.3137243e-02
        68    2.5513723e-02
        69    1.9616207e-02
        70    1.5066846e-02
        71    1.1564805e-02
        72    8.8730725e-03
        73    6.8063731e-03
        74    5.2207196e-03
        75    4.0046955e-03
        76    3.0723657e-03
        77    2.3576056e-03
        78    1.8096199e-03
        79    1.3894377e-03
        80    1.0671837e-03
        81    8.1996777e-04
        82    6.3025759e-04
        83    4.8462613e-04
        84    3.7279029e-04
        85    2.8687404e-04
        86    2.2084374e-04
        87    1.7007603e-04
        88    1.3102707e-04
        89    1.0097961e-04
        90    7.7849305e-05
        91    6.0036746e-05
        92    4.6314082e-05
        93    3.5738303e-05
        94    2.7584851e-05
        95    2.1296757e-05
        96    1.6445698e-05
        97    1.2702133e-05
        98    9.8124083e-06
        99    7.5812040e-06
       100    5.8580508e-06
       101    4.5269858e-06
       102    3.4986040e-06
       103    2.7039507e-06
       104    2.0898244e-06
       105    1.6151646e-06
       106    1.2482706e-06
       107    9.6466147e-07
       108    7.4542658e-07
       109    5.7595486e-07
       110    4.4495462e-07
       111    3.4369813e-07
       112    2.6543833e-07
       113    2.0495864e-07
       114    1.5822549e-07
       115    1.2211981e-07
       116    9.4229634e-08
       117    7.2689723e-08
       118    5.6057715e-08
       119    4.3218307e-08
       120    3.3309139e-08
       121    2.5663493e-08
       122    1.9765988e-08
       123    1.5218276e-08
       124    1.1712523e-08
       125    9.0108827e-09
       126    6.9296311e-09
       127    5.3268763e-09
       128    4.0930641e-09
       129    3.1436307e-09
       130    2.4133204e-09
       131    1.8517918e-09
       132    1.4202209e-09
       133    1.0886766e-09
       134    8.3409074e-10
       135    6.3869149e-10
       136    4.8879167e-10
       137    3.7385434e-10
       138    2.8577060e-10
       139    2.1830282e-10
       140    1.6665468e-10
       141    1.2713970e-10
       142    9.6925745e-11
       143    7.3837943e-11
       144    5.6206977e-11
       145    4.2752191e-11
       146    3.2491589e-11
       147    2.4672564e-11
       148    1.8718648e-11
       149    1.4188524e-11
       150    1.0744539e-11
       151    8.1285144e-12
       152    6.1431645e-12
       153    4.6378335e-12
       154    3.4975551e-12
       155    2.6346590e-12
       156    1.9823425e-12
       157    1.4897429e-12
       158    1.1181655e-12
       159    8.3819838e-13
       160    6.2750521e-13
       161    4.6913894e-13
       162    3.5025406e-13
       163    2.6112380e-13
       164    1.9439073e-13
       165    1.4449564e-13
       166    1.0724288e-13
       167    7.9469702e-14
       168    5.8794807e-14
       169    4.3427593e-14
       170    3.2023402e-14
       171    2.3573808e-14
       172    1.7323619e-14
       173    1.2708092e-14
       174    9.3055395e-15
       175    6.8015695e-15
       176    4.9621545e-15
       177    3.6133710e-15
       178    2.6261753e-15
       179    1.9049871e-15
       180    1.3791323e-15
       181    9.9644702e-16
       182    7.1849877e-16
       183    5.1702409e-16
       184    3.7127717e-16
       185    2.6605930e-16
       186    1.9025746e-16
       187    1.3576215e-16
       188    9.6667476e-17
       189    6.8681210e-17
       190    4.8690346e-17
       191    3.4441885e-17
       192    2.4308719e-17
       193    1.7118303e-17
       194    1.2027498e-17
       195    8.4313792e-18
       196    5.8968982e-18
       197    4.1147516e-18
       198    2.8645209e-18
       199    1.9894932e-18
       200    1.3785067e-18
       201    9.5289563e-19
       202    6.5712200e-19
       203    4.5206977e-19
       204    3.1025461e-19
       205    2.1241207e-19
       206    1.4507189e-19
       207    9.8838377e-20
       208    6.7174045e-20
       209    4.5541398e-20
       210    3.0798942e-20
       211    2.0777127e-20
       212    1.3981422e-20
       213    9.3848932e-21
       214    6.2837009e-21
       215    4.1966831e-21
       216    2.7957451e-21
       217    1.8577457e-21
       218    1.2313137e-21
       219    8.1403231e-22
       220    5.3678670e-22
       221    3.5305792e-22
       222    2.3161739e-22
       223    1.5155645e-22
       224    9.8912883e-23
       225    6.4387812e-23
       226    4.1804598e-23
       227    2.7071447e-23
       228    1.7484905e-23
       229    1.1263593e-23
       230    7.2368593e-24
       231    4.6374616e-24
       232    2.9639119e-24
       233    1.8893081e-24
       234    1.2011314e-24
       235    7.6159920e-25
       236    4.8162438e-25
       237    3.0376272e-25
       238    1.9107440e-25
       239    1.1987004e-25
       240    7.4999256e-26
       241    4.6799324e-26
       242    2.9124381e-26
       243    1.8076179e-26
       244    1.1188904e-26
       245    6.9071320e-27
       246    4.2524152e-27
       247    2.6109561e-27
       248    1.5987769e-27
       249    9.7633555e-28
       250    5.9460920e-28
       251    3.6114701e-28
       252    2.1875338e-28
       253    1.3214250e-28
       254    7.9605979e-29
       255    4.7825887e-29
       256    2.8654521e-29
       257    1.7121218e-29
       258    1.0202023e-29
       259    6.0624291e-30
       260    3.5926474e-30
       261    2.1231899e-30
       262    1.2513192e-30
       263    7.3544663e-31
       264    4.3105909e-31
       265    2.5195558e-31
       266    1.4686266e-31
       267    8.5368561e-32
       268    4.9486020e-32
       269    2.8606448e-32
       270    1.6490780e-32
       271    9.4801041e-33
       272    5.4347387e-33
       273    3.1069682e-33
       274    1.7712769e-33
       275    1.0069933e-33
       276    5.7089495e-34
       277    3.2275597e-34
       278    1.8196161e-34
       279    1.0229909e-34
       280    5.7352088e-35
       281    3.2063523e-35
       282    1.7875439e-35
       283    9.9376762e-36
       284    5.5092767e-36
       285    3.0456855e-36
       286    1.6790180e-36
       287    9.2300593e-37
       288    5.0597798e-37
       289    2.7658952e-37
       290    1.5077039e-37
       291    8.1954274e-38
       292    4.4422350e-38
       293    2.4010705e-38
       294    1.2941391e-38
       295    6.9555047e-39
       296    3.7277538e-39
       297    1.9922120e-39
       298    1.0616784e-39
       299    5.6418098e-40
       300    2.9895862e-40
       301    1.5796697e-40
       302    8.3231524e-41
       303    4.3728920e-41
       304    2.2909829e-41
       305    1.1968490e-41
       306    6.2343769e-42
       307    3.2369995e-42
       308    1.6759530e-42
       309    8.6460115e-43
       310    4.4421161e-43
       311    2.2701035e-43
       312    1.1490647e-43
       313    5.8854536e-44
       314    2.9427268e-44
       315    1.4012985e-44
       316    5.6051939e-45
       317    1.4012985e-45
       318    0.0000000e+00
       319    0.0000000e+00
       320    0.0000000e+00
       321    0.0000000e+00
       322    0.0000000e+00
       323    0.0000000e+00
       324    0.0000000e+00
       325    0.0000000e+00
       326    0.0000000e+00
       327    0.0000000e+00
       328    0.0000000e+00
       329    0.0000000e+00
       330    0.0000000e+00
       331    0.0000000e+00
       332    0.0000000e+00
       333    0.0000000e+00
       334    0.0000000e+00
       335    0.0000000e+00
       336    0.0000000e+00
       337    0.0000000e+00
       338    0.0000000e+00
       339    0.0000000e+00
       340    0.0000000e+00
       341    0.0000000e+00
       342    0.0000000e+00
       343    0.0000000e+00
       344    0.0000000e+00
       345    0.0000000e+00
       346    0.0000000e+00
       347    0.0000000e+00
       348    0.0000000e+00
       349    0.0000000e+00
       350    0.0000000e+00
       351    0.0000000e+00
       352    0.0000000e+00
       353    0.0000000e+00
       354    0.0000000e+00
       355    0.0000000e+00
       356    0.0000000e+00
       357    0.0000000e+00
       358    0.0000000e+00
       359    0.0000000e+00
       360    0.0000000e+00
       361    0.0000000e+00
       362    0.0000000e+00
       363    0.0000000e+00
       364    0.0000000e+00
       365    0.0000000e+00
       366    0.0000000e+00
       367    0.0000000e+00
       368    0.0000000e+00
       369    0.0000000e+00
       370    0.0000000e+00
       371    0.0000000e+00
       372    0.0000000e+00
       373    0.0000000e+00
       374    0.0000000e+00
       375    0.0000000e+00
       376    0.0000000e+00
       377    0.0000000e+00
       378    0.0000000e+00
       379    0.0000000e+00
       380    0.0000000e+00
       381    0.0000000e+00
       382    0.0000000e+00
       383    0.0000000e+00
       384    0.0000000e+00
       385    0.0000000e+00
       386    0.0000000e+00
       387    0.0000000e+00
       388    0.0000000e+00
       389    0.0000000e+00
       390    0.0000000e+00
       391    0.0000000e+00
       392    0.0000000e+00
       393    0.0000000e+00
       394    0.0000000e+00
       395    0.0000000e+00
       396    0.0000000e+00
       397    0.0000000e+00
       398    0.0000000e+00
       399    0.0000000e+00
       400    0.0000000e+00
       401    0.0000000e+00
       402    0.0000000e+00
       403    0.0000000e+00
       404    0.0000000e+00
       405    0.0000000e+00
       406    0.0000000e+00
       407    0.0000000e+00
       408    0.0000000e+00
       409    0.0000000e+00
       410    0.0000000e+00
       411    0.0000000e+00
       412    0.0000000e+00
       413    0.0000000e+00
       414    0.0000000e+00
       415    0.0000000e+00
       416    0.0000000e+00
       417    0.0000000e+00
       418    0.0000000e+00
       419    0.0000000e+00
       420    0.0000000e+00
       421    0.0000000e+00
       422    0.0000000e+00
       423    0.0000000e+00
       424    0.0000000e+00
       425    0.0000000e+00
       426    0.0000000e+00
       427    0.0000000e+00
       428    0.0000000e+00
       429    0.0000000e+00
       430    0.0000000e+00
       431    0.0000000e+00
       432    0.0000000e+00
       433    0.0000000e+00
       434    0.0000000e+00
       435    0.0000000e+00
       436    0.0000000e+00
       437    0.0000000e+00
       438    0.0000000e+00
       439    0.0000000e+00
       440    0.0000000e+00
       441    0.0000000e+00
       442    0.0000000e+00
       443    0.0000000e+00
       444    0.0000000e+00
       445    0.0000000e+00
       446    0.0000000e+00
       447    0.0000000e+00
       448    0.0000000e+00
       449    0.0000000e+00
       450    0.0000000e+00
       451    0.0000000e+00
       452    0.0000000e+00
       453    0.0000000e+00
       454    0.0000000e+00
       455    0.0000000e+00
       456    0.0000000e+00
       457    0.0000000e+00
       458    0.0000000e+00
       459    0.0000000e+00
       460    0.0000000e+00
       461    0.0000000e+00
       462    0.0000000e+00
       463    0.0000000e+00
       464    0.0000000e+00
       465    0.0000000e+00
       466    0.0000000e+00
       467    0.0000000e+00
       468    0.0000000e+00
       469    0.0000000e+00
       470    0.0000000e+00
       471    0.0000000e+00
       472    0.0000000e+00
       473    0.0000000e+00
       474    0.0000000e+00
       475    0.0000000e+00
       476    0.0000000e+00
       477    0.0000000e+00
       478    0.0000000e+00
       479    0.0000000e+00
       480    0.0000000e+00
       481    0.0000000e+00
       482    0.0000000e+00
       483    0.0000000e+00
       484    0.0000000e+00
       485    0.0000000e+00
       486    0.0000000e+00
       487    0.0000000e+00
       488    0.0000000e+00
       489    0.0000000e+00
       490    0.0000000e+00
       491    0.0000000e+00
       492    0.0000000e+00
       493    0.0000000e+00
       494    0.0000000e+00
       495    0.0000000e+00
       496    0.0000000e+00
       497    0.0000000e+00
       498    0.0000000e+00
       499    0.0000000e+00
       500    0.0000000e+00
       501    0.0000000e+00
       502    0.0000000e+00
       503    0.0000000e+00
       504    0.0000000e+00
       505    0.0000000e+00
       506    0.0000000e+00
       507    0.0000000e+00
       508    0.0000000e+00
       509    0.0000000e+00
       510    0.0000000e+00
       511    0.0000000e+00
       512    0.0000000e+00
       513    0.0000000e+00
       514    0.0000000e+00
       515    0.0000000e+00
       516    0.0000000e+00
       517    0.0000000e+00
       518    0.0000000e+00
       519    0.0000000e+00
       520    0.0000000e+00
       521    0.0000000e+00
       522    0.0000000e+00
       523    0.0000000e+00
       524    0.0000000e+00
       525    0.0000000e+00
       526    0.0000000e+00
       527    0.0000000e+00
       528    0.0000000e+00
       529    0.0000000e+00
       530    0.0000000e+00
       531    0.0000000e+00
       532    0.0000000e+00
       533    0.0000000e+00
       534    0.0000000e+00
       535    0.0000000e+00
       536    0.0000000e+00
       537    0.0000000e+00
       538    0.0000000e+00
       539    0.0000000e+00
       540    0.0000000e+00
       541    0.0000000e+00
       542    0.0000000e+00
       543    0.0000000e+00
       544    0.0000000e+00
       545    0.0000000e+00
       546    0.0000000e+00
       547    0.0000000e+00
       548    0.0000000e+00
       549    0.0000000e+00
       550    0.0000000e+00
       551    0.0000000e+00
       552    0.0000000e+00
       553    0.0000000e+00
       554    0.0000000e+00
       555    0.0000000e+00
       556    0.0000000e+00
       557    0.0000000e+00
       558    0.0000000e+00
       559    0.0000000e+00
       560    0.0000000e+00
       561    0.0000000e+00
       562    0.0000000e+00
       563    0.0000000e+00
       564    0.0000000e+00
       565    0.0000000e+00
       566    0.0000000e+00
       567    0.0000000e+00
       568    0.0000000e+00
       569    0.0000000e+00
       570    0.0000000e+00
       571    0.0000000e+00
       572    0.0000000e+00
       573    0.0000000e+00
       574    0.0000000e+00
       575    0.0000000e+00
       576    0.0000000e+00
       577    0.0000000e+00
       578    0.0000000e+00
       579    0.0000000e+00
       580    0.0000000e+00
       581    0.0000000e+00
       582    0.0000000e+00
       583    0.0000000e+00
       584    0.0000000e+00
       585    0.0000000e+00
       586    0.0000000e+00
       587    0.0000000e+00
       588    0.0000000e+00
       589    0.0000000e+00
       590    0.0000000e+00
       591    0.0000000e+00
       592    0.0000000e+00
       593    0.0000000e+00
       594    0.0000000e+00
       595    0.0000000e+00
       596    0.0000000e+00
       597    0.0000000e+00
       598    0.0000000e+00
       599    0.0000000e+00
       600    0.0000000e+00
       601    0.0000000e+00
       602    0.0000000e+00
       603    0.0000000e+00
       604    0.0000000e+00
       605    0.0000000e+00
       606    0.0000000e+00
       607    0.0000000e+00
       608    0.0000000e+00
       609    0.0000000e+00
       610    0.0000000e+00
       611    0.0000000e+00
       612    0.0000000e+00
       613    0.0000000e+00
       614    0.0000000e+00
       615    0.0000000e+00
       616    0.0000000e+00
       617    0.0000000e+00
       618    0.0000000e+00
       619    0.0000000e+00
       620    0.0000000e+00
       621    0.0000000e+00
       622    0.0000000e+00
       623    0.0000000e+00
       624    0.0000000e+00
       625    0.0000000e+00
       626    0.0000000e+00
       627    0.0000000e+00
       628    0.0000000e+00
       629    0.0000000e+00
       630    0.0000000e+00
       631    0.0000000e+00
       632    0.0000000e+00
       633    0.0000000e+00
       634    0.0000000e+00
       635    0.0000000e+00
       636    0.0000000e+00
       637    0.0000000e+00
       638    0.0000000e+00
       639    0.0000000e+00
       640    0.0000000e+00
       641    0.0000000e+00
       642    0.0000000e+00
       643    0.0000000e+00
       644    0.0000000e+00
       645    0.0000000e+00
       646    0.0000000e+00
       647    0.0000000e+00
       648    0.0000000e+00
       649    0.0000000e+00
       650    0.0000000e+00
       651    0.0000000e+00
       652    0.0000000e+00
       653    0.0000000e+00
       654    0.0000000e+00
       655    0.0000000e+00
       656    0.0000000e+00
       657    0.0000000e+00
       658    0.0000000e+00
       659    0.0000000e+00
       660    0.0000000e+00
       661    0.0000000e+00
       662    0.0000000e+00
       663    0.0000000e+00
       664    0.0000000e+00
       665    0.0000000e+00
       666    0.0000000e+00
       667    0.0000000e+00
       668    0.0000000e+00
       669    0.0000000e+00
       670    0.0000000e+00
       671    0.0000000e+00
       672    0.0000000e+00
       673    0.0000000e+00
       674    0.0000000e+00
       675    0.0000000e+00
       676    0.0000000e+00
       677    0.0000000e+00
       678    0.0000000e+00
       679    0.0000000e+00
       680    0.0000000e+00
       681    0.0000000e+00
       682    0.0000000e+00
       683    0.0000000e+00
       684    0.0000000e+00
       685    0.0000000e+00
       686    0.0000000e+00
       687    0.0000000e+00
       688    0.0000000e+00
       689    0.0000000e+00
       690    0.0000000e+00
       691    0.0000000e+00
       692    0.0000000e+00
       693    0.0000000e+00
       694    0.0000000e+00
       695    0.0000000e+00
       696    0.0000000e+00
       697    0.0000000e+00
       698    0.0000000e+00
       699    0.0000000e+00
       700    0.0000000e+00
       701    0.0000000e+00
       702    0.0000000e+00
       703    0.0000000e+00
       704    0.0000000e+00
       705    0.0000000e+00
       706    0.0000000e+00
       707    0.0000000e+00
       708    0.0000000e+00
       709    0.0000000e+00
       710    0.0000000e+00
       711    0.0000000e+00
       712    0.0000000e+00
       713    0.0000000e+00
       714    0.0000000e+00
       715    0.0000000e+00
       716    0.0000000e+00
       717    0.0000000e+00
       718    0.0000000e+00
       719    0.0000000e+00
       720    0.0000000e+00
       721    0.0000000e+00
       722    0.0000000e+00
       723    0.0000000e+00
       724    0.0000000e+00
       725    0.0000000e+00
       726    0.0000000e+00
       727    0.0000000e+00
       728    0.0000000e+00
       729    0.0000000e+00
       730    0.0000000e+00
       731    0.0000000e+00
       732    0.0000000e+00
       733    0.0000000e+00
       734    0.0000000e+00
       735    0.0000000e+00
       736    0.0000000e+00
       737    0.0000000e+00
       738    0.0000000e+00
       739    0.0000000e+00
       740    0.0000000e+00
       741    0.0000000e+00
       742    0.0000000e+00
       743    0.0000000e+00
       744    0.0000000e+00
       745    0.0000000e+00
       746    0.0000000e+00
       747    0.0000000e+00
       748    0.0000000e+00
       749    0.0000000e+00
       750    0.0000000e+00
       751    0.0000000e+00
       752    0.0000000e+00
       753    0.0000000e+00
       754    0.0000000e+00
       755    0.0000000e+00
       756    0.0000000e+00
       757    0.0000000e+00
       758    0.0000000e+00
       759    0.0000000e+00
       760    0.0000000e+00
       761    0.0000000e+00
       762    0.0000000e+00
       763    0.0000000e+00
       764    0.0000000e+00
       765    0.0000000e+00
       766    0.0000000e+00
       767    0.0000000e+00
       768    0.0000000e+00
       769    0.0000000e+00
       770    0.0000000e+00
       771    0.0000000e+00
       772    0.0000000e+00
       773    0.0000000e+00
       774    0.0000000e+00
       775    0.0000000e+00
       776    0.0000000e+00
       777    0.0000000e+00
       778    0.0000000e+00
       779    0.0000000e+00
       780    0.0000000e+00
       781    0.0000000e+00
       782    0.0000000e+00
       783    0.0000000e+00
       784    0.0000000e+00
       785    0.0000000e+00
       786    0.0000000e+00
       787    0.0000000e+00
       788    0.0000000e+00
       789    0.0000000e+00
       790    0.0000000e+00
       791    0.0000000e+00
       792    0.0000000e+00
       793    0.0000000e+00
       794    0.0000000e+00
       795    0.0000000e+00
       796    0.0000000e+00
       797    0.0000000e+00
       798    0.0000000e+00
       799    0.0000000e+00
       800    0.0000000e+00
       801    0.0000000e+00
       802    0.0000000e+00
       803    0.0000000e+00
       804    0.0000000e+00
       805    0.0000000e+00
       806    0.0000000e+00
       807    0.0000000e+00
       808    0.0000000e+00
       809    0.0000000e+00
       810    0.0000000e+00
       811    0.0000000e+00
       812    0.0000000e+00
       813    0.0000000e+00
       814    0.0000000e+00
       815    0.0000000e+00
       816    0.0000000e+00
       817    0.0000000e+00
       818    0.0000000e+00
       819    0.0000000e+00
       820    0.0000000e+00
       821    0.0000000e+00
       822    0.0000000e+00
       823    0.0000000e+00
       824    0.0000000e+00
       825    0.0000000e+00
       826    0.0000000e+00
       827    0.0000000e+00
       828    0.0000000e+00
       829    0.0000000e+00
       830    0.0000000e+00
       831    0.0000000e+00
       832    0.0000000e+00
       833    0.0000000e+00
       834    0.0000000e+00
       835    0.0000000e+00
       836    0.0000000e+00
       837    0.0000000e+00
       838    0.0000000e+00
       839    0.0000000e+00
       840    0.0000000e+00
       841    0.0000000e+00
       842    0.0000000e+00
       843    0.0000000e+00
       844    0.0000000e+00
       845    0.0000000e+00
       846    0.0000000e+00
       847    0.0000000e+00
       848    0.0000000e+00
       849    0.0000000e+00
       850    0.0000000e+00
       851    0.0000000e+00
       852    0.0000000e+00
       853    0.0000000e+00
       854    0.0000000e+00
       855    0.0000000e+00
       856    0.0000000e+00
       857    0.0000000e+00
       858    0.0000000e+00
       859    0.0000000e+00
       860    0.0000000e+00
       861    0.0000000e+00
       862    0.0000000e+00
       863    0.0000000e+00
       864    0.0000000e+00
       865    0.0000000e+00
       866    0.0000000e+00
       867    0.0000000e+00
       868    0.0000000e+00
       869    0.0000000e+00
       870    0.0000000e+00
       871    0.0000000e+00
       872    0.0000000e+00
       873    0.0000000e+00
       874    0.0000000e+00
       875    0.0000000e+00
       876    0.0000000e+00
       877    0.0000000e+00
       878    0.0000000e+00
       879    0.0000000e+00
       880    0.0000000e+00
       881    0.0000000e+00
       882    0.0000000e+00
       883    0.0000000e+00
       884    0.0000000e+00
       885    0.0000000e+00
       886    0.0000000e+00
       887    0.0000000e+00
       888    0.0000000e+00
       889    0.0000000e+00
       890    0.0000000e+00
       891    0.0000000e+00
       892    0.0000000e+00
       893    0.0000000e+00
       894    0.0000000e+00
       895    0.0000000e+00
       896    0.0000000e+00
       897    0.0000000e+00
       898    0.0000000e+00
       899    0.0000000e+00
       900    0.0000000e+00
       901    0.0000000e+00
       902    0.0000000e+00
       903    0.0000000e+00
       904    0.0000000e+00
       905    0.0000000e+00
       906    0.0000000e+00
       907    0.0000000e+00
       908    0.0000000e+00
       909    0.0000000e+00
       910    0.0000000e+00
       911    0.0000000e+00
       912    0.0000000e+00
       913    0.0000000e+00
       914    0.0000000e+00
       915    0.0000000e+00
       916    0.0000000e+00
       917    0.0000000e+00
       918    0.0000000e+00
       919    0.0000000e+00
       920    0.0000000e+00
       921    0.0000000e+00
       922    0.0000000e+00
       923    0.0000000e+00
       924    0.0000000e+00
       925    0.0000000e+00
       926    0.0000000e+00
       927    0.0000000e+00
       928    0.0000000e+00
       929    0.0000000e+00
       930    0.0000000e+00
       931    0.0000000e+00
       932    0.0000000e+00
       933    0.0000000e+00
       934    0.0000000e+00
       935    0.0000000e+00
       936    0.0000000e+00
       937    0.0000000e+00
       938    0.0000000e+00
       939    0.0000000e+00
       940    0.0000000e+00
       941    0.0000000e+00
       942    0.0000000e+00
       943    0.0000000e+00
       944    0.0000000e+00
       945    0.0000000e+00
       946    0.0000000e+00
       947    0.0000000e+00
       948    0.0000000e+00
       949    0.0000000e+00
       950    0.0000000e+00
       951    0.0000000e+00
       952    0.0000000e+00
       953    0.0000000e+00
       954    0.0000000e+00
       955    0.0000000e+00
       956    0.0000000e+00
       957    0.0000000e+00
       958    0.0000000e+00
       959    0.0000000e+00
       960    0.0000000e+00
       961    0.0000000e+00
       962    0.0000000e+00
       963    0.0000000e+00
       964    0.0000000e+00
       965    0.0000000e+00
       966    0.0000000e+00
       967    0.0000000e+00
       968    0.0000000e+00
       969    0.0000000e+00
       970    0.0000000e+00
       971    0.0000000e+00
       972    0.0000000e+00
       973    0.0000000e+00
       974    0.0000000e+00
       975    0.0000000e+00
       976    0.0000000e+00
       977    0.0000000e+00
       978    0.0000000e+00
       979    0.0000000e+00
       980    0.0000000e+00
       981    0.0000000e+00
       982    0.0000000e+00
       983    0.0000000e+00
       984    0.0000000e+00
       985    0.0000000e+00
       986    0.0000000e+00
       987    0.0000000e+00
       988    0.0000000e+00
       989    0.0000000e+00
       990    0.0000000e+00
       991    0.0000000e+00
       992    0.0000000e+00
       993    0.0000000e+00
       994    0.0000000e+00
       995    0.0000000e+00
       996    0.0000000e+00
       997    0.0000000e+00
       998    0.0000000e+00
       999    0.0000000e+00
      1000    0.0000000e+00
      1001    0.0000000e+00
      1002    0.0000000e+00
      1003    0.0000000e+00
      1004    0.0000000e+00
      1005    0.0000000e+00
      1006    0.0000000e+00
      1007    0.0000000e+00
      1008    0.0000000e+00
      1009    0.0000000e+00
      1010    0.0000000e+00
      1011    0.0000000e+00
      1012    0.0000000e+00
      1013    0.0000000e+00
      1014    0.0000000e+00
      1015    0.0000000e+00
      1016    0.0000000e+00
      1017    0.0000000e+00
      1018    0.0000000e+00
      1019    0.0000000e+00
      1020    0.0000000e+00
      1021    0.0000000e+00
      1022    0.0000000e+00
      1023    0.0000000e+00
      1024    0.0000000e+00
