         1    9.9999905e-01
         2    9.9999905e-01
         3    9.9999905e-01
         4    9.9999905e-01
         5    9.9999905e-01
         6    9.9999905e-01
         7    9.9999905e-01
         8    9.9999905e-01
         9    9.9999905e-01
        10    9.9999905e-01
        11    9.9999905e-01
        12    9.9999899e-01
        13    9.9999887e-01
        14    9.9999863e-01
        15    9.9999833e-01
        16    9.9999797e-01
        17    9.9999744e-01
        18    9.9999666e-01
        19    9.9999571e-01
        20    9.9999446e-01
        21    9.9999285e-01
        22    9.9999076e-01
        23    9.9998802e-01
        24    9.9998444e-01
        25    9.9997979e-01
        26    9.9997371e-01
        27    9.9996579e-01
        28    9.9995548e-01
        29    9.9994195e-01
        30    9.9992424e-01
        31    9.9990118e-01
        32    9.9987096e-01
        33    9.9983138e-01
        34    9.9977958e-01
        35    9.9971181e-01
        36    9.9962300e-01
        37    9.9950665e-01
        38    9.9935418e-01
        39    9.9915445e-01
        40    9.9889255e-01
        41    9.9854922e-01
        42    9.9809921e-01
        43    9.9750930e-01
        44    9.9673605e-01
        45    9.9572277e-01
        46    9.9439549e-01
        47    9.9265766e-01
        48    9.9038428e-01
        49    9.8741347e-01
        50    9.8353684e-01
        51    9.7848833e-01
        52    9.7193074e-01
        53    9.6344233e-01
        54    9.5250410e-01
        55    9.3849123e-01
        56    9.2067450e-01
        57    8.9823890e-01
        58    8.7032908e-01
        59    8.3613372e-01
        60    7.9501289e-01
        61    7.4666560e-01
        62    6.9131106e-01
        63    6.2983382e-01
        64    5.6382900e-01
        65    4.9549335e-01
        66    4.2735702e-01
        67    3.6191782e-01
        68    3.0128586e-01
        69    2.4694142e-01
        70    1.9965507e-01
        71    1.5955392e-01
        72    1.2627628e-01
        73    9.9151887e-02
        74    7.7362187e-02
        75    6.0060211e-02
        76    4.6446998e-02
        77    3.5812423e-02
        78    2.7550522e-02
        79    2.1159032e-02
        80    1.6230362e-02
        81    1.2438870e-02
        82    9.5273918e-03
        83    7.2945920e-03
        84    5.5838600e-03
        85    4.2739664e-03
        86    3.2714095e-03
        87    2.5042654e-03
        88    1.9173191e-03
        89    1.4682441e-03
        90    1.1246275e-03
        91    8.6166582e-04
        92    6.6038803e-04
        93    5.0628837e-04
        94    3.8827697e-04
        95    2.9787578e-04
        96    2.2860327e-04
        97    1.7550361e-04
        98    1.3478695e-04
        99    1.0355446e-04
       100    7.9588266e-05
       101    6.1191065e-05
       102    4.7063539e-05
       103    3.6210684e-05
       104    2.7870323e-05
       105    2.1458392e-05
       106    1.6527174e-05
       107    1.2733324e-05
       108    9.8134560e-06
       109    7.5654302e-06
       110    5.8340579e-06
       111    4.5001493e-06
       112    3.4721236e-06
       113    2.6795890e-06
       114    2.0684174e-06
       115    1.5969713e-06
       116    1.2332084e-06
       117    9.5246190e-07
       118    7.3573534e-07
       119    5.6839377e-07
       120    4.3915867e-07
       121    3.3933500e-07
       122    2.6221736e-07
       123    2.0263307e-07
       124    1.5659066e-07
       125    1.2100924e-07
       126    9.3510202e-08
       127    7.2256661e-08
       128    5.5829805e-08
       129    4.3133490e-08
       130    3.3320724e-08
       131    2.5736940e-08
       132    1.9876209e-08
       133    1.5347439e-08
       134    1.1848296e-08
       135    9.1450376e-09
       136    7.0569484e-09
       137    5.4443072e-09
       138    4.1990886e-09
       139    3.2377776e-09
       140    2.4958087e-09
       141    1.9232729e-09
       142    1.4815927e-09
       143    1.1409546e-09
       144    8.7831969e-10
       145    6.7588829e-10
       146    5.1991045e-10
       147    3.9976686e-10
       148    3.0725775e-10
       149    2.3605323e-10
       150    1.8126803e-10
       151    1.3913283e-10
       152    1.0674023e-10
       153    8.1848271e-11
       154    6.2728711e-11
       155    4.8049745e-11
       156    3.6785439e-11
       157    2.8145765e-11
       158    2.1522575e-11
       159    1.6447925e-11
       160    1.2561893e-11
       161    9.5877646e-12
       162    7.3128873e-12
       163    5.5739159e-12
       164    4.2454373e-12
       165    3.2312109e-12
       166    2.4574182e-12
       167    1.8674697e-12
       168    1.4180076e-12
       169    1.0758299e-12
       170    8.1552619e-13
       171    6.1766195e-13
       172    4.6738134e-13
       173    3.5333650e-13
       174    2.6686468e-13
       175    2.0135754e-13
       176    1.5177758e-13
       177    1.1428758e-13
       178    8.5966783e-14
       179    6.4593852e-14
       180    4.8480744e-14
       181    3.6345743e-14
       182    2.7216531e-14
       183    2.0356152e-14
       184    1.5206564e-14
       185    1.1345615e-14
       186    8.4542579e-15
       187    6.2916218e-15
       188    4.6760450e-15
       189    3.4706684e-15
       190    2.5725007e-15
       191    1.9041252e-15
       192    1.4074179e-15
       193    1.0387910e-15
       194    7.6559867e-16
       195    5.6342022e-16
       196    4.1401160e-16
       197    3.0376116e-16
       198    2.2252696e-16
       199    1.6276270e-16
       200    1.1886126e-16
       201    8.6662369e-17
       202    6.3083738e-17
       203    4.5845089e-17
       204    3.3262047e-17
       205    2.4092300e-17
       206    1.7421006e-17
       207    1.2575542e-17
       208    9.0621573e-18
       209    6.5190009e-18
       210    4.6813207e-18
       211    3.3557315e-18
       212    2.4012154e-18
       213    1.7151180e-18
       214    1.2228407e-18
       215    8.7026804e-19
       216    6.1821256e-19
       217    4.3834777e-19
       218    3.1023486e-19
       219    2.1915333e-19
       220    1.5452056e-19
       221    1.0874274e-19
       222    7.6381018e-20
       223    5.3547246e-20
       224    3.7467175e-20
       225    2.6165107e-20
       226    1.8236760e-20
       227    1.2685933e-20
       228    8.8072981e-21
       229    6.1024571e-21
       230    4.2199257e-21
       231    2.9123212e-21
       232    2.0058785e-21
       233    1.3787879e-21
       234    9.4583307e-22
       235    6.4751894e-22
       236    4.4239304e-22
       237    3.0163305e-22
       238    2.0523970e-22
       239    1.3936470e-22
       240    9.4438793e-23
       241    6.3863320e-23
       242    4.3097633e-23
       243    2.9023755e-23
       244    1.9505163e-23
       245    1.3080939e-23
       246    8.7542561e-24
       247    5.8463961e-24
       248    3.8962219e-24
       249    2.5910953e-24
       250    1.7195121e-24
       251    1.1386944e-24
       252    7.5246651e-25
       253    4.9618459e-25
       254    3.2649274e-25
       255    2.1437598e-25
       256    1.4045888e-25
       257    9.1831353e-26
       258    5.9910066e-26
       259    3.9000830e-26
       260    2.5334454e-26
       261    1.6421443e-26
       262    1.0621149e-26
       263    6.8547337e-27
       264    4.4143535e-27
       265    2.8366096e-27
       266    1.8188066e-27
       267    1.1636612e-27
       268    7.4287942e-28
       269    4.7321712e-28
       270    3.0078187e-28
       271    1.9076145e-28
       272    1.2071912e-28
       273    7.6226640e-29
       274    4.8026566e-29
       275    3.0192506e-29
       276    1.8939064e-29
       277    1.1853823e-29
       278    7.4028301e-30
       279    4.6129148e-30
       280    2.8680740e-30
       281    1.7792685e-30
       282    1.1013561e-30
       283    6.8021814e-31
       284    4.1918114e-31
       285    2.5774336e-31
       286    1.5812640e-31
       287    9.6794678e-32
       288    5.9119108e-32
       289    3.6027380e-32
       290    2.1906092e-32
       291    1.3289961e-32
       292    8.0446697e-33
       293    4.8586715e-33
       294    2.9278633e-33
       295    1.7603831e-33
       296    1.0560534e-33
       297    6.3210037e-34
       298    3.7749123e-34
       299    2.2493011e-34
       300    1.3372340e-34
       301    7.9320522e-35
       302    4.6944122e-35
       303    2.7720031e-35
       304    1.6331356e-35
       305    9.5998866e-36
       306    5.6302097e-36
       307    3.2945561e-36
       308    1.9234564e-36
       309    1.1204185e-36
       310    6.5116344e-37
       311    3.7758160e-37
       312    2.1844494e-37
       313    1.2609065e-37
       314    7.2616094e-38
       315    4.1724508e-38
       316    2.3919789e-38
       317    1.3681398e-38
       318    7.8074661e-39
       319    4.4452424e-39
       320    2.5251426e-39
       321    1.4311349e-39
       322    8.0924286e-40
       323    4.5654164e-40
       324    2.5697011e-40
       325    1.4430712e-40
       326    8.0852119e-41
       327    4.5194678e-41
       328    2.5203754e-41
       329    1.4022794e-41
       330    7.7828117e-42
       331    4.3089928e-42
       332    2.3794048e-42
       333    1.3102141e-42
       334    7.2026741e-43
       335    3.9376487e-43
       336    2.1439867e-43
       337    1.1630777e-43
       338    6.1657132e-44
       339    3.2229865e-44
       340    1.6815582e-44
       341    7.0064923e-45
       342    2.8025969e-45
       343    0.0000000e+00
       344    0.0000000e+00
       345    0.0000000e+00
       346    0.0000000e+00
       347    0.0000000e+00
       348    0.0000000e+00
       349    0.0000000e+00
       350    0.0000000e+00
       351    0.0000000e+00
       352    0.0000000e+00
       353    0.0000000e+00
       354    0.0000000e+00
       355    0.0000000e+00
       356    0.0000000e+00
       357    0.0000000e+00
       358    0.0000000e+00
       359    0.0000000e+00
       360    0.0000000e+00
       361    0.0000000e+00
       362    0.0000000e+00
       363    0.0000000e+00
       364    0.0000000e+00
       365    0.0000000e+00
       366    0.0000000e+00
       367    0.0000000e+00
       368    0.0000000e+00
       369    0.0000000e+00
       370    0.0000000e+00
       371    0.0000000e+00
       372    0.0000000e+00
       373    0.0000000e+00
       374    0.0000000e+00
       375    0.0000000e+00
       376    0.0000000e+00
       377    0.0000000e+00
       378    0.0000000e+00
       379    0.0000000e+00
       380    0.0000000e+00
       381    0.0000000e+00
       382    0.0000000e+00
       383    0.0000000e+00
       384    0.0000000e+00
       385    0.0000000e+00
       386    0.0000000e+00
       387    0.0000000e+00
       388    0.0000000e+00
       389    0.0000000e+00
       390    0.0000000e+00
       391    0.0000000e+00
       392    0.0000000e+00
       393    0.0000000e+00
       394    0.0000000e+00
       395    0.0000000e+00
       396    0.0000000e+00
       397    0.0000000e+00
       398    0.0000000e+00
       399    0.0000000e+00
       400    0.0000000e+00
       401    0.0000000e+00
       402    0.0000000e+00
       403    0.0000000e+00
       404    0.0000000e+00
       405    0.0000000e+00
       406    0.0000000e+00
       407    0.0000000e+00
       408    0.0000000e+00
       409    0.0000000e+00
       410    0.0000000e+00
       411    0.0000000e+00
       412    0.0000000e+00
       413    0.0000000e+00
       414    0.0000000e+00
       415    0.0000000e+00
       416    0.0000000e+00
       417    0.0000000e+00
       418    0.0000000e+00
       419    0.0000000e+00
       420    0.0000000e+00
       421    0.0000000e+00
       422    0.0000000e+00
       423    0.0000000e+00
       424    0.0000000e+00
       425    0.0000000e+00
       426    0.0000000e+00
       427    0.0000000e+00
       428    0.0000000e+00
       429    0.0000000e+00
       430    0.0000000e+00
       431    0.0000000e+00
       432    0.0000000e+00
       433    0.0000000e+00
       434    0.0000000e+00
       435    0.0000000e+00
       436    0.0000000e+00
       437    0.0000000e+00
       438    0.0000000e+00
       439    0.0000000e+00
       440    0.0000000e+00
       441    0.0000000e+00
       442    0.0000000e+00
       443    0.0000000e+00
       444    0.0000000e+00
       445    0.0000000e+00
       446    0.0000000e+00
       447    0.0000000e+00
       448    0.0000000e+00
       449    0.0000000e+00
       450    0.0000000e+00
       451    0.0000000e+00
       452    0.0000000e+00
       453    0.0000000e+00
       454    0.0000000e+00
       455    0.0000000e+00
       456    0.0000000e+00
       457    0.0000000e+00
       458    0.0000000e+00
       459    0.0000000e+00
       460    0.0000000e+00
       461    0.0000000e+00
       462    0.0000000e+00
       463    0.0000000e+00
       464    0.0000000e+00
       465    0.0000000e+00
       466    0.0000000e+00
       467    0.0000000e+00
       468    0.0000000e+00
       469    0.0000000e+00
       470    0.0000000e+00
       471    0.0000000e+00
       472    0.0000000e+00
       473    0.0000000e+00
       474    0.0000000e+00
       475    0.0000000e+00
       476    0.0000000e+00
       477    0.0000000e+00
       478    0.0000000e+00
       479    0.0000000e+00
       480    0.0000000e+00
       481    0.0000000e+00
       482    0.0000000e+00
       483    0.0000000e+00
       484    0.0000000e+00
       485    0.0000000e+00
       486    0.0000000e+00
       487    0.0000000e+00
       488    0.0000000e+00
       489    0.0000000e+00
       490    0.0000000e+00
       491    0.0000000e+00
       492    0.0000000e+00
       493    0.0000000e+00
       494    0.0000000e+00
       495    0.0000000e+00
       496    0.0000000e+00
       497    0.0000000e+00
       498    0.0000000e+00
       499    0.0000000e+00
       500    0.0000000e+00
       501    0.0000000e+00
       502    0.0000000e+00
       503    0.0000000e+00
       504    0.0000000e+00
       505    0.0000000e+00
       506    0.0000000e+00
       507    0.0000000e+00
       508    0.0000000e+00
       509    0.0000000e+00
       510    0.0000000e+00
       511    0.0000000e+00
       512    0.0000000e+00
       513    0.0000000e+00
       514    0.0000000e+00
       515    0.0000000e+00
       516    0.0000000e+00
       517    0.0000000e+00
       518    0.0000000e+00
       519    0.0000000e+00
       520    0.0000000e+00
       521    0.0000000e+00
       522    0.0000000e+00
       523    0.0000000e+00
       524    0.0000000e+00
       525    0.0000000e+00
       526    0.0000000e+00
       527    0.0000000e+00
       528    0.0000000e+00
       529    0.0000000e+00
       530    0.0000000e+00
       531    0.0000000e+00
       532    0.0000000e+00
       533    0.0000000e+00
       534    0.0000000e+00
       535    0.0000000e+00
       536    0.0000000e+00
       537    0.0000000e+00
       538    0.0000000e+00
       539    0.0000000e+00
       540    0.0000000e+00
       541    0.0000000e+00
       542    0.0000000e+00
       543    0.0000000e+00
       544    0.0000000e+00
       545    0.0000000e+00
       546    0.0000000e+00
       547    0.0000000e+00
       548    0.0000000e+00
       549    0.0000000e+00
       550    0.0000000e+00
       551    0.0000000e+00
       552    0.0000000e+00
       553    0.0000000e+00
       554    0.0000000e+00
       555    0.0000000e+00
       556    0.0000000e+00
       557    0.0000000e+00
       558    0.0000000e+00
       559    0.0000000e+00
       560    0.0000000e+00
       561    0.0000000e+00
       562    0.0000000e+00
       563    0.0000000e+00
       564    0.0000000e+00
       565    0.0000000e+00
       566    0.0000000e+00
       567    0.0000000e+00
       568    0.0000000e+00
       569    0.0000000e+00
       570    0.0000000e+00
       571    0.0000000e+00
       572    0.0000000e+00
       573    0.0000000e+00
       574    0.0000000e+00
       575    0.0000000e+00
       576    0.0000000e+00
       577    0.0000000e+00
       578    0.0000000e+00
       579    0.0000000e+00
       580    0.0000000e+00
       581    0.0000000e+00
       582    0.0000000e+00
       583    0.0000000e+00
       584    0.0000000e+00
       585    0.0000000e+00
       586    0.0000000e+00
       587    0.0000000e+00
       588    0.0000000e+00
       589    0.0000000e+00
       590    0.0000000e+00
       591    0.0000000e+00
       592    0.0000000e+00
       593    0.0000000e+00
       594    0.0000000e+00
       595    0.0000000e+00
       596    0.0000000e+00
       597    0.0000000e+00
       598    0.0000000e+00
       599    0.0000000e+00
       600    0.0000000e+00
       601    0.0000000e+00
       602    0.0000000e+00
       603    0.0000000e+00
       604    0.0000000e+00
       605    0.0000000e+00
       606    0.0000000e+00
       607    0.0000000e+00
       608    0.0000000e+00
       609    0.0000000e+00
       610    0.0000000e+00
       611    0.0000000e+00
       612    0.0000000e+00
       613    0.0000000e+00
       614    0.0000000e+00
       615    0.0000000e+00
       616    0.0000000e+00
       617    0.0000000e+00
       618    0.0000000e+00
       619    0.0000000e+00
       620    0.0000000e+00
       621    0.0000000e+00
       622    0.0000000e+00
       623    0.0000000e+00
       624    0.0000000e+00
       625    0.0000000e+00
       626    0.0000000e+00
       627    0.0000000e+00
       628    0.0000000e+00
       629    0.0000000e+00
       630    0.0000000e+00
       631    0.0000000e+00
       632    0.0000000e+00
       633    0.0000000e+00
       634    0.0000000e+00
       635    0.0000000e+00
       636    0.0000000e+00
       637    0.0000000e+00
       638    0.0000000e+00
       639    0.0000000e+00
       640    0.0000000e+00
       641    0.0000000e+00
       642    0.0000000e+00
       643    0.0000000e+00
       644    0.0000000e+00
       645    0.0000000e+00
       646    0.0000000e+00
       647    0.0000000e+00
       648    0.0000000e+00
       649    0.0000000e+00
       650    0.0000000e+00
       651    0.0000000e+00
       652    0.0000000e+00
       653    0.0000000e+00
       654    0.0000000e+00
       655    0.0000000e+00
       656    0.0000000e+00
       657    0.0000000e+00
       658    0.0000000e+00
       659    0.0000000e+00
       660    0.0000000e+00
       661    0.0000000e+00
       662    0.0000000e+00
       663    0.0000000e+00
       664    0.0000000e+00
       665    0.0000000e+00
       666    0.0000000e+00
       667    0.0000000e+00
       668    0.0000000e+00
       669    0.0000000e+00
       670    0.0000000e+00
       671    0.0000000e+00
       672    0.0000000e+00
       673    0.0000000e+00
       674    0.0000000e+00
       675    0.0000000e+00
       676    0.0000000e+00
       677    0.0000000e+00
       678    0.0000000e+00
       679    0.0000000e+00
       680    0.0000000e+00
       681    0.0000000e+00
       682    0.0000000e+00
       683    0.0000000e+00
       684    0.0000000e+00
       685    0.0000000e+00
       686    0.0000000e+00
       687    0.0000000e+00
       688    0.0000000e+00
       689    0.0000000e+00
       690    0.0000000e+00
       691    0.0000000e+00
       692    0.0000000e+00
       693    0.0000000e+00
       694    0.0000000e+00
       695    0.0000000e+00
       696    0.0000000e+00
       697    0.0000000e+00
       698    0.0000000e+00
       699    0.0000000e+00
       700    0.0000000e+00
       701    0.0000000e+00
       702    0.0000000e+00
       703    0.0000000e+00
       704    0.0000000e+00
       705    0.0000000e+00
       706    0.0000000e+00
       707    0.0000000e+00
       708    0.0000000e+00
       709    0.0000000e+00
       710    0.0000000e+00
       711    0.0000000e+00
       712    0.0000000e+00
       713    0.0000000e+00
       714    0.0000000e+00
       715    0.0000000e+00
       716    0.0000000e+00
       717    0.0000000e+00
       718    0.0000000e+00
       719    0.0000000e+00
       720    0.0000000e+00
       721    0.0000000e+00
       722    0.0000000e+00
       723    0.0000000e+00
       724    0.0000000e+00
       725    0.0000000e+00
       726    0.0000000e+00
       727    0.0000000e+00
       728    0.0000000e+00
       729    0.0000000e+00
       730    0.0000000e+00
       731    0.0000000e+00
       732    0.0000000e+00
       733    0.0000000e+00
       734    0.0000000e+00
       735    0.0000000e+00
       736    0.0000000e+00
       737    0.0000000e+00
       738    0.0000000e+00
       739    0.0000000e+00
       740    0.0000000e+00
       741    0.0000000e+00
       742    0.0000000e+00
       743    0.0000000e+00
       744    0.0000000e+00
       745    0.0000000e+00
       746    0.0000000e+00
       747    0.0000000e+00
       748    0.0000000e+00
       749    0.0000000e+00
       750    0.0000000e+00
       751    0.0000000e+00
       752    0.0000000e+00
       753    0.0000000e+00
       754    0.0000000e+00
       755    0.0000000e+00
       756    0.0000000e+00
       757    0.0000000e+00
       758    0.0000000e+00
       759    0.0000000e+00
       760    0.0000000e+00
       761    0.0000000e+00
       762    0.0000000e+00
       763    0.0000000e+00
       764    0.0000000e+00
       765    0.0000000e+00
       766    0.0000000e+00
       767    0.0000000e+00
       768    0.0000000e+00
       769    0.0000000e+00
       770    0.0000000e+00
       771    0.0000000e+00
       772    0.0000000e+00
       773    0.0000000e+00
       774    0.0000000e+00
       775    0.0000000e+00
       776    0.0000000e+00
       777    0.0000000e+00
       778    0.0000000e+00
       779    0.0000000e+00
       780    0.0000000e+00
       781    0.0000000e+00
       782    0.0000000e+00
       783    0.0000000e+00
       784    0.0000000e+00
       785    0.0000000e+00
       786    0.0000000e+00
       787    0.0000000e+00
       788    0.0000000e+00
       789    0.0000000e+00
       790    0.0000000e+00
       791    0.0000000e+00
       792    0.0000000e+00
       793    0.0000000e+00
       794    0.0000000e+00
       795    0.0000000e+00
       796    0.0000000e+00
       797    0.0000000e+00
       798    0.0000000e+00
       799    0.0000000e+00
       800    0.0000000e+00
       801    0.0000000e+00
       802    0.0000000e+00
       803    0.0000000e+00
       804    0.0000000e+00
       805    0.0000000e+00
       806    0.0000000e+00
       807    0.0000000e+00
       808    0.0000000e+00
       809    0.0000000e+00
       810    0.0000000e+00
       811    0.0000000e+00
       812    0.0000000e+00
       813    0.0000000e+00
       814    0.0000000e+00
       815    0.0000000e+00
       816    0.0000000e+00
       817    0.0000000e+00
       818    0.0000000e+00
       819    0.0000000e+00
       820    0.0000000e+00
       821    0.0000000e+00
       822    0.0000000e+00
       823    0.0000000e+00
       824    0.0000000e+00
       825    0.0000000e+00
       826    0.0000000e+00
       827    0.0000000e+00
       828    0.0000000e+00
       829    0.0000000e+00
       830    0.0000000e+00
       831    0.0000000e+00
       832    0.0000000e+00
       833    0.0000000e+00
       834    0.0000000e+00
       835    0.0000000e+00
       836    0.0000000e+00
       837    0.0000000e+00
       838    0.0000000e+00
       839    0.0000000e+00
       840    0.0000000e+00
       841    0.0000000e+00
       842    0.0000000e+00
       843    0.0000000e+00
       844    0.0000000e+00
       845    0.0000000e+00
       846    0.0000000e+00
       847    0.0000000e+00
       848    0.0000000e+00
       849    0.0000000e+00
       850    0.0000000e+00
       851    0.0000000e+00
       852    0.0000000e+00
       853    0.0000000e+00
       854    0.0000000e+00
       855    0.0000000e+00
       856    0.0000000e+00
       857    0.0000000e+00
       858    0.0000000e+00
       859    0.0000000e+00
       860    0.0000000e+00
       861    0.0000000e+00
       862    0.0000000e+00
       863    0.0000000e+00
       864    0.0000000e+00
       865    0.0000000e+00
       866    0.0000000e+00
       867    0.0000000e+00
       868    0.0000000e+00
       869    0.0000000e+00
       870    0.0000000e+00
       871    0.0000000e+00
       872    0.0000000e+00
       873    0.0000000e+00
       874    0.0000000e+00
       875    0.0000000e+00
       876    0.0000000e+00
       877    0.0000000e+00
       878    0.0000000e+00
       879    0.0000000e+00
       880    0.0000000e+00
       881    0.0000000e+00
       882    0.0000000e+00
       883    0.0000000e+00
       884    0.0000000e+00
       885    0.0000000e+00
       886    0.0000000e+00
       887    0.0000000e+00
       888    0.0000000e+00
       889    0.0000000e+00
       890    0.0000000e+00
       891    0.0000000e+00
       892    0.0000000e+00
       893    0.0000000e+00
       894    0.0000000e+00
       895    0.0000000e+00
       896    0.0000000e+00
       897    0.0000000e+00
       898    0.0000000e+00
       899    0.0000000e+00
       900    0.0000000e+00
       901    0.0000000e+00
       902    0.0000000e+00
       903    0.0000000e+00
       904    0.0000000e+00
       905    0.0000000e+00
       906    0.0000000e+00
       907    0.0000000e+00
       908    0.0000000e+00
       909    0.0000000e+00
       910    0.0000000e+00
       911    0.0000000e+00
       912    0.0000000e+00
       913    0.0000000e+00
       914    0.0000000e+00
       915    0.0000000e+00
       916    0.0000000e+00
       917    0.0000000e+00
       918    0.0000000e+00
       919    0.0000000e+00
       920    0.0000000e+00
       921    0.0000000e+00
       922    0.0000000e+00
       923    0.0000000e+00
       924    0.0000000e+00
       925    0.0000000e+00
       926    0.0000000e+00
       927    0.0000000e+00
       928    0.0000000e+00
       929    0.0000000e+00
       930    0.0000000e+00
       931    0.0000000e+00
       932    0.0000000e+00
       933    0.0000000e+00
       934    0.0000000e+00
       935    0.0000000e+00
       936    0.0000000e+00
       937    0.0000000e+00
       938    0.0000000e+00
       939    0.0000000e+00
       940    0.0000000e+00
       941    0.0000000e+00
       942    0.0000000e+00
       943    0.0000000e+00
       944    0.0000000e+00
       945    0.0000000e+00
       946    0.0000000e+00
       947    0.0000000e+00
       948    0.0000000e+00
       949    0.0000000e+00
       950    0.0000000e+00
       951    0.0000000e+00
       952    0.0000000e+00
       953    0.0000000e+00
       954    0.0000000e+00
       955    0.0000000e+00
       956    0.0000000e+00
       957    0.0000000e+00
       958    0.0000000e+00
       959    0.0000000e+00
       960    0.0000000e+00
       961    0.0000000e+00
       962    0.0000000e+00
       963    0.0000000e+00
       964    0.0000000e+00
       965    0.0000000e+00
       966    0.0000000e+00
       967    0.0000000e+00
       968    0.0000000e+00
       969    0.0000000e+00
       970    0.0000000e+00
       971    0.0000000e+00
       972    0.0000000e+00
       973    0.0000000e+00
       974    0.0000000e+00
       975    0.0000000e+00
       976    0.0000000e+00
       977    0.0000000e+00
       978    0.0000000e+00
       979    0.0000000e+00
       980    0.0000000e+00
       981    0.0000000e+00
       982    0.0000000e+00
       983    0.0000000e+00
       984    0.0000000e+00
       985    0.0000000e+00
       986    0.0000000e+00
       987    0.0000000e+00
       988    0.0000000e+00
       989    0.0000000e+00
       990    0.0000000e+00
       991    0.0000000e+00
       992    0.0000000e+00
       993    0.0000000e+00
       994    0.0000000e+00
       995    0.0000000e+00
       996    0.0000000e+00
       997    0.0000000e+00
       998    0.0000000e+00
       999    0.0000000e+00
      1000    0.0000000e+00
      1001    0.0000000e+00
      1002    0.0000000e+00
      1003    0.0000000e+00
      1004    0.0000000e+00
      1005    0.0000000e+00
      1006    0.0000000e+00
      1007    0.0000000e+00
      1008    0.0000000e+00
      1009    0.0000000e+00
      1010    0.0000000e+00
      1011    0.0000000e+00
      1012    0.0000000e+00
      1013    0.0000000e+00
      1014    0.0000000e+00
      1015    0.0000000e+00
      1016    0.0000000e+00
      1017    0.0000000e+00
      1018    0.0000000e+00
      1019    0.0000000e+00
      1020    0.0000000e+00
      1021    0.0000000e+00
      1022    0.0000000e+00
      1023    0.0000000e+00
      1024    0.0000000e+00
