         1    9.9999905e-01
         2    9.9999905e-01
         3    9.9999905e-01
         4    9.9999905e-01
         5    9.9999905e-01
         6    9.9999905e-01
         7    9.9999905e-01
         8    9.9999905e-01
         9    9.9999905e-01
        10    9.9999905e-01
        11    9.9999905e-01
        12    9.9999905e-01
        13    9.9999905e-01
        14    9.9999905e-01
        15    9.9999905e-01
        16    9.9999905e-01
        17    9.9999905e-01
        18    9.9999905e-01
        19    9.9999905e-01
        20    9.9999905e-01
        21    9.9999905e-01
        22    9.9999905e-01
        23    9.9999905e-01
        24    9.9999905e-01
        25    9.9999905e-01
        26    9.9999905e-01
        27    9.9999905e-01
        28    9.9999905e-01
        29    9.9999905e-01
        30    9.9999905e-01
        31    9.9999905e-01
        32    9.9999905e-01
        33    9.9999905e-01
        34    9.9999905e-01
        35    9.9999905e-01
        36    9.9999905e-01
        37    9.9999905e-01
        38    9.9999905e-01
        39    9.9999905e-01
        40    9.9999905e-01
        41    9.9999905e-01
        42    9.9999905e-01
        43    9.9999905e-01
        44    9.9999905e-01
        45    9.9999905e-01
        46    9.9999905e-01
        47    9.9999905e-01
        48    9.9999905e-01
        49    9.9999905e-01
        50    9.9999905e-01
        51    9.9999905e-01
        52    9.9999905e-01
        53    9.9999905e-01
        54    9.9999905e-01
        55    9.9999905e-01
        56    9.9999905e-01
        57    9.9999905e-01
        58    9.9999905e-01
        59    9.9999905e-01
        60    9.9999905e-01
        61    9.9999905e-01
        62    9.9999905e-01
        63    9.9999905e-01
        64    9.9999905e-01
        65    9.9999905e-01
        66    9.9999905e-01
        67    9.9999905e-01
        68    9.9999905e-01
        69    9.9999905e-01
        70    9.9999905e-01
        71    9.9999905e-01
        72    9.9999905e-01
        73    9.9999905e-01
        74    9.9999905e-01
        75    9.9999905e-01
        76    9.9999905e-01
        77    9.9999905e-01
        78    9.9999905e-01
        79    9.9999905e-01
        80    9.9999905e-01
        81    9.9999905e-01
        82    9.9999905e-01
        83    9.9999905e-01
        84    9.9999905e-01
        85    9.9999905e-01
        86    9.9999905e-01
        87    9.9999905e-01
        88    9.9999905e-01
        89    9.9999905e-01
        90    9.9999905e-01
        91    9.9999905e-01
        92    9.9999905e-01
        93    9.9999905e-01
        94    9.9999905e-01
        95    9.9999905e-01
        96    9.9999905e-01
        97    9.9999905e-01
        98    9.9999905e-01
        99    9.9999905e-01
       100    9.9999905e-01
       101    9.9999905e-01
       102    9.9999905e-01
       103    9.9999899e-01
       104    9.9999887e-01
       105    9.9999863e-01
       106    9.9999833e-01
       107    9.9999791e-01
       108    9.9999726e-01
       109    9.9999648e-01
       110    9.9999541e-01
       111    9.9999404e-01
       112    9.9999219e-01
       113    9.9998975e-01
       114    9.9998659e-01
       115    9.9998236e-01
       116    9.9997681e-01
       117    9.9996948e-01
       118    9.9995989e-01
       119    9.9994725e-01
       120    9.9993056e-01
       121    9.9990869e-01
       122    9.9987984e-01
       123    9.9984193e-01
       124    9.9979204e-01
       125    9.9972636e-01
       126    9.9963999e-01
       127    9.9952632e-01
       128    9.9937683e-01
       129    9.9918008e-01
       130    9.9892139e-01
       131    9.9858105e-01
       132    9.9813354e-01
       133    9.9754512e-01
       134    9.9677175e-01
       135    9.9575567e-01
       136    9.9442142e-01
       137    9.9267060e-01
       138    9.9037528e-01
       139    9.8736995e-01
       140    9.8344123e-01
       141    9.7831643e-01
       142    9.7164994e-01
       143    9.6300942e-01
       144    9.5186287e-01
       145    9.3757069e-01
       146    9.1938788e-01
       147    8.9648420e-01
       148    8.6799377e-01
       149    8.3310378e-01
       150    7.9118818e-01
       151    7.4198067e-01
       152    6.8575859e-01
       153    6.2348455e-01
       154    5.5683941e-01
       155    4.8809460e-01
       156    4.1982538e-01
       157    3.5453361e-01
       158    2.9429385e-01
       159    2.4052355e-01
       160    1.9392051e-01
       161    1.5454420e-01
       162    1.2197967e-01
       163    9.5520549e-02
       164    7.4328057e-02
       165    5.7547167e-02
       166    4.4379186e-02
       167    3.4119185e-02
       168    2.6168860e-02
       169    2.0034421e-02
       170    1.5316572e-02
       171    1.1697267e-02
       172    8.9260144e-03
       173    6.8071885e-03
       174    5.1889732e-03
       175    3.9541177e-03
       176    3.0123906e-03
       177    2.2945441e-03
       178    1.7475432e-03
       179    1.3308318e-03
       180    1.0134344e-03
       181    7.7171251e-04
       182    5.8763922e-04
       183    4.4747346e-04
       184    3.4074526e-04
       185    2.5947884e-04
       186    1.9759979e-04
       187    1.5048237e-04
       188    1.1460437e-04
       189    8.7283974e-05
       190    6.6479348e-05
       191    5.0635943e-05
       192    3.8570182e-05
       193    2.9380955e-05
       194    2.2382168e-05
       195    1.7051436e-05
       196    1.2991010e-05
       197    9.8980245e-06
       198    7.5418561e-06
       199    5.7468865e-06
       200    4.3793748e-06
       201    3.3374693e-06
       202    2.5435984e-06
       203    1.9386816e-06
       204    1.4777183e-06
       205    1.1264310e-06
       206    8.5870869e-07
       207    6.5466043e-07
       208    4.9913251e-07
       209    3.8057993e-07
       210    2.9020626e-07
       211    2.2130909e-07
       212    1.6878120e-07
       213    1.2873063e-07
       214    9.8191435e-08
       215    7.4903134e-08
       216    5.7142838e-08
       217    4.3597343e-08
       218    3.3265611e-08
       219    2.5384534e-08
       220    1.9372337e-08
       221    1.4785463e-08
       222    1.1285714e-08
       223    8.6151983e-09
       224    6.5772578e-09
       225    5.0219087e-09
       226    3.8347610e-09
       227    2.9285623e-09
       228    2.2367557e-09
       229    1.7085657e-09
       230    1.3052546e-09
       231    9.9726438e-10
       232    7.6204093e-10
       233    5.8237204e-10
       234    4.4512113e-10
       235    3.4026146e-10
       236    2.6013902e-10
       237    1.9891050e-10
       238    1.5211457e-10
       239    1.1634459e-10
       240    8.8998996e-11
       241    6.8090887e-11
       242    5.2102565e-11
       243    3.9874638e-11
       244    3.0521318e-11
       245    2.3365761e-11
       246    1.7890724e-11
       247    1.3700879e-11
       248    1.0494038e-11
       249    8.0391770e-12
       250    6.1596553e-12
       251    4.7203916e-12
       252    3.6180733e-12
       253    2.7736730e-12
       254    2.1267304e-12
       255    1.6309837e-12
       256    1.2510288e-12
       257    9.5976753e-13
       258    7.3645495e-13
       259    5.6520755e-13
       260    4.3386190e-13
       261    3.3310171e-13
       262    2.5579021e-13
       263    1.9645920e-13
       264    1.5091829e-13
       265    1.1595565e-13
       266    8.9109045e-14
       267    6.8490556e-14
       268    5.2652330e-14
       269    4.0483814e-14
       270    3.1132994e-14
       271    2.3946084e-14
       272    1.8421318e-14
       273    1.4173518e-14
       274    1.0906954e-14
       275    8.3945251e-15
       276    6.4617971e-15
       277    4.9747660e-15
       278    3.8304659e-15
       279    2.9497651e-15
       280    2.2718381e-15
       281    1.7499209e-15
       282    1.3480544e-15
       283    1.0385829e-15
       284    8.0023258e-16
       285    6.1663633e-16
       286    4.7519978e-16
       287    3.6622999e-16
       288    2.8226576e-16
       289    2.1756311e-16
       290    1.6769922e-16
       291    1.2926812e-16
       292    9.9646557e-17
       293    7.6813818e-17
       294    5.9213168e-17
       295    4.5645163e-17
       296    3.5185550e-17
       297    2.7122055e-17
       298    2.0905713e-17
       299    1.6113392e-17
       300    1.2418927e-17
       301    9.5708751e-18
       302    7.3753930e-18
       303    5.6830311e-18
       304    4.3785635e-18
       305    3.3731482e-18
       306    2.5982851e-18
       307    2.0011573e-18
       308    1.5410407e-18
       309    1.1865361e-18
       310    9.1343415e-19
       311    7.0306992e-19
       312    5.4105367e-19
       313    4.1629221e-19
       314    3.2023444e-19
       315    2.4628912e-19
       316    1.8937625e-19
       317    1.4558102e-19
       318    1.1188675e-19
       319    8.5969256e-20
       320    6.6038029e-20
       321    5.0713949e-20
       322    3.8934904e-20
       323    2.9883069e-20
       324    2.2928826e-20
       325    1.7587538e-20
       326    1.3486249e-20
       327    1.0337997e-20
       328    7.9220388e-21
       329    6.0686106e-21
       330    4.6471827e-21
       331    3.5574170e-21
       332    2.7222054e-21
       333    2.0823064e-21
       334    1.5922184e-21
       335    1.2170026e-21
       336    9.2983946e-22
       337    7.1014778e-22
       338    5.4213904e-22
       339    4.1370481e-22
       340    3.1556246e-22
       341    2.4059793e-22
       342    1.8336109e-22
       343    1.3967808e-22
       344    1.0635360e-22
       345    8.0942398e-23
       346    6.1573957e-23
       347    4.6817948e-23
       348    3.5581088e-23
       349    2.7028056e-23
       350    2.0520907e-23
       351    1.5572621e-23
       352    1.1811573e-23
       353    8.9543073e-24
       354    6.7847213e-24
       355    5.1381311e-24
       356    3.8890996e-24
       357    2.9421264e-24
       358    2.2245363e-24
       359    1.6810521e-24
       360    1.2696502e-24
       361    9.5839796e-25
       362    7.2304328e-25
       363    5.4517650e-25
       364    4.1082998e-25
       365    3.0941203e-25
       366    2.3289496e-25
       367    1.7519786e-25
       368    1.3171678e-25
       369    9.8968073e-26
       370    7.4317088e-26
       371    5.5772466e-26
       372    4.1829883e-26
       373    3.1353579e-26
       374    2.3486557e-26
       375    1.7582534e-26
       376    1.3154419e-26
       377    9.8353082e-27
       378    7.3490074e-27
       379    5.4877209e-27
       380    4.0952104e-27
       381    3.0540736e-27
       382    2.2761466e-27
       383    1.6952613e-27
       384    1.2617903e-27
       385    9.3853426e-28
       386    6.9762811e-28
       387    5.1821151e-28
       388    3.8467846e-28
       389    2.8536112e-28
       390    2.1154191e-28
       391    1.5671162e-28
       392    1.1601327e-28
       393    8.5825108e-29
       394    6.3448287e-29
       395    4.6873012e-29
       396    3.4603647e-29
       397    2.5527931e-29
       398    1.8819264e-29
       399    1.3863783e-29
       400    1.0205906e-29
       401    7.5077684e-30
       402    5.5189738e-30
       403    4.0540844e-30
       404    2.9758634e-30
       405    2.1828193e-30
       406    1.5999481e-30
       407    1.1718614e-30
       408    8.5768469e-31
       409    6.2727651e-31
       410    4.5842601e-31
       411    3.3477825e-31
       412    2.4429911e-31
       413    1.7814031e-31
       414    1.2980073e-31
       415    9.4507354e-32
       416    6.8758544e-32
       417    4.9987263e-32
       418    3.6313042e-32
       419    2.6359406e-32
       420    1.9119533e-32
       421    1.3857561e-32
       422    1.0036059e-32
       423    7.2628256e-33
       424    5.2518601e-33
       425    3.7947658e-33
       426    2.7398084e-33
       427    1.9765965e-33
       428    1.4248777e-33
       429    1.0263562e-33
       430    7.3871816e-34
       431    5.3127431e-34
       432    3.8178378e-34
       433    2.7414101e-34
       434    1.9669242e-34
       435    1.4101251e-34
       436    1.0101440e-34
       437    7.2304261e-35
       438    5.1712884e-35
       439    3.6956185e-35
       440    2.6389334e-35
       441    1.8828772e-35
       442    1.3423543e-35
       443    9.5623187e-36
       444    6.8062766e-36
       445    4.8406720e-36
       446    3.4399396e-36
       447    2.4425557e-36
       448    1.7329498e-36
       449    1.2284991e-36
       450    8.7018267e-37
       451    6.1587449e-37
       452    4.3553150e-37
       453    3.0774577e-37
       454    2.1727469e-37
       455    1.5327460e-37
       456    1.0803754e-37
       457    7.6089072e-38
       458    5.3544186e-38
       459    3.7648215e-38
       460    2.6449525e-38
       461    1.8566603e-38
       462    1.3022296e-38
       463    9.1260473e-39
       464    6.3902461e-39
       465    4.4708638e-39
       466    3.1253888e-39
       467    2.1830058e-39
       468    1.5235029e-39
       469    1.0623538e-39
       470    7.4017005e-40
       471    5.1526445e-40
       472    3.5839610e-40
       473    2.4907520e-40
       474    1.7295526e-40
       475    1.1999599e-40
       476    8.3182478e-41
       477    5.7614386e-41
       478    3.9869744e-41
       479    2.7566343e-41
       480    1.9043646e-41
       481    1.3142778e-41
       482    9.0635985e-42
       483    6.2427847e-42
       484    4.2963811e-42
       485    2.9539372e-42
       486    2.0276789e-42
       487    1.3900881e-42
       488    9.5148166e-43
       489    6.5020249e-43
       490    4.4281031e-43
       491    3.0127917e-43
       492    2.0318828e-43
       493    1.3732725e-43
       494    9.1084400e-44
       495    6.0255834e-44
       496    3.9236357e-44
       497    2.3822074e-44
       498    1.4012985e-44
       499    5.6051939e-45
       500    1.4012985e-45
       501    0.0000000e+00
       502    0.0000000e+00
       503    0.0000000e+00
       504    0.0000000e+00
       505    0.0000000e+00
       506    0.0000000e+00
       507    0.0000000e+00
       508    0.0000000e+00
       509    0.0000000e+00
       510    0.0000000e+00
       511    0.0000000e+00
       512    0.0000000e+00
       513    0.0000000e+00
       514    0.0000000e+00
       515    0.0000000e+00
       516    0.0000000e+00
       517    0.0000000e+00
       518    0.0000000e+00
       519    0.0000000e+00
       520    0.0000000e+00
       521    0.0000000e+00
       522    0.0000000e+00
       523    0.0000000e+00
       524    0.0000000e+00
       525    0.0000000e+00
       526    0.0000000e+00
       527    0.0000000e+00
       528    0.0000000e+00
       529    0.0000000e+00
       530    0.0000000e+00
       531    0.0000000e+00
       532    0.0000000e+00
       533    0.0000000e+00
       534    0.0000000e+00
       535    0.0000000e+00
       536    0.0000000e+00
       537    0.0000000e+00
       538    0.0000000e+00
       539    0.0000000e+00
       540    0.0000000e+00
       541    0.0000000e+00
       542    0.0000000e+00
       543    0.0000000e+00
       544    0.0000000e+00
       545    0.0000000e+00
       546    0.0000000e+00
       547    0.0000000e+00
       548    0.0000000e+00
       549    0.0000000e+00
       550    0.0000000e+00
       551    0.0000000e+00
       552    0.0000000e+00
       553    0.0000000e+00
       554    0.0000000e+00
       555    0.0000000e+00
       556    0.0000000e+00
       557    0.0000000e+00
       558    0.0000000e+00
       559    0.0000000e+00
       560    0.0000000e+00
       561    0.0000000e+00
       562    0.0000000e+00
       563    0.0000000e+00
       564    0.0000000e+00
       565    0.0000000e+00
       566    0.0000000e+00
       567    0.0000000e+00
       568    0.0000000e+00
       569    0.0000000e+00
       570    0.0000000e+00
       571    0.0000000e+00
       572    0.0000000e+00
       573    0.0000000e+00
       574    0.0000000e+00
       575    0.0000000e+00
       576    0.0000000e+00
       577    0.0000000e+00
       578    0.0000000e+00
       579    0.0000000e+00
       580    0.0000000e+00
       581    0.0000000e+00
       582    0.0000000e+00
       583    0.0000000e+00
       584    0.0000000e+00
       585    0.0000000e+00
       586    0.0000000e+00
       587    0.0000000e+00
       588    0.0000000e+00
       589    0.0000000e+00
       590    0.0000000e+00
       591    0.0000000e+00
       592    0.0000000e+00
       593    0.0000000e+00
       594    0.0000000e+00
       595    0.0000000e+00
       596    0.0000000e+00
       597    0.0000000e+00
       598    0.0000000e+00
       599    0.0000000e+00
       600    0.0000000e+00
       601    0.0000000e+00
       602    0.0000000e+00
       603    0.0000000e+00
       604    0.0000000e+00
       605    0.0000000e+00
       606    0.0000000e+00
       607    0.0000000e+00
       608    0.0000000e+00
       609    0.0000000e+00
       610    0.0000000e+00
       611    0.0000000e+00
       612    0.0000000e+00
       613    0.0000000e+00
       614    0.0000000e+00
       615    0.0000000e+00
       616    0.0000000e+00
       617    0.0000000e+00
       618    0.0000000e+00
       619    0.0000000e+00
       620    0.0000000e+00
       621    0.0000000e+00
       622    0.0000000e+00
       623    0.0000000e+00
       624    0.0000000e+00
       625    0.0000000e+00
       626    0.0000000e+00
       627    0.0000000e+00
       628    0.0000000e+00
       629    0.0000000e+00
       630    0.0000000e+00
       631    0.0000000e+00
       632    0.0000000e+00
       633    0.0000000e+00
       634    0.0000000e+00
       635    0.0000000e+00
       636    0.0000000e+00
       637    0.0000000e+00
       638    0.0000000e+00
       639    0.0000000e+00
       640    0.0000000e+00
       641    0.0000000e+00
       642    0.0000000e+00
       643    0.0000000e+00
       644    0.0000000e+00
       645    0.0000000e+00
       646    0.0000000e+00
       647    0.0000000e+00
       648    0.0000000e+00
       649    0.0000000e+00
       650    0.0000000e+00
       651    0.0000000e+00
       652    0.0000000e+00
       653    0.0000000e+00
       654    0.0000000e+00
       655    0.0000000e+00
       656    0.0000000e+00
       657    0.0000000e+00
       658    0.0000000e+00
       659    0.0000000e+00
       660    0.0000000e+00
       661    0.0000000e+00
       662    0.0000000e+00
       663    0.0000000e+00
       664    0.0000000e+00
       665    0.0000000e+00
       666    0.0000000e+00
       667    0.0000000e+00
       668    0.0000000e+00
       669    0.0000000e+00
       670    0.0000000e+00
       671    0.0000000e+00
       672    0.0000000e+00
       673    0.0000000e+00
       674    0.0000000e+00
       675    0.0000000e+00
       676    0.0000000e+00
       677    0.0000000e+00
       678    0.0000000e+00
       679    0.0000000e+00
       680    0.0000000e+00
       681    0.0000000e+00
       682    0.0000000e+00
       683    0.0000000e+00
       684    0.0000000e+00
       685    0.0000000e+00
       686    0.0000000e+00
       687    0.0000000e+00
       688    0.0000000e+00
       689    0.0000000e+00
       690    0.0000000e+00
       691    0.0000000e+00
       692    0.0000000e+00
       693    0.0000000e+00
       694    0.0000000e+00
       695    0.0000000e+00
       696    0.0000000e+00
       697    0.0000000e+00
       698    0.0000000e+00
       699    0.0000000e+00
       700    0.0000000e+00
       701    0.0000000e+00
       702    0.0000000e+00
       703    0.0000000e+00
       704    0.0000000e+00
       705    0.0000000e+00
       706    0.0000000e+00
       707    0.0000000e+00
       708    0.0000000e+00
       709    0.0000000e+00
       710    0.0000000e+00
       711    0.0000000e+00
       712    0.0000000e+00
       713    0.0000000e+00
       714    0.0000000e+00
       715    0.0000000e+00
       716    0.0000000e+00
       717    0.0000000e+00
       718    0.0000000e+00
       719    0.0000000e+00
       720    0.0000000e+00
       721    0.0000000e+00
       722    0.0000000e+00
       723    0.0000000e+00
       724    0.0000000e+00
       725    0.0000000e+00
       726    0.0000000e+00
       727    0.0000000e+00
       728    0.0000000e+00
       729    0.0000000e+00
       730    0.0000000e+00
       731    0.0000000e+00
       732    0.0000000e+00
       733    0.0000000e+00
       734    0.0000000e+00
       735    0.0000000e+00
       736    0.0000000e+00
       737    0.0000000e+00
       738    0.0000000e+00
       739    0.0000000e+00
       740    0.0000000e+00
       741    0.0000000e+00
       742    0.0000000e+00
       743    0.0000000e+00
       744    0.0000000e+00
       745    0.0000000e+00
       746    0.0000000e+00
       747    0.0000000e+00
       748    0.0000000e+00
       749    0.0000000e+00
       750    0.0000000e+00
       751    0.0000000e+00
       752    0.0000000e+00
       753    0.0000000e+00
       754    0.0000000e+00
       755    0.0000000e+00
       756    0.0000000e+00
       757    0.0000000e+00
       758    0.0000000e+00
       759    0.0000000e+00
       760    0.0000000e+00
       761    0.0000000e+00
       762    0.0000000e+00
       763    0.0000000e+00
       764    0.0000000e+00
       765    0.0000000e+00
       766    0.0000000e+00
       767    0.0000000e+00
       768    0.0000000e+00
       769    0.0000000e+00
       770    0.0000000e+00
       771    0.0000000e+00
       772    0.0000000e+00
       773    0.0000000e+00
       774    0.0000000e+00
       775    0.0000000e+00
       776    0.0000000e+00
       777    0.0000000e+00
       778    0.0000000e+00
       779    0.0000000e+00
       780    0.0000000e+00
       781    0.0000000e+00
       782    0.0000000e+00
       783    0.0000000e+00
       784    0.0000000e+00
       785    0.0000000e+00
       786    0.0000000e+00
       787    0.0000000e+00
       788    0.0000000e+00
       789    0.0000000e+00
       790    0.0000000e+00
       791    0.0000000e+00
       792    0.0000000e+00
       793    0.0000000e+00
       794    0.0000000e+00
       795    0.0000000e+00
       796    0.0000000e+00
       797    0.0000000e+00
       798    0.0000000e+00
       799    0.0000000e+00
       800    0.0000000e+00
       801    0.0000000e+00
       802    0.0000000e+00
       803    0.0000000e+00
       804    0.0000000e+00
       805    0.0000000e+00
       806    0.0000000e+00
       807    0.0000000e+00
       808    0.0000000e+00
       809    0.0000000e+00
       810    0.0000000e+00
       811    0.0000000e+00
       812    0.0000000e+00
       813    0.0000000e+00
       814    0.0000000e+00
       815    0.0000000e+00
       816    0.0000000e+00
       817    0.0000000e+00
       818    0.0000000e+00
       819    0.0000000e+00
       820    0.0000000e+00
       821    0.0000000e+00
       822    0.0000000e+00
       823    0.0000000e+00
       824    0.0000000e+00
       825    0.0000000e+00
       826    0.0000000e+00
       827    0.0000000e+00
       828    0.0000000e+00
       829    0.0000000e+00
       830    0.0000000e+00
       831    0.0000000e+00
       832    0.0000000e+00
       833    0.0000000e+00
       834    0.0000000e+00
       835    0.0000000e+00
       836    0.0000000e+00
       837    0.0000000e+00
       838    0.0000000e+00
       839    0.0000000e+00
       840    0.0000000e+00
       841    0.0000000e+00
       842    0.0000000e+00
       843    0.0000000e+00
       844    0.0000000e+00
       845    0.0000000e+00
       846    0.0000000e+00
       847    0.0000000e+00
       848    0.0000000e+00
       849    0.0000000e+00
       850    0.0000000e+00
       851    0.0000000e+00
       852    0.0000000e+00
       853    0.0000000e+00
       854    0.0000000e+00
       855    0.0000000e+00
       856    0.0000000e+00
       857    0.0000000e+00
       858    0.0000000e+00
       859    0.0000000e+00
       860    0.0000000e+00
       861    0.0000000e+00
       862    0.0000000e+00
       863    0.0000000e+00
       864    0.0000000e+00
       865    0.0000000e+00
       866    0.0000000e+00
       867    0.0000000e+00
       868    0.0000000e+00
       869    0.0000000e+00
       870    0.0000000e+00
       871    0.0000000e+00
       872    0.0000000e+00
       873    0.0000000e+00
       874    0.0000000e+00
       875    0.0000000e+00
       876    0.0000000e+00
       877    0.0000000e+00
       878    0.0000000e+00
       879    0.0000000e+00
       880    0.0000000e+00
       881    0.0000000e+00
       882    0.0000000e+00
       883    0.0000000e+00
       884    0.0000000e+00
       885    0.0000000e+00
       886    0.0000000e+00
       887    0.0000000e+00
       888    0.0000000e+00
       889    0.0000000e+00
       890    0.0000000e+00
       891    0.0000000e+00
       892    0.0000000e+00
       893    0.0000000e+00
       894    0.0000000e+00
       895    0.0000000e+00
       896    0.0000000e+00
       897    0.0000000e+00
       898    0.0000000e+00
       899    0.0000000e+00
       900    0.0000000e+00
       901    0.0000000e+00
       902    0.0000000e+00
       903    0.0000000e+00
       904    0.0000000e+00
       905    0.0000000e+00
       906    0.0000000e+00
       907    0.0000000e+00
       908    0.0000000e+00
       909    0.0000000e+00
       910    0.0000000e+00
       911    0.0000000e+00
       912    0.0000000e+00
       913    0.0000000e+00
       914    0.0000000e+00
       915    0.0000000e+00
       916    0.0000000e+00
       917    0.0000000e+00
       918    0.0000000e+00
       919    0.0000000e+00
       920    0.0000000e+00
       921    0.0000000e+00
       922    0.0000000e+00
       923    0.0000000e+00
       924    0.0000000e+00
       925    0.0000000e+00
       926    0.0000000e+00
       927    0.0000000e+00
       928    0.0000000e+00
       929    0.0000000e+00
       930    0.0000000e+00
       931    0.0000000e+00
       932    0.0000000e+00
       933    0.0000000e+00
       934    0.0000000e+00
       935    0.0000000e+00
       936    0.0000000e+00
       937    0.0000000e+00
       938    0.0000000e+00
       939    0.0000000e+00
       940    0.0000000e+00
       941    0.0000000e+00
       942    0.0000000e+00
       943    0.0000000e+00
       944    0.0000000e+00
       945    0.0000000e+00
       946    0.0000000e+00
       947    0.0000000e+00
       948    0.0000000e+00
       949    0.0000000e+00
       950    0.0000000e+00
       951    0.0000000e+00
       952    0.0000000e+00
       953    0.0000000e+00
       954    0.0000000e+00
       955    0.0000000e+00
       956    0.0000000e+00
       957    0.0000000e+00
       958    0.0000000e+00
       959    0.0000000e+00
       960    0.0000000e+00
       961    0.0000000e+00
       962    0.0000000e+00
       963    0.0000000e+00
       964    0.0000000e+00
       965    0.0000000e+00
       966    0.0000000e+00
       967    0.0000000e+00
       968    0.0000000e+00
       969    0.0000000e+00
       970    0.0000000e+00
       971    0.0000000e+00
       972    0.0000000e+00
       973    0.0000000e+00
       974    0.0000000e+00
       975    0.0000000e+00
       976    0.0000000e+00
       977    0.0000000e+00
       978    0.0000000e+00
       979    0.0000000e+00
       980    0.0000000e+00
       981    0.0000000e+00
       982    0.0000000e+00
       983    0.0000000e+00
       984    0.0000000e+00
       985    0.0000000e+00
       986    0.0000000e+00
       987    0.0000000e+00
       988    0.0000000e+00
       989    0.0000000e+00
       990    0.0000000e+00
       991    0.0000000e+00
       992    0.0000000e+00
       993    0.0000000e+00
       994    0.0000000e+00
       995    0.0000000e+00
       996    0.0000000e+00
       997    0.0000000e+00
       998    0.0000000e+00
       999    0.0000000e+00
      1000    0.0000000e+00
      1001    0.0000000e+00
      1002    0.0000000e+00
      1003    0.0000000e+00
      1004    0.0000000e+00
      1005    0.0000000e+00
      1006    0.0000000e+00
      1007    0.0000000e+00
      1008    0.0000000e+00
      1009    0.0000000e+00
      1010    0.0000000e+00
      1011    0.0000000e+00
      1012    0.0000000e+00
      1013    0.0000000e+00
      1014    0.0000000e+00
      1015    0.0000000e+00
      1016    0.0000000e+00
      1017    0.0000000e+00
      1018    0.0000000e+00
      1019    0.0000000e+00
      1020    0.0000000e+00
      1021    0.0000000e+00
      1022    0.0000000e+00
      1023    0.0000000e+00
      1024    0.0000000e+00
