         1    9.9402845e-01
         2    9.9376988e-01
         3    9.9323648e-01
         4    9.9239415e-01
         5    9.9118954e-01
         6    9.8954594e-01
         7    9.8735905e-01
         8    9.8449063e-01
         9    9.8076051e-01
        10    9.7593743e-01
        11    9.6972787e-01
        12    9.6176445e-01
        13    9.5159477e-01
        14    9.3867260e-01
        15    9.2235667e-01
        16    9.0192181e-01
        17    8.7659079e-01
        18    8.4559608e-01
        19    8.0827850e-01
        20    7.6422250e-01
        21    7.1341461e-01
        22    6.5639085e-01
        23    5.9432220e-01
        24    5.2898496e-01
        25    4.6258998e-01
        26    3.9749408e-01
        27    3.3587027e-01
        28    2.7943110e-01
        29    2.2927532e-01
        30    1.8587437e-01
        31    1.4916745e-01
        32    1.1871124e-01
        33    9.3835525e-02
        34    7.3773667e-02
        35    5.7756051e-02
        36    4.5067824e-02
        37    3.5078134e-02
        38    2.7249826e-02
        39    2.1137094e-02
        40    1.6376816e-02
        41    1.2677277e-02
        42    9.8064942e-03
        43    7.5813811e-03
        44    5.8582374e-03
        45    4.5247395e-03
        46    3.4933498e-03
        47    2.6959970e-03
        48    2.0798289e-03
        49    1.6038569e-03
        50    1.2363188e-03
        51    9.5261738e-04
        52    7.3371216e-04
        53    5.6487002e-04
        54    4.3469449e-04
        55    3.3437251e-04
        56    2.5709104e-04
        57    1.9758476e-04
        58    1.5178583e-04
        59    1.1655276e-04
        60    8.9460351e-05
        61    6.8637150e-05
        62    5.2639658e-05
        63    4.0354982e-05
        64    3.0925530e-05
        65    2.3690753e-05
        66    1.8142126e-05
        67    1.3888362e-05
        68    1.0628531e-05
        69    8.1313055e-06
        70    6.2189529e-06
        71    4.7549788e-06
        72    3.6346114e-06
        73    2.7774618e-06
        74    2.1218782e-06
        75    1.6205972e-06
        76    1.2374007e-06
        77    9.4454475e-07
        78    7.2078478e-07
        79    5.4985821e-07
        80    4.1932032e-07
        81    3.1965072e-07
        82    2.4356822e-07
        83    1.8550553e-07
        84    1.4120681e-07
        85    1.0741953e-07
        86    8.1658293e-08
        87    6.2024284e-08
        88    4.7067026e-08
        89    3.5678649e-08
        90    2.7013071e-08
        91    2.0424192e-08
        92    1.5418681e-08
        93    1.1619885e-08
        94    8.7402725e-09
        95    6.5603762e-09
        96    4.9127191e-09
        97    3.6695293e-09
        98    2.7333666e-09
        99    2.0299571e-09
       100    1.5027233e-09
       101    1.1086028e-09
       102    8.1485430e-10
       103    5.9661526e-10
       104    4.3503501e-10
       105    3.1584693e-10
       106    2.2827655e-10
       107    1.6420657e-10
       108    1.1753838e-10
       109    8.3704245e-11
       110    5.9294680e-11
       111    4.1774355e-11
       112    2.9265659e-11
       113    2.0384194e-11
       114    1.4114029e-11
       115    9.7133595e-12
       116    6.6434076e-12
       117    4.5150285e-12
       118    3.0487819e-12
       119    2.0452171e-12
       120    1.3628666e-12
       121    9.0203718e-13
       122    5.9294084e-13
       123    3.8705722e-13
       124    2.5088750e-13
       125    1.6146863e-13
       126    1.0317388e-13
       127    6.5447451e-14
       128    4.1212381e-14
       129    2.5760059e-14
       130    1.5981733e-14
       131    9.8408762e-15
       132    6.0138539e-15
       133    3.6471913e-15
       134    2.1949743e-15
       135    1.3108263e-15
       136    7.7675870e-16
       137    4.5670301e-16
       138    2.6642236e-16
       139    1.5419826e-16
       140    8.8540897e-17
       141    5.0436908e-17
       142    2.8502172e-17
       143    1.5977839e-17
       144    8.8849438e-18
       145    4.9008838e-18
       146    2.6814158e-18
       147    1.4551621e-18
       148    7.8325593e-19
       149    4.1814727e-19
       150    2.2139944e-19
       151    1.1626102e-19
       152    6.0546790e-20
       153    3.1270629e-20
       154    1.6016226e-20
       155    8.1348859e-21
       156    4.0973236e-21
       157    2.0464289e-21
       158    1.0135164e-21
       159    4.9772902e-22
       160    2.4236710e-22
       161    1.1702093e-22
       162    5.6021285e-23
       163    2.6590908e-23
       164    1.2513954e-23
       165    5.8388617e-24
       166    2.7010025e-24
       167    1.2387280e-24
       168    5.6321232e-25
       169    2.5386606e-25
       170    1.1343955e-25
       171    5.0250785e-26
       172    2.2066365e-26
       173    9.6054878e-27
       174    4.1447646e-27
       175    1.7728141e-27
       176    7.5162368e-28
       177    3.1586587e-28
       178    1.3157123e-28
       179    5.4320794e-29
       180    2.2228451e-29
       181    9.0153172e-30
       182    3.6238685e-30
       183    1.4436908e-30
       184    5.7000276e-31
       185    2.2303416e-31
       186    8.6486450e-32
       187    3.3235134e-32
       188    1.2656392e-32
       189    4.7761261e-33
       190    1.7860160e-33
       191    6.6180295e-34
       192    2.4299417e-34
       193    8.8404981e-35
       194    3.1868467e-35
       195    1.1382533e-35
       196    4.0280936e-36
       197    1.4123180e-36
       198    4.9059961e-37
       199    1.6883904e-37
       200    5.7565010e-38
       201    1.9443451e-38
       202    6.5058784e-39
       203    2.1564792e-39
       204    7.0807611e-40
       205    2.3030200e-40
       206    7.4197352e-41
       207    2.3677740e-41
       208    7.4843351e-42
       209    2.3429710e-42
       210    7.2587260e-43
       211    2.2280646e-43
       212    6.8663625e-44
       213    2.1019477e-44
       214    5.6051939e-45
       215    1.4012985e-45
       216    0.0000000e+00
       217    0.0000000e+00
       218    0.0000000e+00
       219    0.0000000e+00
       220    0.0000000e+00
       221    0.0000000e+00
       222    0.0000000e+00
       223    0.0000000e+00
       224    0.0000000e+00
       225    0.0000000e+00
       226    0.0000000e+00
       227    0.0000000e+00
       228    0.0000000e+00
       229    0.0000000e+00
       230    0.0000000e+00
       231    0.0000000e+00
       232    0.0000000e+00
       233    0.0000000e+00
       234    0.0000000e+00
       235    0.0000000e+00
       236    0.0000000e+00
       237    0.0000000e+00
       238    0.0000000e+00
       239    0.0000000e+00
       240    0.0000000e+00
       241    0.0000000e+00
       242    0.0000000e+00
       243    0.0000000e+00
       244    0.0000000e+00
       245    0.0000000e+00
       246    0.0000000e+00
       247    0.0000000e+00
       248    0.0000000e+00
       249    0.0000000e+00
       250    0.0000000e+00
       251    0.0000000e+00
       252    0.0000000e+00
       253    0.0000000e+00
       254    0.0000000e+00
       255    0.0000000e+00
       256    0.0000000e+00
       257    0.0000000e+00
       258    0.0000000e+00
       259    0.0000000e+00
       260    0.0000000e+00
       261    0.0000000e+00
       262    0.0000000e+00
       263    0.0000000e+00
       264    0.0000000e+00
       265    0.0000000e+00
       266    0.0000000e+00
       267    0.0000000e+00
       268    0.0000000e+00
       269    0.0000000e+00
       270    0.0000000e+00
       271    0.0000000e+00
       272    0.0000000e+00
       273    0.0000000e+00
       274    0.0000000e+00
       275    0.0000000e+00
       276    0.0000000e+00
       277    0.0000000e+00
       278    0.0000000e+00
       279    0.0000000e+00
       280    0.0000000e+00
       281    0.0000000e+00
       282    0.0000000e+00
       283    0.0000000e+00
       284    0.0000000e+00
       285    0.0000000e+00
       286    0.0000000e+00
       287    0.0000000e+00
       288    0.0000000e+00
       289    0.0000000e+00
       290    0.0000000e+00
       291    0.0000000e+00
       292    0.0000000e+00
       293    0.0000000e+00
       294    0.0000000e+00
       295    0.0000000e+00
       296    0.0000000e+00
       297    0.0000000e+00
       298    0.0000000e+00
       299    0.0000000e+00
       300    0.0000000e+00
       301    0.0000000e+00
       302    0.0000000e+00
       303    0.0000000e+00
       304    0.0000000e+00
       305    0.0000000e+00
       306    0.0000000e+00
       307    0.0000000e+00
       308    0.0000000e+00
       309    0.0000000e+00
       310    0.0000000e+00
       311    0.0000000e+00
       312    0.0000000e+00
       313    0.0000000e+00
       314    0.0000000e+00
       315    0.0000000e+00
       316    0.0000000e+00
       317    0.0000000e+00
       318    0.0000000e+00
       319    0.0000000e+00
       320    0.0000000e+00
       321    0.0000000e+00
       322    0.0000000e+00
       323    0.0000000e+00
       324    0.0000000e+00
       325    0.0000000e+00
       326    0.0000000e+00
       327    0.0000000e+00
       328    0.0000000e+00
       329    0.0000000e+00
       330    0.0000000e+00
       331    0.0000000e+00
       332    0.0000000e+00
       333    0.0000000e+00
       334    0.0000000e+00
       335    0.0000000e+00
       336    0.0000000e+00
       337    0.0000000e+00
       338    0.0000000e+00
       339    0.0000000e+00
       340    0.0000000e+00
       341    0.0000000e+00
       342    0.0000000e+00
       343    0.0000000e+00
       344    0.0000000e+00
       345    0.0000000e+00
       346    0.0000000e+00
       347    0.0000000e+00
       348    0.0000000e+00
       349    0.0000000e+00
       350    0.0000000e+00
       351    0.0000000e+00
       352    0.0000000e+00
       353    0.0000000e+00
       354    0.0000000e+00
       355    0.0000000e+00
       356    0.0000000e+00
       357    0.0000000e+00
       358    0.0000000e+00
       359    0.0000000e+00
       360    0.0000000e+00
       361    0.0000000e+00
       362    0.0000000e+00
       363    0.0000000e+00
       364    0.0000000e+00
       365    0.0000000e+00
       366    0.0000000e+00
       367    0.0000000e+00
       368    0.0000000e+00
       369    0.0000000e+00
       370    0.0000000e+00
       371    0.0000000e+00
       372    0.0000000e+00
       373    0.0000000e+00
       374    0.0000000e+00
       375    0.0000000e+00
       376    0.0000000e+00
       377    0.0000000e+00
       378    0.0000000e+00
       379    0.0000000e+00
       380    0.0000000e+00
       381    0.0000000e+00
       382    0.0000000e+00
       383    0.0000000e+00
       384    0.0000000e+00
       385    0.0000000e+00
       386    0.0000000e+00
       387    0.0000000e+00
       388    0.0000000e+00
       389    0.0000000e+00
       390    0.0000000e+00
       391    0.0000000e+00
       392    0.0000000e+00
       393    0.0000000e+00
       394    0.0000000e+00
       395    0.0000000e+00
       396    0.0000000e+00
       397    0.0000000e+00
       398    0.0000000e+00
       399    0.0000000e+00
       400    0.0000000e+00
       401    0.0000000e+00
       402    0.0000000e+00
       403    0.0000000e+00
       404    0.0000000e+00
       405    0.0000000e+00
       406    0.0000000e+00
       407    0.0000000e+00
       408    0.0000000e+00
       409    0.0000000e+00
       410    0.0000000e+00
       411    0.0000000e+00
       412    0.0000000e+00
       413    0.0000000e+00
       414    0.0000000e+00
       415    0.0000000e+00
       416    0.0000000e+00
       417    0.0000000e+00
       418    0.0000000e+00
       419    0.0000000e+00
       420    0.0000000e+00
       421    0.0000000e+00
       422    0.0000000e+00
       423    0.0000000e+00
       424    0.0000000e+00
       425    0.0000000e+00
       426    0.0000000e+00
       427    0.0000000e+00
       428    0.0000000e+00
       429    0.0000000e+00
       430    0.0000000e+00
       431    0.0000000e+00
       432    0.0000000e+00
       433    0.0000000e+00
       434    0.0000000e+00
       435    0.0000000e+00
       436    0.0000000e+00
       437    0.0000000e+00
       438    0.0000000e+00
       439    0.0000000e+00
       440    0.0000000e+00
       441    0.0000000e+00
       442    0.0000000e+00
       443    0.0000000e+00
       444    0.0000000e+00
       445    0.0000000e+00
       446    0.0000000e+00
       447    0.0000000e+00
       448    0.0000000e+00
       449    0.0000000e+00
       450    0.0000000e+00
       451    0.0000000e+00
       452    0.0000000e+00
       453    0.0000000e+00
       454    0.0000000e+00
       455    0.0000000e+00
       456    0.0000000e+00
       457    0.0000000e+00
       458    0.0000000e+00
       459    0.0000000e+00
       460    0.0000000e+00
       461    0.0000000e+00
       462    0.0000000e+00
       463    0.0000000e+00
       464    0.0000000e+00
       465    0.0000000e+00
       466    0.0000000e+00
       467    0.0000000e+00
       468    0.0000000e+00
       469    0.0000000e+00
       470    0.0000000e+00
       471    0.0000000e+00
       472    0.0000000e+00
       473    0.0000000e+00
       474    0.0000000e+00
       475    0.0000000e+00
       476    0.0000000e+00
       477    0.0000000e+00
       478    0.0000000e+00
       479    0.0000000e+00
       480    0.0000000e+00
       481    0.0000000e+00
       482    0.0000000e+00
       483    0.0000000e+00
       484    0.0000000e+00
       485    0.0000000e+00
       486    0.0000000e+00
       487    0.0000000e+00
       488    0.0000000e+00
       489    0.0000000e+00
       490    0.0000000e+00
       491    0.0000000e+00
       492    0.0000000e+00
       493    0.0000000e+00
       494    0.0000000e+00
       495    0.0000000e+00
       496    0.0000000e+00
       497    0.0000000e+00
       498    0.0000000e+00
       499    0.0000000e+00
       500    0.0000000e+00
       501    0.0000000e+00
       502    0.0000000e+00
       503    0.0000000e+00
       504    0.0000000e+00
       505    0.0000000e+00
       506    0.0000000e+00
       507    0.0000000e+00
       508    0.0000000e+00
       509    0.0000000e+00
       510    0.0000000e+00
       511    0.0000000e+00
       512    0.0000000e+00
       513    0.0000000e+00
       514    0.0000000e+00
       515    0.0000000e+00
       516    0.0000000e+00
       517    0.0000000e+00
       518    0.0000000e+00
       519    0.0000000e+00
       520    0.0000000e+00
       521    0.0000000e+00
       522    0.0000000e+00
       523    0.0000000e+00
       524    0.0000000e+00
       525    0.0000000e+00
       526    0.0000000e+00
       527    0.0000000e+00
       528    0.0000000e+00
       529    0.0000000e+00
       530    0.0000000e+00
       531    0.0000000e+00
       532    0.0000000e+00
       533    0.0000000e+00
       534    0.0000000e+00
       535    0.0000000e+00
       536    0.0000000e+00
       537    0.0000000e+00
       538    0.0000000e+00
       539    0.0000000e+00
       540    0.0000000e+00
       541    0.0000000e+00
       542    0.0000000e+00
       543    0.0000000e+00
       544    0.0000000e+00
       545    0.0000000e+00
       546    0.0000000e+00
       547    0.0000000e+00
       548    0.0000000e+00
       549    0.0000000e+00
       550    0.0000000e+00
       551    0.0000000e+00
       552    0.0000000e+00
       553    0.0000000e+00
       554    0.0000000e+00
       555    0.0000000e+00
       556    0.0000000e+00
       557    0.0000000e+00
       558    0.0000000e+00
       559    0.0000000e+00
       560    0.0000000e+00
       561    0.0000000e+00
       562    0.0000000e+00
       563    0.0000000e+00
       564    0.0000000e+00
       565    0.0000000e+00
       566    0.0000000e+00
       567    0.0000000e+00
       568    0.0000000e+00
       569    0.0000000e+00
       570    0.0000000e+00
       571    0.0000000e+00
       572    0.0000000e+00
       573    0.0000000e+00
       574    0.0000000e+00
       575    0.0000000e+00
       576    0.0000000e+00
       577    0.0000000e+00
       578    0.0000000e+00
       579    0.0000000e+00
       580    0.0000000e+00
       581    0.0000000e+00
       582    0.0000000e+00
       583    0.0000000e+00
       584    0.0000000e+00
       585    0.0000000e+00
       586    0.0000000e+00
       587    0.0000000e+00
       588    0.0000000e+00
       589    0.0000000e+00
       590    0.0000000e+00
       591    0.0000000e+00
       592    0.0000000e+00
       593    0.0000000e+00
       594    0.0000000e+00
       595    0.0000000e+00
       596    0.0000000e+00
       597    0.0000000e+00
       598    0.0000000e+00
       599    0.0000000e+00
       600    0.0000000e+00
       601    0.0000000e+00
       602    0.0000000e+00
       603    0.0000000e+00
       604    0.0000000e+00
       605    0.0000000e+00
       606    0.0000000e+00
       607    0.0000000e+00
       608    0.0000000e+00
       609    0.0000000e+00
       610    0.0000000e+00
       611    0.0000000e+00
       612    0.0000000e+00
       613    0.0000000e+00
       614    0.0000000e+00
       615    0.0000000e+00
       616    0.0000000e+00
       617    0.0000000e+00
       618    0.0000000e+00
       619    0.0000000e+00
       620    0.0000000e+00
       621    0.0000000e+00
       622    0.0000000e+00
       623    0.0000000e+00
       624    0.0000000e+00
       625    0.0000000e+00
       626    0.0000000e+00
       627    0.0000000e+00
       628    0.0000000e+00
       629    0.0000000e+00
       630    0.0000000e+00
       631    0.0000000e+00
       632    0.0000000e+00
       633    0.0000000e+00
       634    0.0000000e+00
       635    0.0000000e+00
       636    0.0000000e+00
       637    0.0000000e+00
       638    0.0000000e+00
       639    0.0000000e+00
       640    0.0000000e+00
       641    0.0000000e+00
       642    0.0000000e+00
       643    0.0000000e+00
       644    0.0000000e+00
       645    0.0000000e+00
       646    0.0000000e+00
       647    0.0000000e+00
       648    0.0000000e+00
       649    0.0000000e+00
       650    0.0000000e+00
       651    0.0000000e+00
       652    0.0000000e+00
       653    0.0000000e+00
       654    0.0000000e+00
       655    0.0000000e+00
       656    0.0000000e+00
       657    0.0000000e+00
       658    0.0000000e+00
       659    0.0000000e+00
       660    0.0000000e+00
       661    0.0000000e+00
       662    0.0000000e+00
       663    0.0000000e+00
       664    0.0000000e+00
       665    0.0000000e+00
       666    0.0000000e+00
       667    0.0000000e+00
       668    0.0000000e+00
       669    0.0000000e+00
       670    0.0000000e+00
       671    0.0000000e+00
       672    0.0000000e+00
       673    0.0000000e+00
       674    0.0000000e+00
       675    0.0000000e+00
       676    0.0000000e+00
       677    0.0000000e+00
       678    0.0000000e+00
       679    0.0000000e+00
       680    0.0000000e+00
       681    0.0000000e+00
       682    0.0000000e+00
       683    0.0000000e+00
       684    0.0000000e+00
       685    0.0000000e+00
       686    0.0000000e+00
       687    0.0000000e+00
       688    0.0000000e+00
       689    0.0000000e+00
       690    0.0000000e+00
       691    0.0000000e+00
       692    0.0000000e+00
       693    0.0000000e+00
       694    0.0000000e+00
       695    0.0000000e+00
       696    0.0000000e+00
       697    0.0000000e+00
       698    0.0000000e+00
       699    0.0000000e+00
       700    0.0000000e+00
       701    0.0000000e+00
       702    0.0000000e+00
       703    0.0000000e+00
       704    0.0000000e+00
       705    0.0000000e+00
       706    0.0000000e+00
       707    0.0000000e+00
       708    0.0000000e+00
       709    0.0000000e+00
       710    0.0000000e+00
       711    0.0000000e+00
       712    0.0000000e+00
       713    0.0000000e+00
       714    0.0000000e+00
       715    0.0000000e+00
       716    0.0000000e+00
       717    0.0000000e+00
       718    0.0000000e+00
       719    0.0000000e+00
       720    0.0000000e+00
       721    0.0000000e+00
       722    0.0000000e+00
       723    0.0000000e+00
       724    0.0000000e+00
       725    0.0000000e+00
       726    0.0000000e+00
       727    0.0000000e+00
       728    0.0000000e+00
       729    0.0000000e+00
       730    0.0000000e+00
       731    0.0000000e+00
       732    0.0000000e+00
       733    0.0000000e+00
       734    0.0000000e+00
       735    0.0000000e+00
       736    0.0000000e+00
       737    0.0000000e+00
       738    0.0000000e+00
       739    0.0000000e+00
       740    0.0000000e+00
       741    0.0000000e+00
       742    0.0000000e+00
       743    0.0000000e+00
       744    0.0000000e+00
       745    0.0000000e+00
       746    0.0000000e+00
       747    0.0000000e+00
       748    0.0000000e+00
       749    0.0000000e+00
       750    0.0000000e+00
       751    0.0000000e+00
       752    0.0000000e+00
       753    0.0000000e+00
       754    0.0000000e+00
       755    0.0000000e+00
       756    0.0000000e+00
       757    0.0000000e+00
       758    0.0000000e+00
       759    0.0000000e+00
       760    0.0000000e+00
       761    0.0000000e+00
       762    0.0000000e+00
       763    0.0000000e+00
       764    0.0000000e+00
       765    0.0000000e+00
       766    0.0000000e+00
       767    0.0000000e+00
       768    0.0000000e+00
       769    0.0000000e+00
       770    0.0000000e+00
       771    0.0000000e+00
       772    0.0000000e+00
       773    0.0000000e+00
       774    0.0000000e+00
       775    0.0000000e+00
       776    0.0000000e+00
       777    0.0000000e+00
       778    0.0000000e+00
       779    0.0000000e+00
       780    0.0000000e+00
       781    0.0000000e+00
       782    0.0000000e+00
       783    0.0000000e+00
       784    0.0000000e+00
       785    0.0000000e+00
       786    0.0000000e+00
       787    0.0000000e+00
       788    0.0000000e+00
       789    0.0000000e+00
       790    0.0000000e+00
       791    0.0000000e+00
       792    0.0000000e+00
       793    0.0000000e+00
       794    0.0000000e+00
       795    0.0000000e+00
       796    0.0000000e+00
       797    0.0000000e+00
       798    0.0000000e+00
       799    0.0000000e+00
       800    0.0000000e+00
       801    0.0000000e+00
       802    0.0000000e+00
       803    0.0000000e+00
       804    0.0000000e+00
       805    0.0000000e+00
       806    0.0000000e+00
       807    0.0000000e+00
       808    0.0000000e+00
       809    0.0000000e+00
       810    0.0000000e+00
       811    0.0000000e+00
       812    0.0000000e+00
       813    0.0000000e+00
       814    0.0000000e+00
       815    0.0000000e+00
       816    0.0000000e+00
       817    0.0000000e+00
       818    0.0000000e+00
       819    0.0000000e+00
       820    0.0000000e+00
       821    0.0000000e+00
       822    0.0000000e+00
       823    0.0000000e+00
       824    0.0000000e+00
       825    0.0000000e+00
       826    0.0000000e+00
       827    0.0000000e+00
       828    0.0000000e+00
       829    0.0000000e+00
       830    0.0000000e+00
       831    0.0000000e+00
       832    0.0000000e+00
       833    0.0000000e+00
       834    0.0000000e+00
       835    0.0000000e+00
       836    0.0000000e+00
       837    0.0000000e+00
       838    0.0000000e+00
       839    0.0000000e+00
       840    0.0000000e+00
       841    0.0000000e+00
       842    0.0000000e+00
       843    0.0000000e+00
       844    0.0000000e+00
       845    0.0000000e+00
       846    0.0000000e+00
       847    0.0000000e+00
       848    0.0000000e+00
       849    0.0000000e+00
       850    0.0000000e+00
       851    0.0000000e+00
       852    0.0000000e+00
       853    0.0000000e+00
       854    0.0000000e+00
       855    0.0000000e+00
       856    0.0000000e+00
       857    0.0000000e+00
       858    0.0000000e+00
       859    0.0000000e+00
       860    0.0000000e+00
       861    0.0000000e+00
       862    0.0000000e+00
       863    0.0000000e+00
       864    0.0000000e+00
       865    0.0000000e+00
       866    0.0000000e+00
       867    0.0000000e+00
       868    0.0000000e+00
       869    0.0000000e+00
       870    0.0000000e+00
       871    0.0000000e+00
       872    0.0000000e+00
       873    0.0000000e+00
       874    0.0000000e+00
       875    0.0000000e+00
       876    0.0000000e+00
       877    0.0000000e+00
       878    0.0000000e+00
       879    0.0000000e+00
       880    0.0000000e+00
       881    0.0000000e+00
       882    0.0000000e+00
       883    0.0000000e+00
       884    0.0000000e+00
       885    0.0000000e+00
       886    0.0000000e+00
       887    0.0000000e+00
       888    0.0000000e+00
       889    0.0000000e+00
       890    0.0000000e+00
       891    0.0000000e+00
       892    0.0000000e+00
       893    0.0000000e+00
       894    0.0000000e+00
       895    0.0000000e+00
       896    0.0000000e+00
       897    0.0000000e+00
       898    0.0000000e+00
       899    0.0000000e+00
       900    0.0000000e+00
       901    0.0000000e+00
       902    0.0000000e+00
       903    0.0000000e+00
       904    0.0000000e+00
       905    0.0000000e+00
       906    0.0000000e+00
       907    0.0000000e+00
       908    0.0000000e+00
       909    0.0000000e+00
       910    0.0000000e+00
       911    0.0000000e+00
       912    0.0000000e+00
       913    0.0000000e+00
       914    0.0000000e+00
       915    0.0000000e+00
       916    0.0000000e+00
       917    0.0000000e+00
       918    0.0000000e+00
       919    0.0000000e+00
       920    0.0000000e+00
       921    0.0000000e+00
       922    0.0000000e+00
       923    0.0000000e+00
       924    0.0000000e+00
       925    0.0000000e+00
       926    0.0000000e+00
       927    0.0000000e+00
       928    0.0000000e+00
       929    0.0000000e+00
       930    0.0000000e+00
       931    0.0000000e+00
       932    0.0000000e+00
       933    0.0000000e+00
       934    0.0000000e+00
       935    0.0000000e+00
       936    0.0000000e+00
       937    0.0000000e+00
       938    0.0000000e+00
       939    0.0000000e+00
       940    0.0000000e+00
       941    0.0000000e+00
       942    0.0000000e+00
       943    0.0000000e+00
       944    0.0000000e+00
       945    0.0000000e+00
       946    0.0000000e+00
       947    0.0000000e+00
       948    0.0000000e+00
       949    0.0000000e+00
       950    0.0000000e+00
       951    0.0000000e+00
       952    0.0000000e+00
       953    0.0000000e+00
       954    0.0000000e+00
       955    0.0000000e+00
       956    0.0000000e+00
       957    0.0000000e+00
       958    0.0000000e+00
       959    0.0000000e+00
       960    0.0000000e+00
       961    0.0000000e+00
       962    0.0000000e+00
       963    0.0000000e+00
       964    0.0000000e+00
       965    0.0000000e+00
       966    0.0000000e+00
       967    0.0000000e+00
       968    0.0000000e+00
       969    0.0000000e+00
       970    0.0000000e+00
       971    0.0000000e+00
       972    0.0000000e+00
       973    0.0000000e+00
       974    0.0000000e+00
       975    0.0000000e+00
       976    0.0000000e+00
       977    0.0000000e+00
       978    0.0000000e+00
       979    0.0000000e+00
       980    0.0000000e+00
       981    0.0000000e+00
       982    0.0000000e+00
       983    0.0000000e+00
       984    0.0000000e+00
       985    0.0000000e+00
       986    0.0000000e+00
       987    0.0000000e+00
       988    0.0000000e+00
       989    0.0000000e+00
       990    0.0000000e+00
       991    0.0000000e+00
       992    0.0000000e+00
       993    0.0000000e+00
       994    0.0000000e+00
       995    0.0000000e+00
       996    0.0000000e+00
       997    0.0000000e+00
       998    0.0000000e+00
       999    0.0000000e+00
      1000    0.0000000e+00
      1001    0.0000000e+00
      1002    0.0000000e+00
      1003    0.0000000e+00
      1004    0.0000000e+00
      1005    0.0000000e+00
      1006    0.0000000e+00
      1007    0.0000000e+00
      1008    0.0000000e+00
      1009    0.0000000e+00
      1010    0.0000000e+00
      1011    0.0000000e+00
      1012    0.0000000e+00
      1013    0.0000000e+00
      1014    0.0000000e+00
      1015    0.0000000e+00
      1016    0.0000000e+00
      1017    0.0000000e+00
      1018    0.0000000e+00
      1019    0.0000000e+00
      1020    0.0000000e+00
      1021    0.0000000e+00
      1022    0.0000000e+00
      1023    0.0000000e+00
      1024    0.0000000e+00
