         1    9.9999905e-01
         2    9.9999905e-01
         3    9.9999905e-01
         4    9.9999905e-01
         5    9.9999905e-01
         6    9.9999905e-01
         7    9.9999905e-01
         8    9.9999905e-01
         9    9.9999905e-01
        10    9.9999905e-01
        11    9.9999905e-01
        12    9.9999905e-01
        13    9.9999905e-01
        14    9.9999905e-01
        15    9.9999905e-01
        16    9.9999905e-01
        17    9.9999905e-01
        18    9.9999905e-01
        19    9.9999905e-01
        20    9.9999905e-01
        21    9.9999905e-01
        22    9.9999905e-01
        23    9.9999905e-01
        24    9.9999905e-01
        25    9.9999905e-01
        26    9.9999905e-01
        27    9.9999905e-01
        28    9.9999905e-01
        29    9.9999905e-01
        30    9.9999905e-01
        31    9.9999905e-01
        32    9.9999905e-01
        33    9.9999905e-01
        34    9.9999905e-01
        35    9.9999905e-01
        36    9.9999905e-01
        37    9.9999905e-01
        38    9.9999905e-01
        39    9.9999905e-01
        40    9.9999905e-01
        41    9.9999905e-01
        42    9.9999905e-01
        43    9.9999905e-01
        44    9.9999905e-01
        45    9.9999905e-01
        46    9.9999905e-01
        47    9.9999905e-01
        48    9.9999905e-01
        49    9.9999905e-01
        50    9.9999905e-01
        51    9.9999905e-01
        52    9.9999905e-01
        53    9.9999905e-01
        54    9.9999905e-01
        55    9.9999905e-01
        56    9.9999905e-01
        57    9.9999905e-01
        58    9.9999905e-01
        59    9.9999905e-01
        60    9.9999905e-01
        61    9.9999905e-01
        62    9.9999905e-01
        63    9.9999905e-01
        64    9.9999905e-01
        65    9.9999905e-01
        66    9.9999905e-01
        67    9.9999905e-01
        68    9.9999905e-01
        69    9.9999905e-01
        70    9.9999905e-01
        71    9.9999905e-01
        72    9.9999905e-01
        73    9.9999905e-01
        74    9.9999905e-01
        75    9.9999905e-01
        76    9.9999905e-01
        77    9.9999905e-01
        78    9.9999905e-01
        79    9.9999905e-01
        80    9.9999905e-01
        81    9.9999905e-01
        82    9.9999905e-01
        83    9.9999905e-01
        84    9.9999905e-01
        85    9.9999905e-01
        86    9.9999905e-01
        87    9.9999905e-01
        88    9.9999905e-01
        89    9.9999905e-01
        90    9.9999905e-01
        91    9.9999905e-01
        92    9.9999905e-01
        93    9.9999905e-01
        94    9.9999905e-01
        95    9.9999905e-01
        96    9.9999905e-01
        97    9.9999905e-01
        98    9.9999905e-01
        99    9.9999905e-01
       100    9.9999905e-01
       101    9.9999905e-01
       102    9.9999905e-01
       103    9.9999905e-01
       104    9.9999905e-01
       105    9.9999905e-01
       106    9.9999905e-01
       107    9.9999905e-01
       108    9.9999899e-01
       109    9.9999887e-01
       110    9.9999869e-01
       111    9.9999845e-01
       112    9.9999809e-01
       113    9.9999756e-01
       114    9.9999678e-01
       115    9.9999583e-01
       116    9.9999458e-01
       117    9.9999297e-01
       118    9.9999070e-01
       119    9.9998778e-01
       120    9.9998397e-01
       121    9.9997890e-01
       122    9.9997228e-01
       123    9.9996352e-01
       124    9.9995208e-01
       125    9.9993700e-01
       126    9.9991709e-01
       127    9.9989086e-01
       128    9.9985641e-01
       129    9.9981111e-01
       130    9.9975151e-01
       131    9.9967301e-01
       132    9.9956977e-01
       133    9.9943388e-01
       134    9.9925518e-01
       135    9.9901998e-01
       136    9.9871075e-01
       137    9.9830395e-01
       138    9.9776912e-01
       139    9.9706602e-01
       140    9.9614209e-01
       141    9.9492854e-01
       142    9.9333566e-01
       143    9.9124664e-01
       144    9.8851001e-01
       145    9.8493034e-01
       146    9.8025692e-01
       147    9.7417110e-01
       148    9.6627218e-01
       149    9.5606399e-01
       150    9.4294471e-01
       151    9.2620468e-01
       152    9.0503931e-01
       153    8.7858719e-01
       154    8.4600389e-01
       155    8.0658042e-01
       156    7.5990427e-01
       157    7.0604432e-01
       158    6.4571440e-01
       159    5.8035177e-01
       160    5.1204824e-01
       161    4.4331419e-01
       162    3.7672129e-01
       163    3.1452677e-01
       164    2.5839218e-01
       165    2.0926237e-01
       166    1.6740255e-01
       167    1.3254148e-01
       168    1.0405393e-01
       169    8.1131458e-02
       170    6.2914185e-02
       171    4.8577935e-02
       172    3.7382644e-02
       173    2.8692579e-02
       174    2.1978473e-02
       175    1.6809603e-02
       176    1.2841273e-02
       177    9.8010413e-03
       178    7.4755759e-03
       179    5.6989943e-03
       180    4.3429905e-03
       181    3.3087155e-03
       182    2.5202443e-03
       183    1.9193917e-03
       184    1.4616436e-03
       185    1.1129890e-03
       186    8.4746751e-04
       187    6.4527756e-04
       188    4.9132400e-04
       189    3.7410404e-04
       190    2.8485490e-04
       191    2.1690267e-04
       192    1.6516514e-04
       193    1.2577260e-04
       194    9.5778763e-05
       195    7.2940580e-05
       196    5.5550376e-05
       197    4.2308082e-05
       198    3.2223961e-05
       199    2.4544508e-05
       200    1.8696061e-05
       201    1.4241861e-05
       202    1.0849375e-05
       203    8.2654105e-06
       204    6.2971835e-06
       205    4.7978965e-06
       206    3.6557667e-06
       207    2.7856690e-06
       208    2.1227775e-06
       209    1.6177215e-06
       210    1.2329001e-06
       211    9.3967424e-07
       212    7.1623009e-07
       213    5.4595154e-07
       214    4.1618125e-07
       215    3.1727680e-07
       216    2.4189231e-07
       217    1.8443122e-07
       218    1.4062937e-07
       219    1.0723770e-07
       220    8.1780442e-08
       221    6.2370994e-08
       222    4.7571607e-08
       223    3.6286551e-08
       224    2.7680700e-08
       225    2.1117511e-08
       226    1.6111780e-08
       227    1.2293636e-08
       228    9.3811066e-09
       229    7.1592177e-09
       230    5.4640648e-09
       231    4.1706705e-09
       232    3.1837333e-09
       233    2.4305764e-09
       234    1.8557724e-09
       235    1.4170467e-09
       236    1.0821529e-09
       237    8.2649332e-10
       238    6.3130234e-10
       239    4.8226312e-10
       240    3.6845166e-10
       241    2.8153213e-10
       242    2.1514325e-10
       243    1.6442997e-10
       244    1.2568663e-10
       245    9.6084488e-11
       246    7.3464054e-11
       247    5.6176574e-11
       248    4.2963098e-11
       249    3.2862244e-11
       250    2.5139783e-11
       251    1.9234888e-11
       252    1.4719160e-11
       253    1.1265301e-11
       254    8.6232358e-12
       255    6.6018636e-12
       256    5.0551360e-12
       257    3.8714201e-12
       258    2.9653779e-12
       259    2.2717631e-12
       260    1.7406855e-12
       261    1.3339904e-12
       262    1.0224949e-12
       263    7.8387421e-13
       264    6.0104797e-13
       265    4.6094590e-13
       266    3.5356510e-13
       267    2.7124884e-13
       268    2.0813529e-13
       269    1.5973612e-13
       270    1.2261404e-13
       271    9.4136253e-14
       272    7.2285819e-14
       273    5.5517328e-14
       274    4.2646439e-14
       275    3.2765382e-14
       276    2.5178234e-14
       277    1.9351384e-14
       278    1.4875604e-14
       279    1.1436992e-14
       280    8.7947270e-15
       281    6.7640201e-15
       282    5.2030473e-15
       283    4.0029422e-15
       284    3.0801197e-15
       285    2.3703944e-15
       286    1.8244677e-15
       287    1.4044685e-15
       288    1.0812984e-15
       289    8.3259601e-16
       290    6.4117334e-16
       291    4.9381708e-16
       292    3.8036737e-16
       293    2.9301090e-16
       294    2.2573783e-16
       295    1.7392485e-16
       296    1.3401460e-16
       297    1.0326954e-16
       298    7.9582630e-17
       299    6.1331902e-17
       300    4.7268614e-17
       301    3.6431208e-17
       302    2.8079189e-17
       303    2.1642213e-17
       304    1.6680952e-17
       305    1.2856944e-17
       306    9.9094194e-18
       307    7.6374413e-18
       308    5.8861651e-18
       309    4.5362556e-18
       310    3.4957368e-18
       311    2.6937147e-18
       312    2.0755428e-18
       313    1.5990966e-18
       314    1.2319017e-18
       315    9.4892392e-19
       316    7.3086344e-19
       317    5.6284166e-19
       318    4.3338807e-19
       319    3.3365990e-19
       320    2.5684023e-19
       321    1.9767409e-19
       322    1.5211071e-19
       323    1.1702777e-19
       324    9.0018731e-20
       325    6.9228910e-20
       326    5.3229040e-20
       327    4.0917788e-20
       328    3.1446618e-20
       329    2.4161841e-20
       330    1.8559934e-20
       331    1.4253094e-20
       332    1.0942696e-20
       333    8.3988179e-21
       334    6.4444648e-21
       335    4.9434103e-21
       336    3.7908258e-21
       337    2.9060614e-21
       338    2.2270806e-21
       339    1.7061757e-21
       340    1.3066663e-21
       341    1.0003578e-21
       342    7.6558312e-22
       343    5.8569608e-22
       344    4.4791133e-22
       345    3.4241137e-22
       346    2.6166016e-22
       347    1.9987438e-22
       348    1.5261728e-22
       349    1.1648614e-22
       350    8.8872167e-23
       351    6.7775893e-23
       352    5.1665407e-23
       353    3.9367394e-23
       354    2.9983533e-23
       355    2.2826306e-23
       356    1.7369698e-23
       357    1.3211436e-23
       358    1.0043991e-23
       359    7.6323523e-24
       360    5.7970067e-24
       361    4.4008838e-24
       362    3.3393673e-24
       363    2.5326446e-24
       364    1.9198512e-24
       365    1.4545940e-24
       366    1.1015254e-24
       367    8.3372628e-25
       368    6.3070509e-25
       369    4.7687090e-25
       370    3.6036672e-25
       371    2.7217972e-25
       372    2.0546215e-25
       373    1.5501397e-25
       374    1.1688817e-25
       375    8.8090489e-26
       376    6.6350493e-26
       377    4.9947517e-26
       378    3.7578227e-26
       379    2.8255913e-26
       380    2.1233969e-26
       381    1.5947768e-26
       382    1.1970535e-26
       383    8.9798756e-27
       384    6.7323770e-27
       385    5.0443591e-27
       386    3.7772987e-27
       387    2.8267841e-27
       388    2.1141617e-27
       389    1.5802155e-27
       390    1.1803895e-27
       391    8.8117785e-28
       392    6.5739962e-28
       393    4.9014142e-28
       394    3.6520586e-28
       395    2.7194244e-28
       396    2.0236603e-28
       397    1.5049361e-28
       398    1.1184508e-28
       399    8.3067784e-29
       400    6.1654368e-29
       401    4.5730830e-29
       402    3.3897444e-29
       403    2.5109388e-29
       404    1.8587254e-29
       405    1.3750005e-29
       406    1.0164776e-29
       407    7.5092866e-30
       408    5.5437581e-30
       409    4.0899056e-30
       410    3.0152579e-30
       411    2.2214504e-30
       412    1.6354926e-30
       413    1.2032590e-30
       414    8.8464103e-31
       415    6.4993703e-31
       416    4.7716734e-31
       417    3.5007745e-31
       418    2.5665549e-31
       419    1.8803072e-31
       420    1.3765688e-31
       421    1.0070634e-31
       422    7.3621464e-32
       423    5.3782358e-32
       424    3.9261056e-32
       425    2.8639794e-32
       426    2.0876736e-32
       427    1.5206847e-32
       428    1.1068755e-32
       429    8.0508234e-33
       430    5.8514434e-33
       431    4.2497746e-33
       432    3.0842400e-33
       433    2.2367062e-33
       434    1.6208671e-33
       435    1.1737150e-33
       436    8.4928594e-34
       437    6.1407357e-34
       438    4.4367120e-34
       439    3.2031388e-34
       440    2.3108042e-34
       441    1.6657991e-34
       442    1.1999233e-34
       443    8.6368420e-35
       444    6.2119274e-35
       445    4.4644400e-35
       446    3.2060931e-35
       447    2.3006636e-35
       448    1.6496706e-35
       449    1.1819738e-35
       450    8.4622205e-36
       451    6.0537715e-36
       452    4.3274522e-36
       453    3.0910250e-36
       454    2.2061552e-36
       455    1.5733754e-36
       456    1.1212199e-36
       457    7.9838220e-37
       458    5.6805698e-37
       459    4.0386238e-37
       460    2.8690277e-37
       461    2.0365517e-37
       462    1.4444912e-37
       463    1.0237470e-37
       464    7.2498351e-38
       465    5.1300416e-38
       466    3.6271902e-38
       467    2.5625716e-38
       468    1.8089952e-38
       469    1.2760101e-38
       470    8.9934341e-39
       471    6.3336098e-39
       472    4.4568788e-39
       473    3.1337448e-39
       474    2.2016557e-39
       475    1.5455649e-39
       476    1.0841202e-39
       477    7.5983307e-40
       478    5.3212067e-40
       479    3.7235023e-40
       480    2.6034024e-40
       481    1.8187733e-40
       482    1.2695904e-40
       483    8.8552254e-41
       484    6.1713184e-41
       485    4.2972219e-41
       486    2.9898104e-41
       487    2.0784059e-41
       488    1.4434775e-41
       489    1.0016481e-41
       490    6.9434339e-42
       491    4.8078550e-42
       492    3.3266826e-42
       493    2.2995308e-42
       494    1.5862699e-42
       495    1.0930128e-42
       496    7.5249728e-43
       497    5.1707913e-43
       498    3.5452851e-43
       499    2.4102334e-43
       500    1.6395192e-43
       501    1.0930128e-43
       502    7.2867520e-44
       503    4.7644148e-44
       504    3.0828566e-44
       505    1.8216880e-44
       506    8.4077908e-45
       507    2.8025969e-45
       508    0.0000000e+00
       509    0.0000000e+00
       510    0.0000000e+00
       511    0.0000000e+00
       512    0.0000000e+00
       513    0.0000000e+00
       514    0.0000000e+00
       515    0.0000000e+00
       516    0.0000000e+00
       517    0.0000000e+00
       518    0.0000000e+00
       519    0.0000000e+00
       520    0.0000000e+00
       521    0.0000000e+00
       522    0.0000000e+00
       523    0.0000000e+00
       524    0.0000000e+00
       525    0.0000000e+00
       526    0.0000000e+00
       527    0.0000000e+00
       528    0.0000000e+00
       529    0.0000000e+00
       530    0.0000000e+00
       531    0.0000000e+00
       532    0.0000000e+00
       533    0.0000000e+00
       534    0.0000000e+00
       535    0.0000000e+00
       536    0.0000000e+00
       537    0.0000000e+00
       538    0.0000000e+00
       539    0.0000000e+00
       540    0.0000000e+00
       541    0.0000000e+00
       542    0.0000000e+00
       543    0.0000000e+00
       544    0.0000000e+00
       545    0.0000000e+00
       546    0.0000000e+00
       547    0.0000000e+00
       548    0.0000000e+00
       549    0.0000000e+00
       550    0.0000000e+00
       551    0.0000000e+00
       552    0.0000000e+00
       553    0.0000000e+00
       554    0.0000000e+00
       555    0.0000000e+00
       556    0.0000000e+00
       557    0.0000000e+00
       558    0.0000000e+00
       559    0.0000000e+00
       560    0.0000000e+00
       561    0.0000000e+00
       562    0.0000000e+00
       563    0.0000000e+00
       564    0.0000000e+00
       565    0.0000000e+00
       566    0.0000000e+00
       567    0.0000000e+00
       568    0.0000000e+00
       569    0.0000000e+00
       570    0.0000000e+00
       571    0.0000000e+00
       572    0.0000000e+00
       573    0.0000000e+00
       574    0.0000000e+00
       575    0.0000000e+00
       576    0.0000000e+00
       577    0.0000000e+00
       578    0.0000000e+00
       579    0.0000000e+00
       580    0.0000000e+00
       581    0.0000000e+00
       582    0.0000000e+00
       583    0.0000000e+00
       584    0.0000000e+00
       585    0.0000000e+00
       586    0.0000000e+00
       587    0.0000000e+00
       588    0.0000000e+00
       589    0.0000000e+00
       590    0.0000000e+00
       591    0.0000000e+00
       592    0.0000000e+00
       593    0.0000000e+00
       594    0.0000000e+00
       595    0.0000000e+00
       596    0.0000000e+00
       597    0.0000000e+00
       598    0.0000000e+00
       599    0.0000000e+00
       600    0.0000000e+00
       601    0.0000000e+00
       602    0.0000000e+00
       603    0.0000000e+00
       604    0.0000000e+00
       605    0.0000000e+00
       606    0.0000000e+00
       607    0.0000000e+00
       608    0.0000000e+00
       609    0.0000000e+00
       610    0.0000000e+00
       611    0.0000000e+00
       612    0.0000000e+00
       613    0.0000000e+00
       614    0.0000000e+00
       615    0.0000000e+00
       616    0.0000000e+00
       617    0.0000000e+00
       618    0.0000000e+00
       619    0.0000000e+00
       620    0.0000000e+00
       621    0.0000000e+00
       622    0.0000000e+00
       623    0.0000000e+00
       624    0.0000000e+00
       625    0.0000000e+00
       626    0.0000000e+00
       627    0.0000000e+00
       628    0.0000000e+00
       629    0.0000000e+00
       630    0.0000000e+00
       631    0.0000000e+00
       632    0.0000000e+00
       633    0.0000000e+00
       634    0.0000000e+00
       635    0.0000000e+00
       636    0.0000000e+00
       637    0.0000000e+00
       638    0.0000000e+00
       639    0.0000000e+00
       640    0.0000000e+00
       641    0.0000000e+00
       642    0.0000000e+00
       643    0.0000000e+00
       644    0.0000000e+00
       645    0.0000000e+00
       646    0.0000000e+00
       647    0.0000000e+00
       648    0.0000000e+00
       649    0.0000000e+00
       650    0.0000000e+00
       651    0.0000000e+00
       652    0.0000000e+00
       653    0.0000000e+00
       654    0.0000000e+00
       655    0.0000000e+00
       656    0.0000000e+00
       657    0.0000000e+00
       658    0.0000000e+00
       659    0.0000000e+00
       660    0.0000000e+00
       661    0.0000000e+00
       662    0.0000000e+00
       663    0.0000000e+00
       664    0.0000000e+00
       665    0.0000000e+00
       666    0.0000000e+00
       667    0.0000000e+00
       668    0.0000000e+00
       669    0.0000000e+00
       670    0.0000000e+00
       671    0.0000000e+00
       672    0.0000000e+00
       673    0.0000000e+00
       674    0.0000000e+00
       675    0.0000000e+00
       676    0.0000000e+00
       677    0.0000000e+00
       678    0.0000000e+00
       679    0.0000000e+00
       680    0.0000000e+00
       681    0.0000000e+00
       682    0.0000000e+00
       683    0.0000000e+00
       684    0.0000000e+00
       685    0.0000000e+00
       686    0.0000000e+00
       687    0.0000000e+00
       688    0.0000000e+00
       689    0.0000000e+00
       690    0.0000000e+00
       691    0.0000000e+00
       692    0.0000000e+00
       693    0.0000000e+00
       694    0.0000000e+00
       695    0.0000000e+00
       696    0.0000000e+00
       697    0.0000000e+00
       698    0.0000000e+00
       699    0.0000000e+00
       700    0.0000000e+00
       701    0.0000000e+00
       702    0.0000000e+00
       703    0.0000000e+00
       704    0.0000000e+00
       705    0.0000000e+00
       706    0.0000000e+00
       707    0.0000000e+00
       708    0.0000000e+00
       709    0.0000000e+00
       710    0.0000000e+00
       711    0.0000000e+00
       712    0.0000000e+00
       713    0.0000000e+00
       714    0.0000000e+00
       715    0.0000000e+00
       716    0.0000000e+00
       717    0.0000000e+00
       718    0.0000000e+00
       719    0.0000000e+00
       720    0.0000000e+00
       721    0.0000000e+00
       722    0.0000000e+00
       723    0.0000000e+00
       724    0.0000000e+00
       725    0.0000000e+00
       726    0.0000000e+00
       727    0.0000000e+00
       728    0.0000000e+00
       729    0.0000000e+00
       730    0.0000000e+00
       731    0.0000000e+00
       732    0.0000000e+00
       733    0.0000000e+00
       734    0.0000000e+00
       735    0.0000000e+00
       736    0.0000000e+00
       737    0.0000000e+00
       738    0.0000000e+00
       739    0.0000000e+00
       740    0.0000000e+00
       741    0.0000000e+00
       742    0.0000000e+00
       743    0.0000000e+00
       744    0.0000000e+00
       745    0.0000000e+00
       746    0.0000000e+00
       747    0.0000000e+00
       748    0.0000000e+00
       749    0.0000000e+00
       750    0.0000000e+00
       751    0.0000000e+00
       752    0.0000000e+00
       753    0.0000000e+00
       754    0.0000000e+00
       755    0.0000000e+00
       756    0.0000000e+00
       757    0.0000000e+00
       758    0.0000000e+00
       759    0.0000000e+00
       760    0.0000000e+00
       761    0.0000000e+00
       762    0.0000000e+00
       763    0.0000000e+00
       764    0.0000000e+00
       765    0.0000000e+00
       766    0.0000000e+00
       767    0.0000000e+00
       768    0.0000000e+00
       769    0.0000000e+00
       770    0.0000000e+00
       771    0.0000000e+00
       772    0.0000000e+00
       773    0.0000000e+00
       774    0.0000000e+00
       775    0.0000000e+00
       776    0.0000000e+00
       777    0.0000000e+00
       778    0.0000000e+00
       779    0.0000000e+00
       780    0.0000000e+00
       781    0.0000000e+00
       782    0.0000000e+00
       783    0.0000000e+00
       784    0.0000000e+00
       785    0.0000000e+00
       786    0.0000000e+00
       787    0.0000000e+00
       788    0.0000000e+00
       789    0.0000000e+00
       790    0.0000000e+00
       791    0.0000000e+00
       792    0.0000000e+00
       793    0.0000000e+00
       794    0.0000000e+00
       795    0.0000000e+00
       796    0.0000000e+00
       797    0.0000000e+00
       798    0.0000000e+00
       799    0.0000000e+00
       800    0.0000000e+00
       801    0.0000000e+00
       802    0.0000000e+00
       803    0.0000000e+00
       804    0.0000000e+00
       805    0.0000000e+00
       806    0.0000000e+00
       807    0.0000000e+00
       808    0.0000000e+00
       809    0.0000000e+00
       810    0.0000000e+00
       811    0.0000000e+00
       812    0.0000000e+00
       813    0.0000000e+00
       814    0.0000000e+00
       815    0.0000000e+00
       816    0.0000000e+00
       817    0.0000000e+00
       818    0.0000000e+00
       819    0.0000000e+00
       820    0.0000000e+00
       821    0.0000000e+00
       822    0.0000000e+00
       823    0.0000000e+00
       824    0.0000000e+00
       825    0.0000000e+00
       826    0.0000000e+00
       827    0.0000000e+00
       828    0.0000000e+00
       829    0.0000000e+00
       830    0.0000000e+00
       831    0.0000000e+00
       832    0.0000000e+00
       833    0.0000000e+00
       834    0.0000000e+00
       835    0.0000000e+00
       836    0.0000000e+00
       837    0.0000000e+00
       838    0.0000000e+00
       839    0.0000000e+00
       840    0.0000000e+00
       841    0.0000000e+00
       842    0.0000000e+00
       843    0.0000000e+00
       844    0.0000000e+00
       845    0.0000000e+00
       846    0.0000000e+00
       847    0.0000000e+00
       848    0.0000000e+00
       849    0.0000000e+00
       850    0.0000000e+00
       851    0.0000000e+00
       852    0.0000000e+00
       853    0.0000000e+00
       854    0.0000000e+00
       855    0.0000000e+00
       856    0.0000000e+00
       857    0.0000000e+00
       858    0.0000000e+00
       859    0.0000000e+00
       860    0.0000000e+00
       861    0.0000000e+00
       862    0.0000000e+00
       863    0.0000000e+00
       864    0.0000000e+00
       865    0.0000000e+00
       866    0.0000000e+00
       867    0.0000000e+00
       868    0.0000000e+00
       869    0.0000000e+00
       870    0.0000000e+00
       871    0.0000000e+00
       872    0.0000000e+00
       873    0.0000000e+00
       874    0.0000000e+00
       875    0.0000000e+00
       876    0.0000000e+00
       877    0.0000000e+00
       878    0.0000000e+00
       879    0.0000000e+00
       880    0.0000000e+00
       881    0.0000000e+00
       882    0.0000000e+00
       883    0.0000000e+00
       884    0.0000000e+00
       885    0.0000000e+00
       886    0.0000000e+00
       887    0.0000000e+00
       888    0.0000000e+00
       889    0.0000000e+00
       890    0.0000000e+00
       891    0.0000000e+00
       892    0.0000000e+00
       893    0.0000000e+00
       894    0.0000000e+00
       895    0.0000000e+00
       896    0.0000000e+00
       897    0.0000000e+00
       898    0.0000000e+00
       899    0.0000000e+00
       900    0.0000000e+00
       901    0.0000000e+00
       902    0.0000000e+00
       903    0.0000000e+00
       904    0.0000000e+00
       905    0.0000000e+00
       906    0.0000000e+00
       907    0.0000000e+00
       908    0.0000000e+00
       909    0.0000000e+00
       910    0.0000000e+00
       911    0.0000000e+00
       912    0.0000000e+00
       913    0.0000000e+00
       914    0.0000000e+00
       915    0.0000000e+00
       916    0.0000000e+00
       917    0.0000000e+00
       918    0.0000000e+00
       919    0.0000000e+00
       920    0.0000000e+00
       921    0.0000000e+00
       922    0.0000000e+00
       923    0.0000000e+00
       924    0.0000000e+00
       925    0.0000000e+00
       926    0.0000000e+00
       927    0.0000000e+00
       928    0.0000000e+00
       929    0.0000000e+00
       930    0.0000000e+00
       931    0.0000000e+00
       932    0.0000000e+00
       933    0.0000000e+00
       934    0.0000000e+00
       935    0.0000000e+00
       936    0.0000000e+00
       937    0.0000000e+00
       938    0.0000000e+00
       939    0.0000000e+00
       940    0.0000000e+00
       941    0.0000000e+00
       942    0.0000000e+00
       943    0.0000000e+00
       944    0.0000000e+00
       945    0.0000000e+00
       946    0.0000000e+00
       947    0.0000000e+00
       948    0.0000000e+00
       949    0.0000000e+00
       950    0.0000000e+00
       951    0.0000000e+00
       952    0.0000000e+00
       953    0.0000000e+00
       954    0.0000000e+00
       955    0.0000000e+00
       956    0.0000000e+00
       957    0.0000000e+00
       958    0.0000000e+00
       959    0.0000000e+00
       960    0.0000000e+00
       961    0.0000000e+00
       962    0.0000000e+00
       963    0.0000000e+00
       964    0.0000000e+00
       965    0.0000000e+00
       966    0.0000000e+00
       967    0.0000000e+00
       968    0.0000000e+00
       969    0.0000000e+00
       970    0.0000000e+00
       971    0.0000000e+00
       972    0.0000000e+00
       973    0.0000000e+00
       974    0.0000000e+00
       975    0.0000000e+00
       976    0.0000000e+00
       977    0.0000000e+00
       978    0.0000000e+00
       979    0.0000000e+00
       980    0.0000000e+00
       981    0.0000000e+00
       982    0.0000000e+00
       983    0.0000000e+00
       984    0.0000000e+00
       985    0.0000000e+00
       986    0.0000000e+00
       987    0.0000000e+00
       988    0.0000000e+00
       989    0.0000000e+00
       990    0.0000000e+00
       991    0.0000000e+00
       992    0.0000000e+00
       993    0.0000000e+00
       994    0.0000000e+00
       995    0.0000000e+00
       996    0.0000000e+00
       997    0.0000000e+00
       998    0.0000000e+00
       999    0.0000000e+00
      1000    0.0000000e+00
      1001    0.0000000e+00
      1002    0.0000000e+00
      1003    0.0000000e+00
      1004    0.0000000e+00
      1005    0.0000000e+00
      1006    0.0000000e+00
      1007    0.0000000e+00
      1008    0.0000000e+00
      1009    0.0000000e+00
      1010    0.0000000e+00
      1011    0.0000000e+00
      1012    0.0000000e+00
      1013    0.0000000e+00
      1014    0.0000000e+00
      1015    0.0000000e+00
      1016    0.0000000e+00
      1017    0.0000000e+00
      1018    0.0000000e+00
      1019    0.0000000e+00
      1020    0.0000000e+00
      1021    0.0000000e+00
      1022    0.0000000e+00
      1023    0.0000000e+00
      1024    0.0000000e+00
