         1    9.9999905e-01
         2    9.9999905e-01
         3    9.9999905e-01
         4    9.9999905e-01
         5    9.9999905e-01
         6    9.9999905e-01
         7    9.9999905e-01
         8    9.9999905e-01
         9    9.9999905e-01
        10    9.9999905e-01
        11    9.9999905e-01
        12    9.9999905e-01
        13    9.9999905e-01
        14    9.9999905e-01
        15    9.9999905e-01
        16    9.9999905e-01
        17    9.9999905e-01
        18    9.9999905e-01
        19    9.9999905e-01
        20    9.9999905e-01
        21    9.9999905e-01
        22    9.9999905e-01
        23    9.9999905e-01
        24    9.9999905e-01
        25    9.9999905e-01
        26    9.9999905e-01
        27    9.9999905e-01
        28    9.9999905e-01
        29    9.9999905e-01
        30    9.9999905e-01
        31    9.9999905e-01
        32    9.9999905e-01
        33    9.9999905e-01
        34    9.9999905e-01
        35    9.9999905e-01
        36    9.9999905e-01
        37    9.9999905e-01
        38    9.9999905e-01
        39    9.9999905e-01
        40    9.9999905e-01
        41    9.9999905e-01
        42    9.9999905e-01
        43    9.9999905e-01
        44    9.9999905e-01
        45    9.9999905e-01
        46    9.9999905e-01
        47    9.9999905e-01
        48    9.9999905e-01
        49    9.9999905e-01
        50    9.9999905e-01
        51    9.9999905e-01
        52    9.9999905e-01
        53    9.9999905e-01
        54    9.9999905e-01
        55    9.9999905e-01
        56    9.9999905e-01
        57    9.9999905e-01
        58    9.9999905e-01
        59    9.9999905e-01
        60    9.9999905e-01
        61    9.9999905e-01
        62    9.9999905e-01
        63    9.9999905e-01
        64    9.9999905e-01
        65    9.9999905e-01
        66    9.9999905e-01
        67    9.9999905e-01
        68    9.9999905e-01
        69    9.9999905e-01
        70    9.9999905e-01
        71    9.9999905e-01
        72    9.9999905e-01
        73    9.9999905e-01
        74    9.9999905e-01
        75    9.9999905e-01
        76    9.9999905e-01
        77    9.9999905e-01
        78    9.9999905e-01
        79    9.9999905e-01
        80    9.9999905e-01
        81    9.9999905e-01
        82    9.9999905e-01
        83    9.9999905e-01
        84    9.9999905e-01
        85    9.9999905e-01
        86    9.9999905e-01
        87    9.9999899e-01
        88    9.9999887e-01
        89    9.9999863e-01
        90    9.9999833e-01
        91    9.9999785e-01
        92    9.9999726e-01
        93    9.9999642e-01
        94    9.9999541e-01
        95    9.9999398e-01
        96    9.9999213e-01
        97    9.9998969e-01
        98    9.9998641e-01
        99    9.9998218e-01
       100    9.9997658e-01
       101    9.9996918e-01
       102    9.9995953e-01
       103    9.9994677e-01
       104    9.9992996e-01
       105    9.9990791e-01
       106    9.9987888e-01
       107    9.9984068e-01
       108    9.9979043e-01
       109    9.9972427e-01
       110    9.9963731e-01
       111    9.9952286e-01
       112    9.9937236e-01
       113    9.9917442e-01
       114    9.9891406e-01
       115    9.9857169e-01
       116    9.9812150e-01
       117    9.9752963e-01
       118    9.9675184e-01
       119    9.9573004e-01
       120    9.9438846e-01
       121    9.9262822e-01
       122    9.9032092e-01
       123    9.8730016e-01
       124    9.8335177e-01
       125    9.7820199e-01
       126    9.7150385e-01
       127    9.6282369e-01
       128    9.5162779e-01
       129    9.3727511e-01
       130    9.1901922e-01
       131    8.9602923e-01
       132    8.6743999e-01
       133    8.3244085e-01
       134    7.9041100e-01
       135    7.4109197e-01
       136    6.8477154e-01
       137    6.2242383e-01
       138    5.5573982e-01
       139    4.8699734e-01
       140    4.1877189e-01
       141    3.5355967e-01
       142    2.9342493e-01
       143    2.3977311e-01
       144    1.9329077e-01
       145    1.5402874e-01
       146    1.2156664e-01
       147    9.5195495e-02
       148    7.4076101e-02
       149    5.7354365e-02
       150    4.4233281e-02
       151    3.4009844e-02
       152    2.6087649e-02
       153    1.9974606e-02
       154    1.5272878e-02
       155    1.1665618e-02
       156    8.9032976e-03
       157    6.7910450e-03
       158    5.1776338e-03
       159    3.9462633e-03
       160    3.0070439e-03
       161    2.2909855e-03
       162    1.7452466e-03
       163    1.3294151e-03
       164    1.0126218e-03
       165    7.7130680e-04
       166    5.8750046e-04
       167    4.4750367e-04
       168    3.4087658e-04
       169    2.5966510e-04
       170    1.9781034e-04
       171    1.5069735e-04
       172    1.1481152e-04
       173    8.7476234e-05
       174    6.6653178e-05
       175    5.0790088e-05
       176    3.8704853e-05
       177    2.9497227e-05
       178    2.2481596e-05
       179    1.7135788e-05
       180    1.3062095e-05
       181    9.9575891e-06
       182    7.5915236e-06
       183    5.7881252e-06
       184    4.4134877e-06
       185    3.3655947e-06
       186    2.5667196e-06
       187    1.9576389e-06
       188    1.4932252e-06
       189    1.1390886e-06
       190    8.6902071e-07
       191    6.6304688e-07
       192    5.0594213e-07
       193    3.8610108e-07
       194    2.9467674e-07
       195    2.2492439e-07
       196    1.7170157e-07
       197    1.3108719e-07
       198    1.0009117e-07
       199    7.6433203e-08
       200    5.8374134e-08
       201    4.4587416e-08
       202    3.4061124e-08
       203    2.6023272e-08
       204    1.9884858e-08
       205    1.5196454e-08
       206    1.1615089e-08
       207    8.8790184e-09
       208    6.7884551e-09
       209    5.1908930e-09
       210    3.9699022e-09
       211    3.0365865e-09
       212    2.3230640e-09
       213    1.7774926e-09
       214    1.3602762e-09
       215    1.0411673e-09
       216    7.9705709e-10
       217    6.1028871e-10
       218    4.6736859e-10
       219    3.5798381e-10
       220    2.7425093e-10
       221    2.1014301e-10
       222    1.6105159e-10
       223    1.2345235e-10
       224    9.4649628e-11
       225    7.2581274e-11
       226    5.5669486e-11
       227    4.2706838e-11
       228    3.2769190e-11
       229    2.5149107e-11
       230    1.9304931e-11
       231    1.4821869e-11
       232    1.1382213e-11
       233    8.7425744e-12
       234    6.7164616e-12
       235    5.1609528e-12
       236    3.9664938e-12
       237    3.0490909e-12
       238    2.3443352e-12
       239    1.8028255e-12
       240    1.3866629e-12
       241    1.0667679e-12
       242    8.2082198e-13
       243    6.3169327e-13
       244    4.8622759e-13
       245    3.7432327e-13
       246    2.8822092e-13
       247    2.2195910e-13
       248    1.7095684e-13
       249    1.3169310e-13
       250    1.0146109e-13
       251    7.8179454e-14
       252    6.0247488e-14
       253    4.6433858e-14
       254    3.5791211e-14
       255    2.7590524e-14
       256    2.1270680e-14
       257    1.6399722e-14
       258    1.2645065e-14
       259    9.7505850e-15
       260    7.5190132e-15
       261    5.7983852e-15
       262    4.4716165e-15
       263    3.4484871e-15
       264    2.6594660e-15
       265    2.0509598e-15
       266    1.5816554e-15
       267    1.2197015e-15
       268    9.4053998e-16
       269    7.2523353e-16
       270    5.5917838e-16
       271    4.3111155e-16
       272    3.3234616e-16
       273    2.5618181e-16
       274    1.9745016e-16
       275    1.5216443e-16
       276    1.1724927e-16
       277    9.0332391e-17
       278    6.9583803e-17
       279    5.3591897e-17
       280    4.1267812e-17
       281    3.1771683e-17
       282    2.4455721e-17
       283    1.8820336e-17
       284    1.4480252e-17
       285    1.1138378e-17
       286    8.5656463e-18
       287    6.5854582e-18
       288    5.0616828e-18
       289    3.8893970e-18
       290    2.9877458e-18
       291    2.2944282e-18
       292    1.7614503e-18
       293    1.3518454e-18
       294    1.0371463e-18
       295    7.9543595e-19
       296    6.0984340e-19
       297    4.6738548e-19
       298    3.5807323e-19
       299    2.7422317e-19
       300    2.0992691e-19
       301    1.6064227e-19
       302    1.2287837e-19
       303    9.3953074e-20
       304    7.1806347e-20
       305    5.4856382e-20
       306    4.1889027e-20
       307    3.1972647e-20
       308    2.4392621e-20
       309    1.8601004e-20
       310    1.4177800e-20
       311    1.0801209e-20
       312    8.2247659e-21
       313    6.2597794e-21
       314    4.7618474e-21
       315    3.6205086e-21
       316    2.7513013e-21
       317    2.0896711e-21
       318    1.5863018e-21
       319    1.2035349e-21
       320    9.1262710e-22
       321    6.9165088e-22
       322    5.2388538e-22
       323    3.9658701e-22
       324    3.0004793e-22
       325    2.2687665e-22
       326    1.7144829e-22
       327    1.2948451e-22
       328    9.7732968e-23
       329    7.3722516e-23
       330    5.5576645e-23
       331    4.1871150e-23
       332    3.1525734e-23
       333    2.3721418e-23
       334    1.7837694e-23
       335    1.3404691e-23
       336    1.0066821e-23
       337    7.5551481e-24
       338    5.6663871e-24
       339    4.2469743e-24
       340    3.1809792e-24
       341    2.3809347e-24
       342    1.7808908e-24
       343    1.3311528e-24
       344    9.9429932e-25
       345    7.4216887e-25
       346    5.5358270e-25
       347    4.1262385e-25
       348    3.0733787e-25
       349    2.2875236e-25
       350    1.7013782e-25
       351    1.2645030e-25
       352    9.3911882e-26
       353    6.9694893e-26
       354    5.1684358e-26
       355    3.8299508e-26
       356    2.8359673e-26
       357    2.0983666e-26
       358    1.5514287e-26
       359    1.1461745e-26
       360    8.4612866e-27
       361    6.2414717e-27
       362    4.6004561e-27
       363    3.3882570e-27
       364    2.4935132e-27
       365    1.8336030e-27
       366    1.3472729e-27
       367    9.8914722e-28
       368    7.2563763e-28
       369    5.3190083e-28
       370    3.8957586e-28
       371    2.8510340e-28
       372    2.0847804e-28
       373    1.5232259e-28
       374    1.1120211e-28
       375    8.1115740e-29
       376    5.9120651e-29
       377    4.3054038e-29
       378    3.1327658e-29
       379    2.2776132e-29
       380    1.6545076e-29
       381    1.2008619e-29
       382    8.7086670e-30
       383    6.3102038e-30
       384    4.5684303e-30
       385    3.3046189e-30
       386    2.3883905e-30
       387    1.7247167e-30
       388    1.2443931e-30
       389    8.9706460e-31
       390    6.4612284e-31
       391    4.6497615e-31
       392    3.3432543e-31
       393    2.4017637e-31
       394    1.7239010e-31
       395    1.2362735e-31
       396    8.8580082e-32
       397    6.3412648e-32
       398    4.5355824e-32
       399    3.2412067e-32
       400    2.3141738e-32
       401    1.6508208e-32
       402    1.1765699e-32
       403    8.3781582e-33
       404    5.9606214e-33
       405    4.2368780e-33
       406    3.0089217e-33
       407    2.1349398e-33
       408    1.5134547e-33
       409    1.0719177e-33
       410    7.5850945e-34
       411    5.3625001e-34
       412    3.7877362e-34
       413    2.6729908e-34
       414    1.8846031e-34
       415    1.3275359e-34
       416    9.3427769e-35
       417    6.5691377e-35
       418    4.6146924e-35
       419    3.2387581e-35
       420    2.2709889e-35
       421    1.5909322e-35
       422    1.1134940e-35
       423    7.7861542e-36
       424    5.4394688e-36
       425    3.7965382e-36
       426    2.6473799e-36
       427    1.8443418e-36
       428    1.2836975e-36
       429    8.9264658e-37
       430    6.2014246e-37
       431    4.3042544e-37
       432    2.9846846e-37
       433    2.0677237e-37
       434    1.4311317e-37
       435    9.8959899e-38
       436    6.8364548e-38
       437    4.7183950e-38
       438    3.2534843e-38
       439    2.2412686e-38
       440    1.5425146e-38
       441    1.0606069e-38
       442    7.2856604e-39
       443    5.0000263e-39
       444    3.4281842e-39
       445    2.3482483e-39
       446    1.6069839e-39
       447    1.0986670e-39
       448    7.5042475e-40
       449    5.1207510e-40
       450    3.4909568e-40
       451    2.3776111e-40
       452    1.6177851e-40
       453    1.0997250e-40
       454    7.4683603e-41
       455    5.0669551e-41
       456    3.4343023e-41
       457    2.3254548e-41
       458    1.5729575e-41
       459    1.0630250e-41
       460    7.1760494e-42
       461    4.8386836e-42
       462    3.2580189e-42
       463    2.1916308e-42
       464    1.4727647e-42
       465    9.8791542e-43
       466    6.6141288e-43
       467    4.4140902e-43
       468    2.9427268e-43
       469    1.9478049e-43
       470    1.2891946e-43
       471    8.4077908e-44
       472    5.3249342e-44
       473    3.3631163e-44
       474    1.9618179e-44
       475    1.1210388e-44
       476    4.2038954e-45
       477    1.4012985e-45
       478    0.0000000e+00
       479    0.0000000e+00
       480    0.0000000e+00
       481    0.0000000e+00
       482    0.0000000e+00
       483    0.0000000e+00
       484    0.0000000e+00
       485    0.0000000e+00
       486    0.0000000e+00
       487    0.0000000e+00
       488    0.0000000e+00
       489    0.0000000e+00
       490    0.0000000e+00
       491    0.0000000e+00
       492    0.0000000e+00
       493    0.0000000e+00
       494    0.0000000e+00
       495    0.0000000e+00
       496    0.0000000e+00
       497    0.0000000e+00
       498    0.0000000e+00
       499    0.0000000e+00
       500    0.0000000e+00
       501    0.0000000e+00
       502    0.0000000e+00
       503    0.0000000e+00
       504    0.0000000e+00
       505    0.0000000e+00
       506    0.0000000e+00
       507    0.0000000e+00
       508    0.0000000e+00
       509    0.0000000e+00
       510    0.0000000e+00
       511    0.0000000e+00
       512    0.0000000e+00
       513    0.0000000e+00
       514    0.0000000e+00
       515    0.0000000e+00
       516    0.0000000e+00
       517    0.0000000e+00
       518    0.0000000e+00
       519    0.0000000e+00
       520    0.0000000e+00
       521    0.0000000e+00
       522    0.0000000e+00
       523    0.0000000e+00
       524    0.0000000e+00
       525    0.0000000e+00
       526    0.0000000e+00
       527    0.0000000e+00
       528    0.0000000e+00
       529    0.0000000e+00
       530    0.0000000e+00
       531    0.0000000e+00
       532    0.0000000e+00
       533    0.0000000e+00
       534    0.0000000e+00
       535    0.0000000e+00
       536    0.0000000e+00
       537    0.0000000e+00
       538    0.0000000e+00
       539    0.0000000e+00
       540    0.0000000e+00
       541    0.0000000e+00
       542    0.0000000e+00
       543    0.0000000e+00
       544    0.0000000e+00
       545    0.0000000e+00
       546    0.0000000e+00
       547    0.0000000e+00
       548    0.0000000e+00
       549    0.0000000e+00
       550    0.0000000e+00
       551    0.0000000e+00
       552    0.0000000e+00
       553    0.0000000e+00
       554    0.0000000e+00
       555    0.0000000e+00
       556    0.0000000e+00
       557    0.0000000e+00
       558    0.0000000e+00
       559    0.0000000e+00
       560    0.0000000e+00
       561    0.0000000e+00
       562    0.0000000e+00
       563    0.0000000e+00
       564    0.0000000e+00
       565    0.0000000e+00
       566    0.0000000e+00
       567    0.0000000e+00
       568    0.0000000e+00
       569    0.0000000e+00
       570    0.0000000e+00
       571    0.0000000e+00
       572    0.0000000e+00
       573    0.0000000e+00
       574    0.0000000e+00
       575    0.0000000e+00
       576    0.0000000e+00
       577    0.0000000e+00
       578    0.0000000e+00
       579    0.0000000e+00
       580    0.0000000e+00
       581    0.0000000e+00
       582    0.0000000e+00
       583    0.0000000e+00
       584    0.0000000e+00
       585    0.0000000e+00
       586    0.0000000e+00
       587    0.0000000e+00
       588    0.0000000e+00
       589    0.0000000e+00
       590    0.0000000e+00
       591    0.0000000e+00
       592    0.0000000e+00
       593    0.0000000e+00
       594    0.0000000e+00
       595    0.0000000e+00
       596    0.0000000e+00
       597    0.0000000e+00
       598    0.0000000e+00
       599    0.0000000e+00
       600    0.0000000e+00
       601    0.0000000e+00
       602    0.0000000e+00
       603    0.0000000e+00
       604    0.0000000e+00
       605    0.0000000e+00
       606    0.0000000e+00
       607    0.0000000e+00
       608    0.0000000e+00
       609    0.0000000e+00
       610    0.0000000e+00
       611    0.0000000e+00
       612    0.0000000e+00
       613    0.0000000e+00
       614    0.0000000e+00
       615    0.0000000e+00
       616    0.0000000e+00
       617    0.0000000e+00
       618    0.0000000e+00
       619    0.0000000e+00
       620    0.0000000e+00
       621    0.0000000e+00
       622    0.0000000e+00
       623    0.0000000e+00
       624    0.0000000e+00
       625    0.0000000e+00
       626    0.0000000e+00
       627    0.0000000e+00
       628    0.0000000e+00
       629    0.0000000e+00
       630    0.0000000e+00
       631    0.0000000e+00
       632    0.0000000e+00
       633    0.0000000e+00
       634    0.0000000e+00
       635    0.0000000e+00
       636    0.0000000e+00
       637    0.0000000e+00
       638    0.0000000e+00
       639    0.0000000e+00
       640    0.0000000e+00
       641    0.0000000e+00
       642    0.0000000e+00
       643    0.0000000e+00
       644    0.0000000e+00
       645    0.0000000e+00
       646    0.0000000e+00
       647    0.0000000e+00
       648    0.0000000e+00
       649    0.0000000e+00
       650    0.0000000e+00
       651    0.0000000e+00
       652    0.0000000e+00
       653    0.0000000e+00
       654    0.0000000e+00
       655    0.0000000e+00
       656    0.0000000e+00
       657    0.0000000e+00
       658    0.0000000e+00
       659    0.0000000e+00
       660    0.0000000e+00
       661    0.0000000e+00
       662    0.0000000e+00
       663    0.0000000e+00
       664    0.0000000e+00
       665    0.0000000e+00
       666    0.0000000e+00
       667    0.0000000e+00
       668    0.0000000e+00
       669    0.0000000e+00
       670    0.0000000e+00
       671    0.0000000e+00
       672    0.0000000e+00
       673    0.0000000e+00
       674    0.0000000e+00
       675    0.0000000e+00
       676    0.0000000e+00
       677    0.0000000e+00
       678    0.0000000e+00
       679    0.0000000e+00
       680    0.0000000e+00
       681    0.0000000e+00
       682    0.0000000e+00
       683    0.0000000e+00
       684    0.0000000e+00
       685    0.0000000e+00
       686    0.0000000e+00
       687    0.0000000e+00
       688    0.0000000e+00
       689    0.0000000e+00
       690    0.0000000e+00
       691    0.0000000e+00
       692    0.0000000e+00
       693    0.0000000e+00
       694    0.0000000e+00
       695    0.0000000e+00
       696    0.0000000e+00
       697    0.0000000e+00
       698    0.0000000e+00
       699    0.0000000e+00
       700    0.0000000e+00
       701    0.0000000e+00
       702    0.0000000e+00
       703    0.0000000e+00
       704    0.0000000e+00
       705    0.0000000e+00
       706    0.0000000e+00
       707    0.0000000e+00
       708    0.0000000e+00
       709    0.0000000e+00
       710    0.0000000e+00
       711    0.0000000e+00
       712    0.0000000e+00
       713    0.0000000e+00
       714    0.0000000e+00
       715    0.0000000e+00
       716    0.0000000e+00
       717    0.0000000e+00
       718    0.0000000e+00
       719    0.0000000e+00
       720    0.0000000e+00
       721    0.0000000e+00
       722    0.0000000e+00
       723    0.0000000e+00
       724    0.0000000e+00
       725    0.0000000e+00
       726    0.0000000e+00
       727    0.0000000e+00
       728    0.0000000e+00
       729    0.0000000e+00
       730    0.0000000e+00
       731    0.0000000e+00
       732    0.0000000e+00
       733    0.0000000e+00
       734    0.0000000e+00
       735    0.0000000e+00
       736    0.0000000e+00
       737    0.0000000e+00
       738    0.0000000e+00
       739    0.0000000e+00
       740    0.0000000e+00
       741    0.0000000e+00
       742    0.0000000e+00
       743    0.0000000e+00
       744    0.0000000e+00
       745    0.0000000e+00
       746    0.0000000e+00
       747    0.0000000e+00
       748    0.0000000e+00
       749    0.0000000e+00
       750    0.0000000e+00
       751    0.0000000e+00
       752    0.0000000e+00
       753    0.0000000e+00
       754    0.0000000e+00
       755    0.0000000e+00
       756    0.0000000e+00
       757    0.0000000e+00
       758    0.0000000e+00
       759    0.0000000e+00
       760    0.0000000e+00
       761    0.0000000e+00
       762    0.0000000e+00
       763    0.0000000e+00
       764    0.0000000e+00
       765    0.0000000e+00
       766    0.0000000e+00
       767    0.0000000e+00
       768    0.0000000e+00
       769    0.0000000e+00
       770    0.0000000e+00
       771    0.0000000e+00
       772    0.0000000e+00
       773    0.0000000e+00
       774    0.0000000e+00
       775    0.0000000e+00
       776    0.0000000e+00
       777    0.0000000e+00
       778    0.0000000e+00
       779    0.0000000e+00
       780    0.0000000e+00
       781    0.0000000e+00
       782    0.0000000e+00
       783    0.0000000e+00
       784    0.0000000e+00
       785    0.0000000e+00
       786    0.0000000e+00
       787    0.0000000e+00
       788    0.0000000e+00
       789    0.0000000e+00
       790    0.0000000e+00
       791    0.0000000e+00
       792    0.0000000e+00
       793    0.0000000e+00
       794    0.0000000e+00
       795    0.0000000e+00
       796    0.0000000e+00
       797    0.0000000e+00
       798    0.0000000e+00
       799    0.0000000e+00
       800    0.0000000e+00
       801    0.0000000e+00
       802    0.0000000e+00
       803    0.0000000e+00
       804    0.0000000e+00
       805    0.0000000e+00
       806    0.0000000e+00
       807    0.0000000e+00
       808    0.0000000e+00
       809    0.0000000e+00
       810    0.0000000e+00
       811    0.0000000e+00
       812    0.0000000e+00
       813    0.0000000e+00
       814    0.0000000e+00
       815    0.0000000e+00
       816    0.0000000e+00
       817    0.0000000e+00
       818    0.0000000e+00
       819    0.0000000e+00
       820    0.0000000e+00
       821    0.0000000e+00
       822    0.0000000e+00
       823    0.0000000e+00
       824    0.0000000e+00
       825    0.0000000e+00
       826    0.0000000e+00
       827    0.0000000e+00
       828    0.0000000e+00
       829    0.0000000e+00
       830    0.0000000e+00
       831    0.0000000e+00
       832    0.0000000e+00
       833    0.0000000e+00
       834    0.0000000e+00
       835    0.0000000e+00
       836    0.0000000e+00
       837    0.0000000e+00
       838    0.0000000e+00
       839    0.0000000e+00
       840    0.0000000e+00
       841    0.0000000e+00
       842    0.0000000e+00
       843    0.0000000e+00
       844    0.0000000e+00
       845    0.0000000e+00
       846    0.0000000e+00
       847    0.0000000e+00
       848    0.0000000e+00
       849    0.0000000e+00
       850    0.0000000e+00
       851    0.0000000e+00
       852    0.0000000e+00
       853    0.0000000e+00
       854    0.0000000e+00
       855    0.0000000e+00
       856    0.0000000e+00
       857    0.0000000e+00
       858    0.0000000e+00
       859    0.0000000e+00
       860    0.0000000e+00
       861    0.0000000e+00
       862    0.0000000e+00
       863    0.0000000e+00
       864    0.0000000e+00
       865    0.0000000e+00
       866    0.0000000e+00
       867    0.0000000e+00
       868    0.0000000e+00
       869    0.0000000e+00
       870    0.0000000e+00
       871    0.0000000e+00
       872    0.0000000e+00
       873    0.0000000e+00
       874    0.0000000e+00
       875    0.0000000e+00
       876    0.0000000e+00
       877    0.0000000e+00
       878    0.0000000e+00
       879    0.0000000e+00
       880    0.0000000e+00
       881    0.0000000e+00
       882    0.0000000e+00
       883    0.0000000e+00
       884    0.0000000e+00
       885    0.0000000e+00
       886    0.0000000e+00
       887    0.0000000e+00
       888    0.0000000e+00
       889    0.0000000e+00
       890    0.0000000e+00
       891    0.0000000e+00
       892    0.0000000e+00
       893    0.0000000e+00
       894    0.0000000e+00
       895    0.0000000e+00
       896    0.0000000e+00
       897    0.0000000e+00
       898    0.0000000e+00
       899    0.0000000e+00
       900    0.0000000e+00
       901    0.0000000e+00
       902    0.0000000e+00
       903    0.0000000e+00
       904    0.0000000e+00
       905    0.0000000e+00
       906    0.0000000e+00
       907    0.0000000e+00
       908    0.0000000e+00
       909    0.0000000e+00
       910    0.0000000e+00
       911    0.0000000e+00
       912    0.0000000e+00
       913    0.0000000e+00
       914    0.0000000e+00
       915    0.0000000e+00
       916    0.0000000e+00
       917    0.0000000e+00
       918    0.0000000e+00
       919    0.0000000e+00
       920    0.0000000e+00
       921    0.0000000e+00
       922    0.0000000e+00
       923    0.0000000e+00
       924    0.0000000e+00
       925    0.0000000e+00
       926    0.0000000e+00
       927    0.0000000e+00
       928    0.0000000e+00
       929    0.0000000e+00
       930    0.0000000e+00
       931    0.0000000e+00
       932    0.0000000e+00
       933    0.0000000e+00
       934    0.0000000e+00
       935    0.0000000e+00
       936    0.0000000e+00
       937    0.0000000e+00
       938    0.0000000e+00
       939    0.0000000e+00
       940    0.0000000e+00
       941    0.0000000e+00
       942    0.0000000e+00
       943    0.0000000e+00
       944    0.0000000e+00
       945    0.0000000e+00
       946    0.0000000e+00
       947    0.0000000e+00
       948    0.0000000e+00
       949    0.0000000e+00
       950    0.0000000e+00
       951    0.0000000e+00
       952    0.0000000e+00
       953    0.0000000e+00
       954    0.0000000e+00
       955    0.0000000e+00
       956    0.0000000e+00
       957    0.0000000e+00
       958    0.0000000e+00
       959    0.0000000e+00
       960    0.0000000e+00
       961    0.0000000e+00
       962    0.0000000e+00
       963    0.0000000e+00
       964    0.0000000e+00
       965    0.0000000e+00
       966    0.0000000e+00
       967    0.0000000e+00
       968    0.0000000e+00
       969    0.0000000e+00
       970    0.0000000e+00
       971    0.0000000e+00
       972    0.0000000e+00
       973    0.0000000e+00
       974    0.0000000e+00
       975    0.0000000e+00
       976    0.0000000e+00
       977    0.0000000e+00
       978    0.0000000e+00
       979    0.0000000e+00
       980    0.0000000e+00
       981    0.0000000e+00
       982    0.0000000e+00
       983    0.0000000e+00
       984    0.0000000e+00
       985    0.0000000e+00
       986    0.0000000e+00
       987    0.0000000e+00
       988    0.0000000e+00
       989    0.0000000e+00
       990    0.0000000e+00
       991    0.0000000e+00
       992    0.0000000e+00
       993    0.0000000e+00
       994    0.0000000e+00
       995    0.0000000e+00
       996    0.0000000e+00
       997    0.0000000e+00
       998    0.0000000e+00
       999    0.0000000e+00
      1000    0.0000000e+00
      1001    0.0000000e+00
      1002    0.0000000e+00
      1003    0.0000000e+00
      1004    0.0000000e+00
      1005    0.0000000e+00
      1006    0.0000000e+00
      1007    0.0000000e+00
      1008    0.0000000e+00
      1009    0.0000000e+00
      1010    0.0000000e+00
      1011    0.0000000e+00
      1012    0.0000000e+00
      1013    0.0000000e+00
      1014    0.0000000e+00
      1015    0.0000000e+00
      1016    0.0000000e+00
      1017    0.0000000e+00
      1018    0.0000000e+00
      1019    0.0000000e+00
      1020    0.0000000e+00
      1021    0.0000000e+00
      1022    0.0000000e+00
      1023    0.0000000e+00
      1024    0.0000000e+00
