         1    9.9999905e-01
         2    9.9999905e-01
         3    9.9999905e-01
         4    9.9999905e-01
         5    9.9999905e-01
         6    9.9999905e-01
         7    9.9999905e-01
         8    9.9999905e-01
         9    9.9999905e-01
        10    9.9999905e-01
        11    9.9999905e-01
        12    9.9999905e-01
        13    9.9999905e-01
        14    9.9999905e-01
        15    9.9999905e-01
        16    9.9999905e-01
        17    9.9999905e-01
        18    9.9999905e-01
        19    9.9999905e-01
        20    9.9999905e-01
        21    9.9999905e-01
        22    9.9999905e-01
        23    9.9999905e-01
        24    9.9999905e-01
        25    9.9999905e-01
        26    9.9999905e-01
        27    9.9999905e-01
        28    9.9999905e-01
        29    9.9999905e-01
        30    9.9999905e-01
        31    9.9999905e-01
        32    9.9999905e-01
        33    9.9999905e-01
        34    9.9999905e-01
        35    9.9999905e-01
        36    9.9999905e-01
        37    9.9999905e-01
        38    9.9999905e-01
        39    9.9999905e-01
        40    9.9999905e-01
        41    9.9999905e-01
        42    9.9999905e-01
        43    9.9999905e-01
        44    9.9999905e-01
        45    9.9999905e-01
        46    9.9999905e-01
        47    9.9999905e-01
        48    9.9999905e-01
        49    9.9999905e-01
        50    9.9999905e-01
        51    9.9999905e-01
        52    9.9999905e-01
        53    9.9999905e-01
        54    9.9999905e-01
        55    9.9999905e-01
        56    9.9999905e-01
        57    9.9999905e-01
        58    9.9999905e-01
        59    9.9999905e-01
        60    9.9999905e-01
        61    9.9999905e-01
        62    9.9999905e-01
        63    9.9999905e-01
        64    9.9999905e-01
        65    9.9999899e-01
        66    9.9999887e-01
        67    9.9999869e-01
        68    9.9999851e-01
        69    9.9999815e-01
        70    9.9999768e-01
        71    9.9999702e-01
        72    9.9999613e-01
        73    9.9999493e-01
        74    9.9999338e-01
        75    9.9999136e-01
        76    9.9998873e-01
        77    9.9998516e-01
        78    9.9998051e-01
        79    9.9997443e-01
        80    9.9996638e-01
        81    9.9995583e-01
        82    9.9994189e-01
        83    9.9992365e-01
        84    9.9989963e-01
        85    9.9986804e-01
        86    9.9982649e-01
        87    9.9977189e-01
        88    9.9970013e-01
        89    9.9960566e-01
        90    9.9948150e-01
        91    9.9931824e-01
        92    9.9910349e-01
        93    9.9882120e-01
        94    9.9845010e-01
        95    9.9796230e-01
        96    9.9732125e-01
        97    9.9647903e-01
        98    9.9537307e-01
        99    9.9392158e-01
       100    9.9201798e-01
       101    9.8952401e-01
       102    9.8626083e-01
       103    9.8199880e-01
       104    9.7644478e-01
       105    9.6922892e-01
       106    9.5989060e-01
       107    9.4786662e-01
       108    9.3248576e-01
       109    9.1297525e-01
       110    8.8848895e-01
       111    8.5816723e-01
       112    8.2123870e-01
       113    7.7716714e-01
       114    7.2583121e-01
       115    6.6770178e-01
       116    6.0395741e-01
       117    5.3647333e-01
       118    4.6764329e-01
       119    4.0005669e-01
       120    3.3611691e-01
       121    2.7771661e-01
       122    2.2605696e-01
       123    1.8163258e-01
       124    1.4434408e-01
       125    1.1367308e-01
       126    8.8861011e-02
       127    6.9055974e-02
       128    5.3415351e-02
       129    4.1166823e-02
       130    3.1637419e-02
       131    2.4261087e-02
       132    1.8573677e-02
       133    1.4201623e-02
       134    1.0848402e-02
       135    8.2810568e-03
       136    6.3179848e-03
       137    4.8184376e-03
       138    3.6738073e-03
       139    2.8005645e-03
       140    2.1346272e-03
       141    1.6269244e-03
       142    1.2399331e-03
       143    9.4499072e-04
       144    7.2022027e-04
       145    5.4893317e-04
       146    4.1840426e-04
       147    3.1893354e-04
       148    2.4312841e-04
       149    1.8535570e-04
       150    1.4132327e-04
       151    1.0776091e-04
       152    8.2177081e-05
       153    6.2673505e-05
       154    4.7803835e-05
       155    3.6466037e-05
       156    2.7820384e-05
       157    2.1226962e-05
       158    1.6198106e-05
       159    1.2362146e-05
       160    9.4357874e-06
       161    7.2030866e-06
       162    5.4994198e-06
       163    4.1992766e-06
       164    3.2069561e-06
       165    2.4494811e-06
       166    1.8711967e-06
       167    1.4296533e-06
       168    1.0924703e-06
       169    8.3494513e-07
       170    6.3823023e-07
       171    4.8794374e-07
       172    3.7310997e-07
       173    2.8535169e-07
       174    2.1827418e-07
       175    1.6699536e-07
       176    1.2778749e-07
       177    9.7803834e-08
       178    7.4870172e-08
       179    5.7325625e-08
       180    4.3901309e-08
       181    3.3627643e-08
       182    2.5763640e-08
       183    1.9742913e-08
       184    1.5132471e-08
       185    1.1601238e-08
       186    8.8960226e-09
       187    6.8231580e-09
       188    5.2344848e-09
       189    4.0166337e-09
       190    3.0828389e-09
       191    2.3666837e-09
       192    1.8173172e-09
       193    1.3957976e-09
       194    1.0722975e-09
       195    8.2396545e-10
       196    6.3329064e-10
       197    4.8685184e-10
       198    3.7435996e-10
       199    2.8792518e-10
       200    2.2149617e-10
       201    1.7043059e-10
       202    1.3116616e-10
       203    1.0096875e-10
       204    7.7739329e-11
       205    5.9866063e-11
       206    4.6110948e-11
       207    3.5522855e-11
       208    2.7370892e-11
       209    2.1093268e-11
       210    1.6258073e-11
       211    1.2533163e-11
       212    9.6630611e-12
       213    7.4512141e-12
       214    5.7463643e-12
       215    4.4320897e-12
       216    3.4187590e-12
       217    2.6373524e-12
       218    2.0347099e-12
       219    1.5698796e-12
       220    1.2113077e-12
       221    9.3467692e-13
       222    7.2124359e-13
       223    5.5655784e-13
       224    4.2947793e-13
       225    3.3141179e-13
       226    2.5573245e-13
       227    1.9732801e-13
       228    1.5225473e-13
       229    1.1746977e-13
       230    9.0625180e-14
       231    6.9909010e-14
       232    5.3922876e-14
       233    4.1587492e-14
       234    3.2069802e-14
       235    2.4726799e-14
       236    1.9062143e-14
       237    1.4692710e-14
       238    1.1322771e-14
       239    8.7240573e-15
       240    6.7203742e-15
       241    5.1757343e-15
       242    3.9851850e-15
       243    3.0677318e-15
       244    2.3608763e-15
       245    1.8163961e-15
       246    1.3970885e-15
       247    1.0742566e-15
       248    8.2576718e-16
       249    6.3455224e-16
       250    4.8745237e-16
       251    3.7432334e-16
       252    2.8734685e-16
       253    2.2049858e-16
       254    1.6913754e-16
       255    1.2968929e-16
       256    9.9401580e-17
       257    7.6155753e-17
       258    5.8321348e-17
       259    4.4644013e-17
       260    3.4158983e-17
       261    2.6124504e-17
       262    1.9970461e-17
       263    1.5258801e-17
       264    1.1653076e-17
       265    8.8949610e-18
       266    6.7861972e-18
       267    5.1746794e-18
       268    3.9437614e-18
       269    3.0040267e-18
       270    2.2869600e-18
       271    1.7400863e-18
       272    1.3232327e-18
       273    1.0056590e-18
       274    7.6385384e-19
       275    5.7984337e-19
       276    4.3989393e-19
       277    3.3351708e-19
       278    2.5270688e-19
       279    1.9135554e-19
       280    1.4480584e-19
       281    1.0950862e-19
       282    8.2760648e-20
       283    6.2504178e-20
       284    4.7173713e-20
       285    3.5578954e-20
       286    2.6815430e-20
       287    2.0196269e-20
       288    1.5200182e-20
       289    1.1431786e-20
       290    8.5913911e-21
       291    6.4519882e-21
       292    4.8417337e-21
       293    3.6306306e-21
       294    2.7204056e-21
       295    2.0368190e-21
       296    1.5238249e-21
       297    1.1391433e-21
       298    8.5090117e-22
       299    6.3508841e-22
       300    4.7363133e-22
       301    3.5293506e-22
       302    2.6278118e-22
       303    1.9549509e-22
       304    1.4531706e-22
       305    1.0792788e-22
       306    8.0091091e-23
       307    5.9383442e-23
       308    4.3992065e-23
       309    3.2561808e-23
       310    2.4080479e-23
       311    1.7792688e-23
       312    1.3135155e-23
       313    9.6882098e-24
       314    7.1394381e-24
       315    5.2564705e-24
       316    3.8666214e-24
       317    2.8416724e-24
       318    2.0865024e-24
       319    1.5306081e-24
       320    1.1217784e-24
       321    8.2138337e-25
       322    6.0086692e-25
       323    4.3913910e-25
       324    3.2063814e-25
       325    2.3389208e-25
       326    1.7045160e-25
       327    1.2409946e-25
       328    9.0265119e-26
       329    6.5591775e-26
       330    4.7616368e-26
       331    3.4533357e-26
       332    2.5020449e-26
       333    1.8110208e-26
       334    1.3095501e-26
       335    9.4599614e-27
       336    6.8268993e-27
       337    4.9217887e-27
       338    3.5447534e-27
       339    2.5504170e-27
       340    1.8331452e-27
       341    1.3162597e-27
       342    9.4415605e-28
       343    6.7655343e-28
       344    4.8430060e-28
       345    3.4632287e-28
       346    2.4739969e-28
       347    1.7654996e-28
       348    1.2585931e-28
       349    8.9629487e-29
       350    6.3762178e-29
       351    4.5312780e-29
       352    3.2167881e-29
       353    2.2812199e-29
       354    1.6160457e-29
       355    1.1436175e-29
       356    8.0843934e-30
       357    5.7089014e-30
       358    4.0271237e-30
       359    2.8377468e-30
       360    1.9975034e-30
       361    1.4045451e-30
       362    9.8654520e-31
       363    6.9219836e-31
       364    4.8514928e-31
       365    3.3966481e-31
       366    2.3755006e-31
       367    1.6595419e-31
       368    1.1581076e-31
       369    8.0730254e-32
       370    5.6214667e-32
       371    3.9101012e-32
       372    2.7167555e-32
       373    1.8855436e-32
       374    1.3072095e-32
       375    9.0526480e-33
       376    6.2622037e-33
       377    4.3271214e-33
       378    2.9866929e-33
       379    2.0592114e-33
       380    1.4181738e-33
       381    9.7560833e-34
       382    6.7040665e-34
       383    4.6016889e-34
       384    3.1550895e-34
       385    2.1608318e-34
       386    1.4782381e-34
       387    1.0101397e-34
       388    6.8949545e-35
       389    4.7010375e-35
       390    3.2016055e-35
       391    2.1779762e-35
       392    1.4799569e-35
       393    1.0045119e-35
       394    6.8103676e-36
       395    4.6120608e-36
       396    3.1198082e-36
       397    2.1079909e-36
       398    1.4227118e-36
       399    9.5911808e-37
       400    6.4585290e-37
       401    4.3441122e-37
       402    2.9185955e-37
       403    1.9586271e-37
       404    1.3129075e-37
       405    8.7906395e-38
       406    5.8790950e-38
       407    3.9273859e-38
       408    2.6205918e-38
       409    1.7466161e-38
       410    1.1627795e-38
       411    7.7321211e-39
       412    5.1357154e-39
       413    3.4072488e-39
       414    2.2579108e-39
       415    1.4945465e-39
       416    9.8812281e-40
       417    6.5254686e-40
       418    4.3043685e-40
       419    2.8359899e-40
       420    1.8663614e-40
       421    1.2268228e-40
       422    8.0549438e-41
       423    5.2824748e-41
       424    3.4602263e-41
       425    2.2639378e-41
       426    1.4793508e-41
       427    9.6549464e-42
       428    6.2946327e-42
       429    4.0973967e-42
       430    2.6638684e-42
       431    1.7292023e-42
       432    1.1196375e-42
       433    7.2447131e-43
       434    4.6803369e-43
       435    3.0127917e-43
       436    1.9197789e-43
       437    1.2191297e-43
       438    7.7071416e-44
       439    4.7644148e-44
       440    2.9427268e-44
       441    1.6815582e-44
       442    8.4077908e-45
       443    2.8025969e-45
       444    0.0000000e+00
       445    0.0000000e+00
       446    0.0000000e+00
       447    0.0000000e+00
       448    0.0000000e+00
       449    0.0000000e+00
       450    0.0000000e+00
       451    0.0000000e+00
       452    0.0000000e+00
       453    0.0000000e+00
       454    0.0000000e+00
       455    0.0000000e+00
       456    0.0000000e+00
       457    0.0000000e+00
       458    0.0000000e+00
       459    0.0000000e+00
       460    0.0000000e+00
       461    0.0000000e+00
       462    0.0000000e+00
       463    0.0000000e+00
       464    0.0000000e+00
       465    0.0000000e+00
       466    0.0000000e+00
       467    0.0000000e+00
       468    0.0000000e+00
       469    0.0000000e+00
       470    0.0000000e+00
       471    0.0000000e+00
       472    0.0000000e+00
       473    0.0000000e+00
       474    0.0000000e+00
       475    0.0000000e+00
       476    0.0000000e+00
       477    0.0000000e+00
       478    0.0000000e+00
       479    0.0000000e+00
       480    0.0000000e+00
       481    0.0000000e+00
       482    0.0000000e+00
       483    0.0000000e+00
       484    0.0000000e+00
       485    0.0000000e+00
       486    0.0000000e+00
       487    0.0000000e+00
       488    0.0000000e+00
       489    0.0000000e+00
       490    0.0000000e+00
       491    0.0000000e+00
       492    0.0000000e+00
       493    0.0000000e+00
       494    0.0000000e+00
       495    0.0000000e+00
       496    0.0000000e+00
       497    0.0000000e+00
       498    0.0000000e+00
       499    0.0000000e+00
       500    0.0000000e+00
       501    0.0000000e+00
       502    0.0000000e+00
       503    0.0000000e+00
       504    0.0000000e+00
       505    0.0000000e+00
       506    0.0000000e+00
       507    0.0000000e+00
       508    0.0000000e+00
       509    0.0000000e+00
       510    0.0000000e+00
       511    0.0000000e+00
       512    0.0000000e+00
       513    0.0000000e+00
       514    0.0000000e+00
       515    0.0000000e+00
       516    0.0000000e+00
       517    0.0000000e+00
       518    0.0000000e+00
       519    0.0000000e+00
       520    0.0000000e+00
       521    0.0000000e+00
       522    0.0000000e+00
       523    0.0000000e+00
       524    0.0000000e+00
       525    0.0000000e+00
       526    0.0000000e+00
       527    0.0000000e+00
       528    0.0000000e+00
       529    0.0000000e+00
       530    0.0000000e+00
       531    0.0000000e+00
       532    0.0000000e+00
       533    0.0000000e+00
       534    0.0000000e+00
       535    0.0000000e+00
       536    0.0000000e+00
       537    0.0000000e+00
       538    0.0000000e+00
       539    0.0000000e+00
       540    0.0000000e+00
       541    0.0000000e+00
       542    0.0000000e+00
       543    0.0000000e+00
       544    0.0000000e+00
       545    0.0000000e+00
       546    0.0000000e+00
       547    0.0000000e+00
       548    0.0000000e+00
       549    0.0000000e+00
       550    0.0000000e+00
       551    0.0000000e+00
       552    0.0000000e+00
       553    0.0000000e+00
       554    0.0000000e+00
       555    0.0000000e+00
       556    0.0000000e+00
       557    0.0000000e+00
       558    0.0000000e+00
       559    0.0000000e+00
       560    0.0000000e+00
       561    0.0000000e+00
       562    0.0000000e+00
       563    0.0000000e+00
       564    0.0000000e+00
       565    0.0000000e+00
       566    0.0000000e+00
       567    0.0000000e+00
       568    0.0000000e+00
       569    0.0000000e+00
       570    0.0000000e+00
       571    0.0000000e+00
       572    0.0000000e+00
       573    0.0000000e+00
       574    0.0000000e+00
       575    0.0000000e+00
       576    0.0000000e+00
       577    0.0000000e+00
       578    0.0000000e+00
       579    0.0000000e+00
       580    0.0000000e+00
       581    0.0000000e+00
       582    0.0000000e+00
       583    0.0000000e+00
       584    0.0000000e+00
       585    0.0000000e+00
       586    0.0000000e+00
       587    0.0000000e+00
       588    0.0000000e+00
       589    0.0000000e+00
       590    0.0000000e+00
       591    0.0000000e+00
       592    0.0000000e+00
       593    0.0000000e+00
       594    0.0000000e+00
       595    0.0000000e+00
       596    0.0000000e+00
       597    0.0000000e+00
       598    0.0000000e+00
       599    0.0000000e+00
       600    0.0000000e+00
       601    0.0000000e+00
       602    0.0000000e+00
       603    0.0000000e+00
       604    0.0000000e+00
       605    0.0000000e+00
       606    0.0000000e+00
       607    0.0000000e+00
       608    0.0000000e+00
       609    0.0000000e+00
       610    0.0000000e+00
       611    0.0000000e+00
       612    0.0000000e+00
       613    0.0000000e+00
       614    0.0000000e+00
       615    0.0000000e+00
       616    0.0000000e+00
       617    0.0000000e+00
       618    0.0000000e+00
       619    0.0000000e+00
       620    0.0000000e+00
       621    0.0000000e+00
       622    0.0000000e+00
       623    0.0000000e+00
       624    0.0000000e+00
       625    0.0000000e+00
       626    0.0000000e+00
       627    0.0000000e+00
       628    0.0000000e+00
       629    0.0000000e+00
       630    0.0000000e+00
       631    0.0000000e+00
       632    0.0000000e+00
       633    0.0000000e+00
       634    0.0000000e+00
       635    0.0000000e+00
       636    0.0000000e+00
       637    0.0000000e+00
       638    0.0000000e+00
       639    0.0000000e+00
       640    0.0000000e+00
       641    0.0000000e+00
       642    0.0000000e+00
       643    0.0000000e+00
       644    0.0000000e+00
       645    0.0000000e+00
       646    0.0000000e+00
       647    0.0000000e+00
       648    0.0000000e+00
       649    0.0000000e+00
       650    0.0000000e+00
       651    0.0000000e+00
       652    0.0000000e+00
       653    0.0000000e+00
       654    0.0000000e+00
       655    0.0000000e+00
       656    0.0000000e+00
       657    0.0000000e+00
       658    0.0000000e+00
       659    0.0000000e+00
       660    0.0000000e+00
       661    0.0000000e+00
       662    0.0000000e+00
       663    0.0000000e+00
       664    0.0000000e+00
       665    0.0000000e+00
       666    0.0000000e+00
       667    0.0000000e+00
       668    0.0000000e+00
       669    0.0000000e+00
       670    0.0000000e+00
       671    0.0000000e+00
       672    0.0000000e+00
       673    0.0000000e+00
       674    0.0000000e+00
       675    0.0000000e+00
       676    0.0000000e+00
       677    0.0000000e+00
       678    0.0000000e+00
       679    0.0000000e+00
       680    0.0000000e+00
       681    0.0000000e+00
       682    0.0000000e+00
       683    0.0000000e+00
       684    0.0000000e+00
       685    0.0000000e+00
       686    0.0000000e+00
       687    0.0000000e+00
       688    0.0000000e+00
       689    0.0000000e+00
       690    0.0000000e+00
       691    0.0000000e+00
       692    0.0000000e+00
       693    0.0000000e+00
       694    0.0000000e+00
       695    0.0000000e+00
       696    0.0000000e+00
       697    0.0000000e+00
       698    0.0000000e+00
       699    0.0000000e+00
       700    0.0000000e+00
       701    0.0000000e+00
       702    0.0000000e+00
       703    0.0000000e+00
       704    0.0000000e+00
       705    0.0000000e+00
       706    0.0000000e+00
       707    0.0000000e+00
       708    0.0000000e+00
       709    0.0000000e+00
       710    0.0000000e+00
       711    0.0000000e+00
       712    0.0000000e+00
       713    0.0000000e+00
       714    0.0000000e+00
       715    0.0000000e+00
       716    0.0000000e+00
       717    0.0000000e+00
       718    0.0000000e+00
       719    0.0000000e+00
       720    0.0000000e+00
       721    0.0000000e+00
       722    0.0000000e+00
       723    0.0000000e+00
       724    0.0000000e+00
       725    0.0000000e+00
       726    0.0000000e+00
       727    0.0000000e+00
       728    0.0000000e+00
       729    0.0000000e+00
       730    0.0000000e+00
       731    0.0000000e+00
       732    0.0000000e+00
       733    0.0000000e+00
       734    0.0000000e+00
       735    0.0000000e+00
       736    0.0000000e+00
       737    0.0000000e+00
       738    0.0000000e+00
       739    0.0000000e+00
       740    0.0000000e+00
       741    0.0000000e+00
       742    0.0000000e+00
       743    0.0000000e+00
       744    0.0000000e+00
       745    0.0000000e+00
       746    0.0000000e+00
       747    0.0000000e+00
       748    0.0000000e+00
       749    0.0000000e+00
       750    0.0000000e+00
       751    0.0000000e+00
       752    0.0000000e+00
       753    0.0000000e+00
       754    0.0000000e+00
       755    0.0000000e+00
       756    0.0000000e+00
       757    0.0000000e+00
       758    0.0000000e+00
       759    0.0000000e+00
       760    0.0000000e+00
       761    0.0000000e+00
       762    0.0000000e+00
       763    0.0000000e+00
       764    0.0000000e+00
       765    0.0000000e+00
       766    0.0000000e+00
       767    0.0000000e+00
       768    0.0000000e+00
       769    0.0000000e+00
       770    0.0000000e+00
       771    0.0000000e+00
       772    0.0000000e+00
       773    0.0000000e+00
       774    0.0000000e+00
       775    0.0000000e+00
       776    0.0000000e+00
       777    0.0000000e+00
       778    0.0000000e+00
       779    0.0000000e+00
       780    0.0000000e+00
       781    0.0000000e+00
       782    0.0000000e+00
       783    0.0000000e+00
       784    0.0000000e+00
       785    0.0000000e+00
       786    0.0000000e+00
       787    0.0000000e+00
       788    0.0000000e+00
       789    0.0000000e+00
       790    0.0000000e+00
       791    0.0000000e+00
       792    0.0000000e+00
       793    0.0000000e+00
       794    0.0000000e+00
       795    0.0000000e+00
       796    0.0000000e+00
       797    0.0000000e+00
       798    0.0000000e+00
       799    0.0000000e+00
       800    0.0000000e+00
       801    0.0000000e+00
       802    0.0000000e+00
       803    0.0000000e+00
       804    0.0000000e+00
       805    0.0000000e+00
       806    0.0000000e+00
       807    0.0000000e+00
       808    0.0000000e+00
       809    0.0000000e+00
       810    0.0000000e+00
       811    0.0000000e+00
       812    0.0000000e+00
       813    0.0000000e+00
       814    0.0000000e+00
       815    0.0000000e+00
       816    0.0000000e+00
       817    0.0000000e+00
       818    0.0000000e+00
       819    0.0000000e+00
       820    0.0000000e+00
       821    0.0000000e+00
       822    0.0000000e+00
       823    0.0000000e+00
       824    0.0000000e+00
       825    0.0000000e+00
       826    0.0000000e+00
       827    0.0000000e+00
       828    0.0000000e+00
       829    0.0000000e+00
       830    0.0000000e+00
       831    0.0000000e+00
       832    0.0000000e+00
       833    0.0000000e+00
       834    0.0000000e+00
       835    0.0000000e+00
       836    0.0000000e+00
       837    0.0000000e+00
       838    0.0000000e+00
       839    0.0000000e+00
       840    0.0000000e+00
       841    0.0000000e+00
       842    0.0000000e+00
       843    0.0000000e+00
       844    0.0000000e+00
       845    0.0000000e+00
       846    0.0000000e+00
       847    0.0000000e+00
       848    0.0000000e+00
       849    0.0000000e+00
       850    0.0000000e+00
       851    0.0000000e+00
       852    0.0000000e+00
       853    0.0000000e+00
       854    0.0000000e+00
       855    0.0000000e+00
       856    0.0000000e+00
       857    0.0000000e+00
       858    0.0000000e+00
       859    0.0000000e+00
       860    0.0000000e+00
       861    0.0000000e+00
       862    0.0000000e+00
       863    0.0000000e+00
       864    0.0000000e+00
       865    0.0000000e+00
       866    0.0000000e+00
       867    0.0000000e+00
       868    0.0000000e+00
       869    0.0000000e+00
       870    0.0000000e+00
       871    0.0000000e+00
       872    0.0000000e+00
       873    0.0000000e+00
       874    0.0000000e+00
       875    0.0000000e+00
       876    0.0000000e+00
       877    0.0000000e+00
       878    0.0000000e+00
       879    0.0000000e+00
       880    0.0000000e+00
       881    0.0000000e+00
       882    0.0000000e+00
       883    0.0000000e+00
       884    0.0000000e+00
       885    0.0000000e+00
       886    0.0000000e+00
       887    0.0000000e+00
       888    0.0000000e+00
       889    0.0000000e+00
       890    0.0000000e+00
       891    0.0000000e+00
       892    0.0000000e+00
       893    0.0000000e+00
       894    0.0000000e+00
       895    0.0000000e+00
       896    0.0000000e+00
       897    0.0000000e+00
       898    0.0000000e+00
       899    0.0000000e+00
       900    0.0000000e+00
       901    0.0000000e+00
       902    0.0000000e+00
       903    0.0000000e+00
       904    0.0000000e+00
       905    0.0000000e+00
       906    0.0000000e+00
       907    0.0000000e+00
       908    0.0000000e+00
       909    0.0000000e+00
       910    0.0000000e+00
       911    0.0000000e+00
       912    0.0000000e+00
       913    0.0000000e+00
       914    0.0000000e+00
       915    0.0000000e+00
       916    0.0000000e+00
       917    0.0000000e+00
       918    0.0000000e+00
       919    0.0000000e+00
       920    0.0000000e+00
       921    0.0000000e+00
       922    0.0000000e+00
       923    0.0000000e+00
       924    0.0000000e+00
       925    0.0000000e+00
       926    0.0000000e+00
       927    0.0000000e+00
       928    0.0000000e+00
       929    0.0000000e+00
       930    0.0000000e+00
       931    0.0000000e+00
       932    0.0000000e+00
       933    0.0000000e+00
       934    0.0000000e+00
       935    0.0000000e+00
       936    0.0000000e+00
       937    0.0000000e+00
       938    0.0000000e+00
       939    0.0000000e+00
       940    0.0000000e+00
       941    0.0000000e+00
       942    0.0000000e+00
       943    0.0000000e+00
       944    0.0000000e+00
       945    0.0000000e+00
       946    0.0000000e+00
       947    0.0000000e+00
       948    0.0000000e+00
       949    0.0000000e+00
       950    0.0000000e+00
       951    0.0000000e+00
       952    0.0000000e+00
       953    0.0000000e+00
       954    0.0000000e+00
       955    0.0000000e+00
       956    0.0000000e+00
       957    0.0000000e+00
       958    0.0000000e+00
       959    0.0000000e+00
       960    0.0000000e+00
       961    0.0000000e+00
       962    0.0000000e+00
       963    0.0000000e+00
       964    0.0000000e+00
       965    0.0000000e+00
       966    0.0000000e+00
       967    0.0000000e+00
       968    0.0000000e+00
       969    0.0000000e+00
       970    0.0000000e+00
       971    0.0000000e+00
       972    0.0000000e+00
       973    0.0000000e+00
       974    0.0000000e+00
       975    0.0000000e+00
       976    0.0000000e+00
       977    0.0000000e+00
       978    0.0000000e+00
       979    0.0000000e+00
       980    0.0000000e+00
       981    0.0000000e+00
       982    0.0000000e+00
       983    0.0000000e+00
       984    0.0000000e+00
       985    0.0000000e+00
       986    0.0000000e+00
       987    0.0000000e+00
       988    0.0000000e+00
       989    0.0000000e+00
       990    0.0000000e+00
       991    0.0000000e+00
       992    0.0000000e+00
       993    0.0000000e+00
       994    0.0000000e+00
       995    0.0000000e+00
       996    0.0000000e+00
       997    0.0000000e+00
       998    0.0000000e+00
       999    0.0000000e+00
      1000    0.0000000e+00
      1001    0.0000000e+00
      1002    0.0000000e+00
      1003    0.0000000e+00
      1004    0.0000000e+00
      1005    0.0000000e+00
      1006    0.0000000e+00
      1007    0.0000000e+00
      1008    0.0000000e+00
      1009    0.0000000e+00
      1010    0.0000000e+00
      1011    0.0000000e+00
      1012    0.0000000e+00
      1013    0.0000000e+00
      1014    0.0000000e+00
      1015    0.0000000e+00
      1016    0.0000000e+00
      1017    0.0000000e+00
      1018    0.0000000e+00
      1019    0.0000000e+00
      1020    0.0000000e+00
      1021    0.0000000e+00
      1022    0.0000000e+00
      1023    0.0000000e+00
      1024    0.0000000e+00
