    10    2.7944495e+00
    11    2.9399039e+00
    12    3.0611163e+00
    13    3.1636803e+00
    14    3.2515925e+00
    15    3.3277827e+00
    16    3.3944495e+00
    17    3.4532729e+00
    18    3.5055605e+00
    19    3.5523442e+00
    20    3.5944495e+00
    21    3.6325448e+00
    22    3.6671768e+00
    23    3.6987972e+00
    24    3.7277830e+00
    25    3.7544494e+00
    26    3.7790651e+00
    27    3.8018570e+00
    28    3.8230210e+00
    29    3.8427256e+00
    30    3.8611161e+00
    31    3.8783205e+00
    32    3.8944495e+00
    33    3.9096008e+00
    34    3.9238612e+00
    35    3.9373067e+00
    36    3.9500051e+00
    37    3.9620168e+00
    38    3.9733968e+00
    39    3.9841930e+00
    40    3.9944493e+00
    41    4.0042055e+00
    42    4.0134969e+00
    43    4.0223563e+00
    44    4.0308128e+00
    45    4.0388941e+00
    46    4.0466234e+00
    47    4.0540240e+00
    48    4.0611162e+00
    49    4.0679188e+00
    50    4.0744494e+00
    51    4.0807240e+00
    52    4.0867571e+00
    53    4.0925629e+00
    54    4.0981531e+00
    55    4.1035405e+00
    56    4.1087351e+00
    57    4.1137478e+00
    58    4.1185876e+00
    59    4.1232629e+00
    60    4.1277826e+00
    61    4.1321546e+00
    62    4.1363851e+00
    63    4.1404815e+00
    64    4.1444496e+00
    65    4.1482958e+00
    66    4.1520252e+00
    67    4.1556436e+00
    68    4.1591557e+00
    69    4.1625653e+00
    70    4.1658782e+00
    71    4.1690973e+00
    72    4.1722274e+00
    73    4.1752714e+00
    74    4.1782332e+00
    75    4.1811163e+00
    76    4.1839230e+00
    77    4.1866574e+00
    78    4.1893213e+00
    79    4.1919179e+00
    80    4.1944495e+00
    81    4.1969183e+00
    82    4.1993276e+00
    83    4.2016786e+00
    84    4.2039733e+00
    85    4.2062138e+00
    86    4.2084030e+00
    87    4.2105416e+00
    88    4.2126317e+00
    89    4.2146739e+00
    90    4.2166716e+00
    91    4.2186257e+00
    92    4.2205365e+00
    93    4.2224065e+00
    94    4.2242364e+00
    95    4.2260285e+00
    96    4.2277829e+00
    97    4.2295010e+00
    98    4.2311840e+00
    99    4.2328334e+00
   100    4.2344495e+00
   101    4.2360334e+00
   102    4.2375868e+00
   103    4.2391093e+00
   104    4.2406036e+00
   105    4.2420684e+00
   106    4.2435058e+00
   107    4.2449169e+00
   108    4.2463016e+00
   109    4.2476604e+00
   110    4.2489951e+00
   111    4.2503057e+00
   112    4.2515926e+00
   113    4.2528563e+00
   114    4.2540983e+00
   115    4.2553188e+00
   116    4.2565184e+00
   117    4.2576976e+00
   118    4.2588563e+00
   119    4.2599954e+00
   120    4.2611159e+00
   121    4.2622178e+00
   122    4.2633019e+00
   123    4.2643678e+00
   124    4.2654169e+00
   125    4.2664497e+00
   126    4.2674656e+00
   127    4.2684655e+00
   128    4.2694496e+00
   129    4.2704187e+00
   130    4.2713723e+00
   131    4.2723118e+00
   132    4.2732377e+00
   133    4.2741485e+00
   134    4.2750466e+00
   135    4.2759311e+00
   136    4.2768024e+00
   137    4.2776610e+00
   138    4.2785073e+00
   139    4.2793413e+00
   140    4.2801639e+00
   141    4.2809743e+00
   142    4.2817733e+00
   143    4.2825613e+00
   144    4.2833385e+00
   145    4.2841043e+00
   146    4.2848606e+00
   147    4.2856059e+00
   148    4.2863417e+00
   149    4.2870670e+00
   150    4.2877828e+00
   151    4.2884890e+00
   152    4.2891866e+00
   153    4.2898746e+00
   154    4.2905535e+00
   155    4.2912234e+00
   156    4.2918855e+00
   157    4.2925385e+00
   158    4.2931833e+00
   159    4.2938204e+00
   160    4.2944494e+00
   161    4.2950705e+00
   162    4.2956840e+00
   163    4.2962902e+00
   164    4.2968886e+00
   165    4.2974798e+00
   166    4.2980641e+00
   167    4.2986408e+00
   168    4.2992115e+00
   169    4.2997749e+00
   170    4.3003320e+00
   171    4.3008818e+00
   172    4.3014261e+00
   173    4.3019641e+00
   174    4.3024957e+00
   175    4.3030209e+00
   176    4.3035407e+00
   177    4.3040541e+00
   178    4.3045620e+00
   179    4.3050641e+00
   180    4.3055607e+00
   181    4.3060513e+00
   182    4.3065374e+00
   183    4.3070181e+00
   184    4.3074929e+00
   185    4.3079631e+00
   186    4.3084278e+00
   187    4.3088880e+00
   188    4.3093428e+00
   189    4.3097934e+00
   190    4.3102391e+00
   191    4.3106802e+00
   192    4.3111158e+00
   193    4.3115479e+00
   194    4.3119753e+00
   195    4.3123978e+00
   196    4.3128171e+00
   197    4.3132309e+00
   198    4.3136415e+00
   199    4.3140476e+00
   200    4.3144496e+00
   201    4.3148475e+00
   202    4.3152413e+00
   203    4.3156319e+00
   204    4.3160180e+00
   205    4.3164005e+00
   206    4.3167793e+00
   207    4.3171549e+00
   208    4.3175264e+00
   209    4.3178943e+00
   210    4.3182590e+00
   211    4.3186201e+00
   212    4.3189780e+00
   213    4.3193318e+00
   214    4.3196828e+00
   215    4.3200312e+00
   216    4.3203754e+00
   217    4.3207169e+00
   218    4.3210548e+00
   219    4.3213900e+00
   220    4.3217219e+00
   221    4.3220516e+00
   222    4.3223777e+00
   223    4.3227005e+00
   224    4.3230211e+00
   225    4.3233385e+00
   226    4.3236528e+00
   227    4.3239652e+00
   228    4.3242740e+00
   229    4.3245805e+00
   230    4.3248847e+00
   231    4.3251853e+00
   232    4.3254840e+00
   233    4.3257801e+00
   234    4.3260734e+00
   235    4.3263644e+00
   236    4.3266532e+00
   237    4.3269388e+00
   238    4.3272225e+00
   239    4.3275040e+00
   240    4.3277828e+00
   241    4.3280593e+00
   242    4.3283339e+00
   243    4.3286059e+00
   244    4.3288755e+00
   245    4.3291434e+00
   246    4.3294090e+00
   247    4.3296718e+00
   248    4.3299333e+00
   249    4.3301925e+00
   250    4.3304494e+00
   251    4.3307045e+00
   252    4.3309574e+00
   253    4.3312084e+00
   254    4.3314576e+00
   255    4.3317045e+00
   256    4.3319496e+00
   257    4.3321925e+00
   258    4.3324339e+00
   259    4.3326736e+00
   260    4.3329110e+00
   261    4.3331470e+00
   262    4.3333812e+00
   263    4.3336131e+00
   264    4.3338437e+00
   265    4.3340719e+00
   266    4.3342989e+00
   267    4.3345244e+00
   268    4.3347482e+00
   269    4.3349701e+00
   270    4.3351902e+00
   271    4.3354089e+00
   272    4.3356258e+00
   273    4.3358414e+00
   274    4.3360556e+00
   275    4.3362675e+00
   276    4.3364785e+00
   277    4.3366881e+00
   278    4.3368955e+00
   279    4.3371019e+00
   280    4.3373066e+00
   281    4.3375098e+00
   282    4.3377122e+00
   283    4.3379123e+00
   284    4.3381115e+00
   285    4.3383088e+00
   286    4.3385053e+00
   287    4.3387004e+00
   288    4.3388941e+00
   289    4.3390860e+00
   290    4.3392770e+00
   291    4.3394666e+00
   292    4.3396549e+00
   293    4.3398418e+00
   294    4.3400273e+00
   295    4.3402119e+00
   296    4.3403957e+00
   297    4.3405776e+00
   298    4.3407581e+00
   299    4.3409382e+00
   300    4.3411160e+00
   301    4.3412933e+00
   302    4.3414693e+00
   303    4.3416439e+00
   304    4.3418181e+00
   305    4.3419905e+00
   306    4.3421619e+00
   307    4.3423320e+00
   308    4.3425016e+00
   309    4.3426694e+00
   310    4.3428363e+00
   311    4.3430023e+00
   312    4.3431673e+00
   313    4.3433315e+00
   314    4.3434939e+00
   315    4.3436562e+00
   316    4.3438163e+00
   317    4.3439763e+00
   318    4.3441350e+00
   319    4.3442928e+00
   320    4.3444493e+00
   321    4.3446053e+00
   322    4.3447599e+00
   323    4.3449140e+00
   324    4.3450668e+00
   325    4.3452183e+00
   326    4.3453697e+00
   327    4.3455198e+00
   328    4.3456689e+00
   329    4.3458176e+00
   330    4.3459645e+00
   331    4.3461109e+00
   332    4.3462564e+00
   333    4.3464015e+00
   334    4.3465457e+00
   335    4.3466885e+00
   336    4.3468303e+00
   337    4.3469718e+00
   338    4.3471118e+00
   339    4.3472519e+00
   340    4.3473906e+00
   341    4.3475284e+00
   342    4.3476662e+00
   343    4.3478026e+00
   344    4.3479381e+00
   345    4.3480727e+00
   346    4.3482064e+00
   347    4.3483401e+00
   348    4.3484724e+00
   349    4.3486039e+00
   350    4.3487348e+00
   351    4.3488653e+00
   352    4.3489949e+00
   353    4.3491236e+00
   354    4.3492519e+00
   355    4.3493792e+00
   356    4.3495056e+00
   357    4.3496316e+00
   358    4.3497571e+00
   359    4.3498817e+00
   360    4.3500049e+00
   361    4.3501282e+00
   362    4.3502505e+00
   363    4.3503724e+00
   364    4.3504933e+00
   365    4.3506138e+00
   366    4.3507334e+00
   367    4.3508530e+00
   368    4.3509708e+00
   369    4.3510890e+00
   370    4.3512064e+00
   371    4.3513228e+00
   372    4.3514392e+00
   373    4.3515538e+00
   374    4.3516688e+00
   375    4.3517830e+00
   376    4.3518967e+00
   377    4.3520090e+00
   378    4.3521213e+00
   379    4.3522332e+00
   380    4.3523441e+00
   381    4.3524551e+00
   382    4.3525647e+00
   383    4.3526738e+00
   384    4.3527830e+00
   385    4.3528908e+00
   386    4.3529985e+00
   387    4.3531059e+00
   388    4.3532123e+00
   389    4.3533187e+00
   390    4.3534242e+00
   391    4.3535288e+00
   392    4.3536329e+00
   393    4.3537370e+00
   394    4.3538403e+00
   395    4.3539430e+00
   396    4.3540454e+00
   397    4.3541468e+00
   398    4.3542486e+00
   399    4.3543491e+00
   400    4.3544496e+00
   401    4.3545488e+00
   402    4.3546484e+00
   403    4.3547475e+00
   404    4.3548453e+00
   405    4.3549435e+00
   406    4.3550403e+00
   407    4.3551377e+00
   408    4.3552341e+00
   409    4.3553296e+00
   410    4.3554251e+00
   411    4.3555201e+00
   412    4.3556147e+00
   413    4.3557084e+00
   414    4.3558020e+00
   415    4.3558953e+00
   416    4.3559880e+00
   417    4.3560799e+00
   418    4.3561718e+00
   419    4.3562636e+00
   420    4.3563546e+00
   421    4.3564451e+00
   422    4.3565351e+00
   423    4.3566247e+00
   424    4.3567134e+00
   425    4.3568025e+00
   426    4.3568912e+00
   427    4.3569789e+00
   428    4.3570667e+00
   429    4.3571536e+00
   430    4.3572400e+00
   431    4.3573264e+00
   432    4.3574123e+00
   433    4.3574978e+00
   434    4.3575828e+00
   435    4.3576679e+00
   436    4.3577525e+00
   437    4.3578361e+00
   438    4.3579198e+00
   439    4.3580030e+00
   440    4.3580858e+00
   441    4.3581686e+00
   442    4.3582504e+00
   443    4.3583318e+00
   444    4.3584137e+00
   445    4.3584946e+00
   446    4.3585751e+00
   447    4.3586556e+00
   448    4.3587352e+00
   449    4.3588152e+00
   450    4.3588939e+00
   451    4.3589730e+00
   452    4.3590517e+00
   453    4.3591294e+00
   454    4.3592072e+00
   455    4.3592845e+00
   456    4.3593618e+00
   457    4.3594387e+00
   458    4.3595151e+00
   459    4.3595910e+00
   460    4.3596669e+00
   461    4.3597424e+00
   462    4.3598175e+00
   463    4.3598925e+00
   464    4.3599666e+00
   465    4.3600412e+00
   466    4.3601144e+00
   467    4.3601885e+00
   468    4.3602613e+00
   469    4.3603345e+00
   470    4.3604068e+00
   471    4.3604791e+00
   472    4.3605510e+00
   473    4.3606228e+00
   474    4.3606938e+00
   475    4.3607656e+00
   476    4.3608361e+00
   477    4.3609066e+00
   478    4.3609766e+00
   479    4.3610466e+00
   480    4.3611158e+00
   481    4.3611853e+00
   482    4.3612545e+00
   483    4.3613231e+00
   484    4.3613913e+00
   485    4.3614600e+00
   486    4.3615273e+00
   487    4.3615955e+00
   488    4.3616624e+00
   489    4.3617297e+00
   490    4.3617965e+00
   491    4.3618629e+00
   492    4.3619289e+00
   493    4.3619948e+00
   494    4.3620612e+00
   495    4.3621267e+00
   496    4.3621917e+00
   497    4.3622563e+00
   498    4.3623209e+00
   499    4.3623854e+00
   500    4.3624495e+00
   501    4.3625137e+00
   502    4.3625769e+00
   503    4.3626405e+00
   504    4.3627033e+00
   505    4.3627665e+00
   506    4.3628288e+00
   507    4.3628916e+00
   508    4.3629534e+00
   509    4.3630157e+00
   510    4.3630771e+00
   511    4.3631385e+00
   512    4.3631994e+00
   513    4.3632604e+00
   514    4.3633208e+00
   515    4.3633813e+00
   516    4.3634413e+00
   517    4.3635014e+00
   518    4.3635614e+00
   519    4.3636210e+00
   520    4.3636805e+00
   521    4.3637397e+00
   522    4.3637979e+00
   523    4.3638570e+00
   524    4.3639152e+00
   525    4.3639734e+00
   526    4.3640312e+00
   527    4.3640889e+00
   528    4.3641467e+00
   529    4.3642040e+00
   530    4.3642608e+00
   531    4.3643176e+00
   532    4.3643745e+00
   533    4.3644304e+00
   534    4.3644868e+00
   535    4.3645432e+00
   536    4.3645991e+00
   537    4.3646546e+00
   538    4.3647096e+00
   539    4.3647651e+00
   540    4.3648201e+00
   541    4.3648743e+00
   542    4.3649288e+00
   543    4.3649834e+00
   544    4.3650375e+00
   545    4.3650916e+00
   546    4.3651453e+00
   547    4.3651989e+00
   548    4.3652526e+00
   549    4.3653054e+00
   550    4.3653586e+00
   551    4.3654113e+00
   552    4.3654641e+00
   553    4.3655164e+00
   554    4.3655687e+00
   555    4.3656205e+00
   556    4.3656723e+00
   557    4.3657242e+00
   558    4.3657756e+00
   559    4.3658270e+00
   560    4.3658779e+00
   561    4.3659288e+00
   562    4.3659793e+00
   563    4.3660307e+00
   564    4.3660807e+00
   565    4.3661312e+00
   566    4.3661812e+00
   567    4.3662308e+00
   568    4.3662803e+00
   569    4.3663299e+00
   570    4.3663795e+00
   571    4.3664286e+00
   572    4.3664777e+00
   573    4.3665264e+00
   574    4.3665750e+00
   575    4.3666237e+00
   576    4.3666714e+00
   577    4.3667201e+00
   578    4.3667678e+00
   579    4.3668156e+00
   580    4.3668633e+00
   581    4.3669111e+00
   582    4.3669579e+00
   583    4.3670052e+00
   584    4.3670520e+00
   585    4.3670989e+00
   586    4.3671453e+00
   587    4.3671926e+00
   588    4.3672385e+00
   589    4.3672849e+00
   590    4.3673308e+00
   591    4.3673763e+00
   592    4.3674227e+00
   593    4.3674681e+00
   594    4.3675136e+00
   595    4.3675586e+00
   596    4.3676041e+00
   597    4.3676491e+00
   598    4.3676937e+00
   599    4.3677383e+00
   600    4.3677828e+00
   601    4.3678269e+00
   602    4.3678715e+00
   603    4.3679156e+00
   604    4.3679593e+00
   605    4.3680029e+00
   606    4.3680470e+00
   607    4.3680907e+00
   608    4.3681334e+00
   609    4.3681771e+00
   610    4.3682198e+00
   611    4.3682630e+00
   612    4.3683053e+00
   613    4.3683485e+00
   614    4.3683908e+00
   615    4.3684331e+00
   616    4.3684754e+00
   617    4.3685177e+00
   618    4.3685595e+00
   619    4.3686014e+00
   620    4.3686432e+00
   621    4.3686846e+00
   622    4.3687260e+00
   623    4.3687673e+00
   624    4.3688083e+00
   625    4.3688497e+00
   626    4.3688906e+00
   627    4.3689311e+00
   628    4.3689720e+00
   629    4.3690125e+00
   630    4.3690525e+00
   631    4.3690929e+00
   632    4.3691330e+00
   633    4.3691730e+00
   634    4.3692130e+00
   635    4.3692526e+00
   636    4.3692926e+00
   637    4.3693321e+00
   638    4.3693708e+00
   639    4.3694104e+00
   640    4.3694495e+00
   641    4.3694886e+00
   642    4.3695277e+00
   643    4.3695659e+00
   644    4.3696050e+00
   645    4.3696436e+00
   646    4.3696814e+00
   647    4.3697200e+00
   648    4.3697578e+00
   649    4.3697960e+00
   650    4.3698342e+00
   651    4.3698719e+00
   652    4.3699097e+00
   653    4.3699470e+00
   654    4.3699847e+00
   655    4.3700220e+00
   656    4.3700593e+00
   657    4.3700966e+00
   658    4.3701334e+00
   659    4.3701707e+00
   660    4.3702071e+00
   661    4.3702439e+00
   662    4.3702803e+00
   663    4.3703171e+00
   664    4.3703531e+00
   665    4.3703894e+00
   666    4.3704254e+00
   667    4.3704613e+00
   668    4.3704977e+00
   669    4.3705331e+00
   670    4.3705691e+00
   671    4.3706045e+00
   672    4.3706400e+00
   673    4.3706755e+00
   674    4.3707105e+00
   675    4.3707460e+00
   676    4.3707810e+00
   677    4.3708160e+00
   678    4.3708505e+00
   679    4.3708856e+00
   680    4.3709201e+00
   681    4.3709547e+00
   682    4.3709888e+00
   683    4.3710234e+00
   684    4.3710575e+00
   685    4.3710920e+00
   686    4.3711261e+00
   687    4.3711598e+00
   688    4.3711934e+00
   689    4.3712275e+00
   690    4.3712612e+00
   691    4.3712944e+00
   692    4.3713280e+00
   693    4.3713617e+00
   694    4.3713944e+00
   695    4.3714281e+00
   696    4.3714608e+00
   697    4.3714940e+00
   698    4.3715268e+00
   699    4.3715595e+00
   700    4.3715927e+00
   701    4.3716250e+00
   702    4.3716573e+00
   703    4.3716900e+00
   704    4.3717218e+00
   705    4.3717546e+00
   706    4.3717864e+00
   707    4.3718187e+00
   708    4.3718505e+00
   709    4.3718824e+00
   710    4.3719147e+00
   711    4.3719460e+00
   712    4.3719774e+00
   713    4.3720088e+00
   714    4.3720406e+00
   715    4.3720720e+00
   716    4.3721029e+00
   717    4.3721343e+00
   718    4.3721657e+00
   719    4.3721966e+00
   720    4.3722275e+00
   721    4.3722580e+00
   722    4.3722889e+00
   723    4.3723194e+00
   724    4.3723498e+00
   725    4.3723803e+00
   726    4.3724108e+00
   727    4.3724408e+00
   728    4.3724713e+00
   729    4.3725013e+00
   730    4.3725313e+00
   731    4.3725613e+00
   732    4.3725913e+00
   733    4.3726213e+00
   734    4.3726509e+00
   735    4.3726809e+00
   736    4.3727105e+00
   737    4.3727400e+00
   738    4.3727696e+00
   739    4.3727987e+00
   740    4.3728278e+00
   741    4.3728569e+00
   742    4.3728860e+00
   743    4.3729151e+00
   744    4.3729442e+00
   745    4.3729729e+00
   746    4.3730020e+00
   747    4.3730306e+00
   748    4.3730588e+00
   749    4.3730874e+00
   750    4.3731161e+00
   751    4.3731443e+00
   752    4.3731729e+00
   753    4.3732011e+00
   754    4.3732293e+00
   755    4.3732575e+00
   756    4.3732853e+00
   757    4.3733135e+00
   758    4.3733417e+00
   759    4.3733689e+00
   760    4.3733971e+00
   761    4.3734244e+00
   762    4.3734522e+00
   763    4.3734794e+00
   764    4.3735072e+00
   765    4.3735345e+00
   766    4.3735622e+00
   767    4.3735890e+00
   768    4.3736159e+00
   769    4.3736436e+00
   770    4.3736704e+00
   771    4.3736968e+00
   772    4.3737241e+00
   773    4.3737509e+00
   774    4.3737773e+00
   775    4.3738046e+00
   776    4.3738310e+00
   777    4.3738573e+00
   778    4.3738842e+00
   779    4.3739105e+00
   780    4.3739365e+00
   781    4.3739628e+00
   782    4.3739888e+00
   783    4.3740156e+00
   784    4.3740415e+00
   785    4.3740674e+00
   786    4.3740934e+00
   787    4.3741188e+00
   788    4.3741452e+00
   789    4.3741707e+00
   790    4.3741966e+00
   791    4.3742220e+00
   792    4.3742475e+00
   793    4.3742730e+00
   794    4.3742984e+00
   795    4.3743235e+00
   796    4.3743489e+00
   797    4.3743739e+00
   798    4.3743994e+00
   799    4.3744244e+00
   800    4.3744494e+00
   801    4.3744744e+00
   802    4.3744994e+00
   803    4.3745240e+00
   804    4.3745490e+00
   805    4.3745736e+00
   806    4.3745986e+00
   807    4.3746231e+00
   808    4.3746477e+00
   809    4.3746718e+00
   810    4.3746963e+00
   811    4.3747209e+00
   812    4.3747450e+00
   813    4.3747696e+00
   814    4.3747937e+00
   815    4.3748173e+00
   816    4.3748414e+00
   817    4.3748655e+00
   818    4.3748896e+00
   819    4.3749133e+00
   820    4.3749374e+00
   821    4.3749610e+00
   822    4.3749851e+00
   823    4.3750083e+00
   824    4.3750319e+00
   825    4.3750556e+00
   826    4.3750788e+00
   827    4.3751024e+00
   828    4.3751261e+00
   829    4.3751488e+00
   830    4.3751725e+00
   831    4.3751957e+00
   832    4.3752184e+00
   833    4.3752420e+00
   834    4.3752648e+00
   835    4.3752880e+00
   836    4.3753107e+00
   837    4.3753334e+00
   838    4.3753566e+00
   839    4.3753789e+00
   840    4.3754021e+00
   841    4.3754244e+00
   842    4.3754471e+00
   843    4.3754694e+00
   844    4.3754922e+00
   845    4.3755144e+00
   846    4.3755372e+00
   847    4.3755595e+00
   848    4.3755813e+00
   849    4.3756040e+00
   850    4.3756258e+00
   851    4.3756481e+00
   852    4.3756700e+00
   853    4.3756918e+00
   854    4.3757141e+00
   855    4.3757359e+00
   856    4.3757582e+00
   857    4.3757796e+00
   858    4.3758014e+00
   859    4.3758232e+00
   860    4.3758450e+00
   861    4.3758664e+00
   862    4.3758878e+00
   863    4.3759096e+00
   864    4.3759310e+00
   865    4.3759524e+00
   866    4.3759742e+00
   867    4.3759951e+00
   868    4.3760165e+00
   869    4.3760374e+00
   870    4.3760583e+00
   871    4.3760801e+00
   872    4.3761011e+00
   873    4.3761220e+00
   874    4.3761429e+00
   875    4.3761638e+00
   876    4.3761843e+00
   877    4.3762057e+00
   878    4.3762266e+00
   879    4.3762470e+00
   880    4.3762675e+00
   881    4.3762884e+00
   882    4.3763089e+00
   883    4.3763293e+00
   884    4.3763498e+00
   885    4.3763703e+00
   886    4.3763912e+00
   887    4.3764112e+00
   888    4.3764317e+00
   889    4.3764521e+00
   890    4.3764721e+00
   891    4.3764921e+00
   892    4.3765126e+00
   893    4.3765326e+00
   894    4.3765526e+00
   895    4.3765726e+00
   896    4.3765926e+00
   897    4.3766127e+00
   898    4.3766322e+00
   899    4.3766518e+00
   900    4.3766713e+00
   901    4.3766913e+00
   902    4.3767109e+00
   903    4.3767309e+00
   904    4.3767504e+00
   905    4.3767700e+00
   906    4.3767895e+00
   907    4.3768091e+00
   908    4.3768287e+00
   909    4.3768473e+00
   910    4.3768669e+00
   911    4.3768864e+00
   912    4.3769055e+00
   913    4.3769251e+00
   914    4.3769442e+00
   915    4.3769628e+00
   916    4.3769819e+00
   917    4.3770015e+00
   918    4.3770206e+00
   919    4.3770397e+00
   920    4.3770578e+00
   921    4.3770769e+00
   922    4.3770960e+00
   923    4.3771147e+00
   924    4.3771333e+00
   925    4.3771520e+00
   926    4.3771711e+00
   927    4.3771893e+00
   928    4.3772079e+00
   929    4.3772266e+00
   930    4.3772452e+00
   931    4.3772634e+00
   932    4.3772820e+00
   933    4.3773007e+00
   934    4.3773189e+00
   935    4.3773371e+00
   936    4.3773557e+00
   937    4.3773734e+00
   938    4.3773921e+00
   939    4.3774098e+00
   940    4.3774280e+00
   941    4.3774467e+00
   942    4.3774644e+00
   943    4.3774826e+00
   944    4.3775003e+00
   945    4.3775185e+00
   946    4.3775358e+00
   947    4.3775540e+00
   948    4.3775722e+00
   949    4.3775894e+00
   950    4.3776076e+00
   951    4.3776249e+00
   952    4.3776431e+00
   953    4.3776604e+00
   954    4.3776781e+00
   955    4.3776954e+00
   956    4.3777131e+00
   957    4.3777304e+00
   958    4.3777482e+00
   959    4.3777654e+00
   960    4.3777832e+00
   961    4.3778000e+00
   962    4.3778173e+00
   963    4.3778350e+00
   964    4.3778518e+00
   965    4.3778691e+00
   966    4.3778864e+00
   967    4.3779037e+00
   968    4.3779205e+00
   969    4.3779373e+00
   970    4.3779546e+00
   971    4.3779714e+00
   972    4.3779883e+00
   973    4.3780055e+00
   974    4.3780224e+00
   975    4.3780392e+00
   976    4.3780560e+00
   977    4.3780728e+00
   978    4.3780897e+00
   979    4.3781065e+00
   980    4.3781229e+00
   981    4.3781397e+00
   982    4.3781561e+00
   983    4.3781729e+00
   984    4.3781893e+00
   985    4.3782061e+00
   986    4.3782225e+00
   987    4.3782388e+00
   988    4.3782552e+00
   989    4.3782716e+00
   990    4.3782879e+00
   991    4.3783039e+00
   992    4.3783207e+00
   993    4.3783366e+00
   994    4.3783530e+00
   995    4.3783689e+00
   996    4.3783848e+00
   997    4.3784016e+00
   998    4.3784175e+00
   999    4.3784335e+00
  1000    4.3784494e+00
  1001    4.3784653e+00
  1002    4.3784817e+00
  1003    4.3784976e+00
  1004    4.3785130e+00
  1005    4.3785290e+00
  1006    4.3785449e+00
  1007    4.3785603e+00
  1008    4.3785767e+00
  1009    4.3785922e+00
  1010    4.3786081e+00
  1011    4.3786235e+00
  1012    4.3786390e+00
  1013    4.3786549e+00
  1014    4.3786704e+00
  1015    4.3786858e+00
  1016    4.3787013e+00
  1017    4.3787168e+00
  1018    4.3787327e+00
  1019    4.3787481e+00
  1020    4.3787632e+00
  1021    4.3787786e+00
  1022    4.3787941e+00
  1023    4.3788091e+00
