    20    1.6000001e-03    4.6212518e-02
    40    3.2000002e-03    5.7487910e-02
    60    4.8000002e-03    7.0282140e-02
    80    6.4000003e-03    8.4625610e-02
   100    8.0000004e-03    1.0054152e-01
   120    9.6000005e-03    1.1805149e-01
   140    1.1200001e-02    1.3717205e-01
   160    1.2800001e-02    1.5791960e-01
   180    1.4400001e-02    1.8030625e-01
   200    1.6000001e-02    2.0434493e-01
   220    1.7600002e-02    2.3004479e-01
   240    1.9200001e-02    2.5741615e-01
   260    2.0800002e-02    2.8646643e-01
   280    2.2400001e-02    3.1720351e-01
   300    2.4000002e-02    3.4963423e-01
   320    2.5600001e-02    3.8376400e-01
   340    2.7200002e-02    4.1959959e-01
   360    2.8800001e-02    4.5714475e-01
   380    3.0400002e-02    4.9640531e-01
   400    3.2000002e-02    5.3738508e-01
   420    3.3600003e-02    5.8008774e-01
   440    3.5200004e-02    6.2451809e-01
   460    3.6800001e-02    6.7067815e-01
   480    3.8400002e-02    7.1857229e-01
   500    4.0000003e-02    7.6820316e-01
   520    4.1600004e-02    8.1957294e-01
   540    4.3200001e-02    8.7268559e-01
   560    4.4800002e-02    9.2754226e-01
   580    4.6400003e-02    9.8414587e-01
   600    4.8000004e-02    1.0424991e+00
   620    4.9600001e-02    1.1026028e+00
   640    5.1200002e-02    1.1644601e+00
   660    5.2800003e-02    1.2280725e+00
   680    5.4400004e-02    1.2934410e+00
   700    5.6000005e-02    1.3605689e+00
   720    5.7600003e-02    1.4294562e+00
   740    5.9200004e-02    1.5001049e+00
   760    6.0800005e-02    1.5725174e+00
   780    6.2400006e-02    1.6466935e+00
   800    6.4000003e-02    1.7226356e+00
   820    6.5600008e-02    1.8003450e+00
   840    6.7200005e-02    1.8798218e+00
   860    6.8800002e-02    1.9610685e+00
   880    7.0400007e-02    2.0440858e+00
   900    7.2000004e-02    2.1288737e+00
   920    7.3600002e-02    2.2154351e+00
   940    7.5200006e-02    2.3037696e+00
   960    7.6800004e-02    2.3938781e+00
   980    7.8400008e-02    2.4857628e+00
  1000    8.0000006e-02    2.5794232e+00
  1020    8.1600003e-02    2.6748604e+00
  1040    8.3200008e-02    2.7720764e+00
  1060    8.4800005e-02    2.8710702e+00
  1080    8.6400002e-02    2.9718435e+00
  1100    8.8000007e-02    3.0743976e+00
  1120    8.9600004e-02    3.1787318e+00
  1140    9.1200009e-02    3.2848477e+00
  1160    9.2800006e-02    3.3927465e+00
  1180    9.4400004e-02    3.5024271e+00
  1200    9.6000008e-02    3.6138917e+00
  1220    9.7600006e-02    3.7271408e+00
  1240    9.9200003e-02    3.8421736e+00
  1260    1.0080001e-01    3.9589923e+00
  1280    1.0240000e-01    4.0775970e+00
  1300    1.0400001e-01    4.1979870e+00
  1320    1.0560001e-01    4.3201647e+00
  1340    1.0720000e-01    4.4441298e+00
  1360    1.0880001e-01    4.5698818e+00
  1380    1.1040001e-01    4.6974229e+00
  1400    1.1200001e-01    4.8267529e+00
  1420    1.1360001e-01    4.9578711e+00
  1440    1.1520001e-01    5.0907800e+00
  1460    1.1680001e-01    5.2254788e+00
  1480    1.1840001e-01    5.3619673e+00
  1500    1.2000000e-01    5.5002476e+00
  1520    1.2160001e-01    5.6403191e+00
  1540    1.2320001e-01    5.7821815e+00
  1560    1.2480001e-01    5.9258369e+00
  1580    1.2640001e-01    6.0712846e+00
  1600    1.2800001e-01    6.2185242e+00
  1620    1.2960000e-01    6.3675581e+00
  1640    1.3120002e-01    6.5183851e+00
  1660    1.3280001e-01    6.6710052e+00
  1680    1.3440001e-01    6.8254205e+00
  1700    1.3600001e-01    6.9816299e+00
  1720    1.3760000e-01    7.1396334e+00
  1740    1.3920000e-01    7.2994330e+00
  1760    1.4080001e-01    7.4610277e+00
  1780    1.4240001e-01    7.6244173e+00
  1800    1.4400001e-01    7.7896040e+00
  1820    1.4560001e-01    7.9565865e+00
  1840    1.4720000e-01    8.1253648e+00
  1860    1.4880002e-01    8.2959410e+00
  1880    1.5040001e-01    8.4683139e+00
  1900    1.5200001e-01    8.6424833e+00
  1920    1.5360001e-01    8.8184514e+00
  1940    1.5520000e-01    8.9962170e+00
  1960    1.5680002e-01    9.1757798e+00
  1980    1.5840001e-01    9.3571420e+00
  2000    1.6000001e-01    9.5403024e+00
  2020    1.6160001e-01    9.7252608e+00
  2040    1.6320001e-01    9.9120192e+00
  2060    1.6480002e-01    1.0100577e+01
  2080    1.6640002e-01    1.0290932e+01
  2100    1.6800001e-01    1.0483089e+01
  2120    1.6960001e-01    1.0677045e+01
  2140    1.7120001e-01    1.0872801e+01
  2160    1.7280000e-01    1.1070357e+01
  2180    1.7440002e-01    1.1269714e+01
  2200    1.7600001e-01    1.1470871e+01
  2220    1.7760001e-01    1.1673830e+01
  2240    1.7920001e-01    1.1878589e+01
  2260    1.8080001e-01    1.2085149e+01
  2280    1.8240002e-01    1.2293511e+01
  2300    1.8400002e-01    1.2503674e+01
  2320    1.8560001e-01    1.2715638e+01
  2340    1.8720001e-01    1.2929406e+01
  2360    1.8880001e-01    1.3144975e+01
  2380    1.9040002e-01    1.3362345e+01
  2400    1.9200002e-01    1.3581519e+01
  2420    1.9360001e-01    1.3802496e+01
  2440    1.9520001e-01    1.4025274e+01
  2460    1.9680001e-01    1.4249855e+01
  2480    1.9840001e-01    1.4476241e+01
  2500    2.0000002e-01    1.4704428e+01
  2520    2.0160002e-01    1.4934419e+01
  2540    2.0320001e-01    1.5166214e+01
  2560    2.0480001e-01    1.5399812e+01
  2580    2.0640001e-01    1.5635213e+01
  2600    2.0800002e-01    1.5872420e+01
  2620    2.0960002e-01    1.6111429e+01
  2640    2.1120001e-01    1.6352243e+01
  2660    2.1280001e-01    1.6594862e+01
  2680    2.1440001e-01    1.6839284e+01
  2700    2.1600002e-01    1.7085511e+01
  2720    2.1760002e-01    1.7333544e+01
  2740    2.1920002e-01    1.7583380e+01
  2760    2.2080001e-01    1.7835021e+01
  2780    2.2240001e-01    1.8088469e+01
  2800    2.2400002e-01    1.8343720e+01
  2820    2.2560002e-01    1.8600777e+01
  2840    2.2720002e-01    1.8859640e+01
  2860    2.2880001e-01    1.9120308e+01
  2880    2.3040001e-01    1.9382781e+01
  2900    2.3200001e-01    1.9647062e+01
  2920    2.3360002e-01    1.9913148e+01
  2940    2.3520002e-01    2.0181068e+01
  2960    2.3680001e-01    2.0451449e+01
  2980    2.3840001e-01    2.0732972e+01
  3000    2.4000001e-01    2.0991918e+01
