     5    2.4999999e-01    1.0163187e+01     10    6.5274804e-01
    10    4.9999997e-01    1.0301765e+01     10    5.5431161e-01
    15    7.4999994e-01    1.0430786e+01     10    5.1608737e-01
    20    9.9999994e-01    1.0556227e+01     10    5.0176101e-01
    25    1.2499999e+00    1.0682519e+01     10    5.0516979e-01
    30    1.4999999e+00    1.0813718e+01     10    5.2479669e-01
    35    1.7499999e+00    1.0953821e+01     10    5.6041250e-01
    40    1.9999999e+00    1.1101017e+01     11    5.8878146e-01
    45    2.2499998e+00    1.1239501e+01     11    5.5393690e-01
    50    2.4999998e+00    1.1371087e+01     11    5.2634283e-01
    55    2.7499998e+00    1.1499225e+01     11    5.1255489e-01
    60    2.9999998e+00    1.1627563e+01     11    5.1335161e-01
    65    3.2499998e+00    1.1759996e+01     11    5.2972979e-01
    70    3.4999998e+00    1.1900652e+01     11    5.6262439e-01
    75    3.7499998e+00    1.2052465e+01     12    6.0725148e-01
    80    3.9999998e+00    1.2198985e+01     12    5.8608208e-01
    85    4.2499995e+00    1.2337076e+01     12    5.5236166e-01
    90    4.4999995e+00    1.2470482e+01     12    5.3362606e-01
    95    4.7499995e+00    1.2603185e+01     12    5.3081391e-01
   100    4.9999995e+00    1.2739453e+01     12    5.4507115e-01
   105    5.2499995e+00    1.2883836e+01     12    5.7752919e-01
   110    5.4999995e+00    1.3040350e+01     13    6.2605983e-01
   115    5.7499995e+00    1.3192776e+01     13    6.0970348e-01
   120    5.9999995e+00    1.3335888e+01     13    5.7244694e-01
   125    6.2499995e+00    1.3473848e+01     13    5.5184142e-01
   130    6.4999995e+00    1.3611076e+01     13    5.4890921e-01
   135    6.7499995e+00    1.3752301e+01     13    5.6490177e-01
   140    6.9999995e+00    1.3902561e+01     13    6.0103781e-01
   145    7.2499995e+00    1.4064912e+01     14    6.4940474e-01
   150    7.4999995e+00    1.4220165e+01     14    6.2101395e-01
   155    7.7499995e+00    1.4366215e+01     14    5.8419761e-01
   160    7.9999995e+00    1.4507687e+01     14    5.6588766e-01
   165    8.2499990e+00    1.4649494e+01     14    5.6723007e-01
   170    8.4999990e+00    1.4796892e+01     14    5.8959273e-01
   175    8.7499990e+00    1.4955437e+01     14    6.3417980e-01
   180    8.9999990e+00    1.5122148e+01     15    6.6684521e-01
   185    9.2499990e+00    1.5277494e+01     15    6.2138139e-01
   190    9.4999990e+00    1.5424894e+01     15    5.8960001e-01
   195    9.7499990e+00    1.5569478e+01     15    5.7833682e-01
   200    9.9999990e+00    1.5716709e+01     15    5.8892334e-01
   205    1.0249999e+01    1.5872401e+01     15    6.2277110e-01
   210    1.0499999e+01    1.6041840e+01     16    6.7775551e-01
   215    1.0749999e+01    1.6206497e+01     16    6.5862702e-01
   220    1.0999999e+01    1.6360327e+01     16    6.1532052e-01
   225    1.1249999e+01    1.6508717e+01     16    5.9355813e-01
   230    1.1499999e+01    1.6657352e+01     16    5.9454038e-01
   235    1.1749999e+01    1.6812295e+01     16    6.1977340e-01
   240    1.1999999e+01    1.6979930e+01     16    6.7053776e-01
   245    1.2249999e+01    1.7152692e+01     17    6.9104868e-01
   250    1.2499999e+01    1.7312625e+01     17    6.3973135e-01
   255    1.2749999e+01    1.7465025e+01     17    6.0960161e-01
   260    1.2999999e+01    1.7615825e+01     17    6.0319877e-01
   265    1.3249999e+01    1.7771335e+01     17    6.2204350e-01
   270    1.3499999e+01    1.7938228e+01     17    6.6756917e-01
   275    1.3749999e+01    1.8115654e+01     18    7.0970424e-01
   280    1.3999999e+01    1.8280811e+01     18    6.6062790e-01
   285    1.4249999e+01    1.8436889e+01     18    6.2431360e-01
   290    1.4499999e+01    1.8590079e+01     18    6.1275938e-01
   295    1.4749999e+01    1.8746949e+01     18    6.2747864e-01
   300    1.4999999e+01    1.8914461e+01     18    6.7005027e-01
   305    1.5249999e+01    1.9094803e+01     19    7.2136760e-01
   310    1.5499999e+01    1.9263989e+01     19    6.7674415e-01
   315    1.5749999e+01    1.9423098e+01     19    6.3643535e-01
   320    1.5999999e+01    1.9578591e+01     19    6.2197074e-01
   325    1.6249998e+01    1.9737310e+01     19    6.3487829e-01
   330    1.6499998e+01    1.9906505e+01     19    6.7678053e-01
   335    1.6749998e+01    2.0089292e+01     20    7.3114649e-01
   340    1.6999998e+01    2.0261181e+01     20    6.8755622e-01
   345    1.7249998e+01    2.0422547e+01     20    6.4546481e-01
   350    1.7499998e+01    2.0580130e+01     20    6.3033082e-01
   355    1.7749998e+01    2.0741058e+01     20    6.4371130e-01
   360    1.7999998e+01    2.0912879e+01     20    6.8728701e-01
   365    1.8249998e+01    2.1098014e+01     21    7.4053975e-01
   370    1.8499998e+01    2.1271306e+01     21    6.9316599e-01
   375    1.8749998e+01    2.1434182e+01     21    6.5150385e-01
   380    1.8999998e+01    2.1593662e+01     21    6.3791964e-01
   385    1.9249998e+01    2.1757181e+01     21    6.5407954e-01
   390    1.9499998e+01    2.1932594e+01     21    7.0164975e-01
   395    1.9749998e+01    2.2119668e+01     22    7.4829592e-01
   400    1.9999998e+01    2.2293209e+01     22    6.9416279e-01
   405    2.0249998e+01    2.2456987e+01     22    6.5511273e-01
   410    2.0499998e+01    2.2618317e+01     22    6.4531929e-01
   415    2.0749998e+01    2.2784952e+01     22    6.6654326e-01
   420    2.0999998e+01    2.2965058e+01     22    7.2042172e-01
   425    2.1249998e+01    2.3152843e+01     23    7.5114082e-01
   430    2.1499998e+01    2.3325723e+01     23    6.9152162e-01
   435    2.1749998e+01    2.3490038e+01     23    6.5725914e-01
   440    2.1999998e+01    2.3653412e+01     23    6.5349747e-01
   445    2.2249998e+01    2.3823930e+01     23    6.8207015e-01
   450    2.2499998e+01    2.4010069e+01     24    7.4455608e-01
   455    2.2749998e+01    2.4196119e+01     24    7.4419955e-01
   460    2.2999998e+01    2.4367755e+01     24    6.8654487e-01
   465    2.3249998e+01    2.4532563e+01     24    6.5923092e-01
   470    2.3499998e+01    2.4698495e+01     24    6.6372746e-01
   475    2.3749998e+01    2.4873978e+01     24    7.0193352e-01
   480    2.3999998e+01    2.5065565e+01     25    7.6634757e-01
   485    2.4249998e+01    2.5248179e+01     25    7.3045527e-01
   490    2.4499998e+01    2.5418369e+01     25    6.8076048e-01
   495    2.4749998e+01    2.5584006e+01     25    6.6254876e-01
   500    2.4999998e+01    2.5753399e+01     25    6.7757361e-01
   505    2.5249998e+01    2.5935316e+01     25    7.2766858e-01
   510    2.5499998e+01    2.6128984e+01     26    7.7467126e-01
   515    2.5749998e+01    2.6307880e+01     26    7.1558321e-01
   520    2.5999998e+01    2.6476855e+01     26    6.7590014e-01
   525    2.6249998e+01    2.6644102e+01     26    6.6898798e-01
   530    2.6499998e+01    2.6818299e+01     26    6.9678941e-01
   535    2.6749998e+01    2.7008562e+01     27    7.6105067e-01
   540    2.6999998e+01    2.7198988e+01     27    7.6170551e-01
   545    2.7249998e+01    2.7374355e+01     27    7.0146785e-01
   550    2.7499998e+01    2.7542823e+01     27    6.7387015e-01
   555    2.7749998e+01    2.7712946e+01     27    6.8049127e-01
   560    2.7999998e+01    2.7893777e+01     27    7.2332483e-01
   565    2.8249998e+01    2.8090208e+01     28    7.8572344e-01
   570    2.8499998e+01    2.8274551e+01     28    7.3737471e-01
   575    2.8749998e+01    2.8447083e+01     28    6.9012464e-01
   580    2.8999998e+01    2.8616269e+01     28    6.7674415e-01
   585    2.9249998e+01    2.8791057e+01     28    6.9915410e-01
   590    2.9499998e+01    2.8980859e+01     28    7.5920985e-01
   595    2.9749998e+01    2.9176033e+01     29    7.8069576e-01
   600    2.9999998e+01    2.9355029e+01     29    7.1598339e-01
   605    3.0249998e+01    2.9525952e+01     29    6.8369269e-01
   610    3.0499998e+01    2.9697638e+01     29    6.8674132e-01
   615    3.0749998e+01    2.9879435e+01     29    7.2718836e-01
   620    3.0999998e+01    3.0077814e+01     30    7.9351599e-01
   625    3.1249998e+01    3.0265310e+01     30    7.4998394e-01
   630    3.1499998e+01    3.0440235e+01     30    6.9969980e-01
   635    3.1749998e+01    3.0611347e+01     30    6.8444939e-01
   640    3.1999998e+01    3.0787895e+01     30    7.0618995e-01
   645    3.2249996e+01    3.0979605e+01     30    7.6684233e-01
   650    3.2499996e+01    3.1176944e+01     31    7.8935415e-01
   655    3.2749996e+01    3.1357784e+01     31    7.2336121e-01
   660    3.2999996e+01    3.1530479e+01     31    6.9077947e-01
   665    3.3249996e+01    3.1704178e+01     31    6.9479580e-01
   670    3.3499996e+01    3.1888550e+01     31    7.3749112e-01
   675    3.3749996e+01    3.2089243e+01     32    8.0277101e-01
   680    3.3999996e+01    3.2277614e+01     32    7.5348368e-01
   685    3.4249996e+01    3.2453729e+01     32    7.0445827e-01
   690    3.4499996e+01    3.2626653e+01     32    6.9169624e-01
   695    3.4749996e+01    3.2805965e+01     32    7.1724941e-01
   700    3.4999996e+01    3.3001728e+01     33    7.8305317e-01
   705    3.5249996e+01    3.3199016e+01     33    7.8915042e-01
   710    3.5499996e+01    3.3380093e+01     33    7.2430709e-01
   715    3.5749996e+01    3.3554013e+01     33    6.9568347e-01
   720    3.5999996e+01    3.3730255e+01     33    7.0496759e-01
   725    3.6249996e+01    3.3918834e+01     33    7.5431313e-01
   730    3.6499996e+01    3.4121473e+01     34    8.1055629e-01
   735    3.6749996e+01    3.4308829e+01     34    7.4942369e-01
   740    3.6999996e+01    3.4485256e+01     34    7.0570974e-01
   745    3.7249996e+01    3.4660152e+01     34    6.9958338e-01
   750    3.7499996e+01    3.4843455e+01     34    7.3321286e-01
   755    3.7749996e+01    3.5044643e+01     35    8.0475007e-01
   760    3.7999996e+01    3.5239380e+01     35    7.7894953e-01
   765    3.8249996e+01    3.5419587e+01     35    7.2082918e-01
   770    3.8499996e+01    3.5594621e+01     35    7.0013635e-01
   775    3.8749996e+01    3.5774330e+01     35    7.1883557e-01
   780    3.8999996e+01    3.5969089e+01     35    7.7903684e-01
   785    3.9249996e+01    3.6171346e+01     36    8.0902834e-01
   790    3.9499996e+01    3.6356414e+01     36    7.4027054e-01
   795    3.9749996e+01    3.6532852e+01     36    7.0575339e-01
   800    3.9999996e+01    3.6710429e+01     36    7.1030814e-01
   805    4.0249996e+01    3.6899462e+01     36    7.5613212e-01
   810    4.0499996e+01    3.7104448e+01     37    8.1994227e-01
   815    4.0749996e+01    3.7295282e+01     37    7.6333532e-01
   820    4.0999996e+01    3.7474201e+01     37    7.1567780e-01
   825    4.1249996e+01    3.7650905e+01     37    7.0681568e-01
   830    4.1499996e+01    3.7835645e+01     37    7.3896086e-01
   835    4.1749996e+01    3.8038506e+01     38    8.1144395e-01
   840    4.1999996e+01    3.8235867e+01     38    7.8944146e-01
   845    4.2249996e+01    3.8418173e+01     38    7.2922563e-01
   850    4.2499996e+01    3.8595088e+01     38    7.0765969e-01
   855    4.2749996e+01    3.8776790e+01     38    7.2681001e-01
   860    4.2999996e+01    3.8973991e+01     38    7.8880117e-01
   865    4.3249996e+01    3.9177918e+01     39    8.1570766e-01
   870    4.3499996e+01    3.9364375e+01     39    7.4582937e-01
   875    4.3749996e+01    3.9542432e+01     39    7.1222900e-01
   880    4.3999996e+01    3.9722192e+01     39    7.1903929e-01
   885    4.4249996e+01    3.9914325e+01     39    7.6853036e-01
   890    4.4499996e+01    4.0121275e+01     40    8.2780031e-01
   895    4.4749996e+01    4.0312516e+01     40    7.6496514e-01
   900    4.4999996e+01    4.0492501e+01     40    7.1994151e-01
   905    4.5249996e+01    4.0671264e+01     40    7.1505207e-01
   910    4.5499996e+01    4.0859428e+01     40    7.5265422e-01
   915    4.5749996e+01    4.1065821e+01     41    8.2557386e-01
   920    4.5999996e+01    4.1262374e+01     41    7.8621093e-01
   925    4.6249996e+01    4.1444946e+01     41    7.3028792e-01
   930    4.6499996e+01    4.1623534e+01     41    7.1435358e-01
   935    4.6749996e+01    4.1808689e+01     41    7.4061978e-01
   940    4.6999996e+01    4.2011488e+01     42    8.1119657e-01
   945    4.7249996e+01    4.2213785e+01     42    8.0918841e-01
   950    4.7499996e+01    4.2399497e+01     42    7.4284623e-01
   955    4.7749996e+01    4.2578606e+01     42    7.1643450e-01
   960    4.7999996e+01    4.2761603e+01     42    7.3199050e-01
   965    4.8249996e+01    4.2959538e+01     42    7.9174066e-01
   970    4.8499996e+01    4.3166634e+01     43    8.2838238e-01
   975    4.8749996e+01    4.3355943e+01     43    7.5723807e-01
   980    4.8999996e+01    4.3536165e+01     43    7.2088739e-01
   985    4.9249996e+01    4.3717737e+01     43    7.2628615e-01
   990    4.9499996e+01    4.3911667e+01     43    7.7571900e-01
   995    4.9749996e+01    4.4120843e+01     44    8.3670608e-01
  1000    4.9999996e+01    4.4314118e+01     44    7.7309966e-01
  1005    5.0249996e+01    4.4495955e+01     44    7.2734844e-01
  1010    5.0499996e+01    4.4676734e+01     44    7.2311383e-01
  1015    5.0749996e+01    4.4867425e+01     44    7.6276780e-01
  1020    5.0999996e+01    4.5076355e+01     45    8.3571655e-01
  1025    5.1249996e+01    4.5273900e+01     45    7.9018361e-01
  1030    5.1499996e+01    4.5457764e+01     45    7.3545385e-01
  1035    5.1749996e+01    4.5638295e+01     45    7.2212430e-01
  1040    5.1999996e+01    4.5826422e+01     45    7.5250870e-01
  1045    5.2249996e+01    4.6033147e+01     46    8.2689809e-01
  1050    5.2499996e+01    4.6235193e+01     46    8.0818432e-01
  1055    5.2749996e+01    4.6421424e+01     46    7.4492715e-01
  1060    5.2999996e+01    4.6602177e+01     46    7.2301196e-01
  1065    5.3249996e+01    4.6788322e+01     46    7.4457790e-01
  1070    5.3499996e+01    4.6991307e+01     46    8.1193872e-01
  1075    5.3749996e+01    4.7197929e+01     47    8.2649063e-01
  1080    5.3999996e+01    4.7386806e+01     47    7.5550639e-01
  1085    5.4249996e+01    4.7568170e+01     47    7.2545669e-01
  1090    5.4499996e+01    4.7752852e+01     47    7.3872803e-01
  1095    5.4749996e+01    4.7952271e+01     47    7.9767784e-01
  1100    5.4999996e+01    4.8162055e+01     48    8.3913625e-01
  1105    5.5249996e+01    4.8353795e+01     48    7.6695875e-01
  1110    5.5499996e+01    4.8536102e+01     48    7.2922563e-01
  1115    5.5749996e+01    4.8719758e+01     48    7.3462439e-01
  1120    5.5999996e+01    4.8916172e+01     48    7.8565796e-01
  1125    5.6249996e+01    4.9127546e+01     49    8.4549544e-01
  1130    5.6499996e+01    4.9322316e+01     49    7.7908049e-01
  1135    5.6749996e+01    4.9505834e+01     49    7.3407142e-01
  1140    5.6999996e+01    4.9688853e+01     49    7.3207781e-01
  1145    5.7249996e+01    4.9882747e+01     49    7.7557348e-01
  1150    5.7499996e+01    5.0094372e+01     50    8.4649952e-01
  1155    5.7749996e+01    5.0292299e+01     50    7.9171156e-01
  1160    5.7999996e+01    5.0477247e+01     50    7.3979032e-01
  1165    5.8249996e+01    5.0659954e+01     50    7.3082634e-01
  1170    5.8499996e+01    5.0851759e+01     50    7.6722068e-01
  1175    5.8749996e+01    5.1062521e+01     51    8.4305071e-01
  1180    5.8999996e+01    5.1263687e+01     51    8.0466276e-01
  1185    5.9249996e+01    5.1450246e+01     51    7.4623682e-01
  1190    5.9499996e+01    5.1632916e+01     51    7.3068082e-01
  1195    5.9749996e+01    5.1823012e+01     51    7.6038128e-01
  1200    5.9999996e+01    5.2031988e+01     52    8.3590572e-01
  1205    6.0249996e+01    5.2236439e+01     52    8.1780314e-01
  1210    6.0499996e+01    5.2424741e+01     52    7.5320719e-01
  1215    6.0749996e+01    5.2607611e+01     52    7.3148118e-01
  1220    6.0999996e+01    5.2796328e+01     52    7.5486611e-01
  1225    6.1249996e+01    5.3002772e+01     53    8.2577759e-01
  1230    6.1499996e+01    5.3210526e+01     53    8.3101628e-01
  1235    6.1749996e+01    5.3400672e+01     53    7.6058501e-01
  1240    6.1999996e+01    5.3583928e+01     53    7.3302368e-01
  1245    6.2249996e+01    5.3771557e+01     53    7.5051508e-01
  1250    6.2499996e+01    5.3975415e+01     53    8.1543118e-01
  1255    6.2749996e+01    5.4185919e+01     54    8.4201753e-01
  1260    6.2999996e+01    5.4377975e+01     54    7.6822477e-01
  1265    6.3249996e+01    5.4561780e+01     54    7.3522102e-01
  1270    6.3499996e+01    5.4748565e+01     54    7.4713904e-01
  1275    6.3749996e+01    5.4950189e+01     54    8.0649630e-01
  1280    6.3999996e+01    5.5162596e+01     55    8.4962818e-01
  1285    6.4249992e+01    5.5356606e+01     55    7.7603914e-01
  1290    6.4499992e+01    5.5541084e+01     55    7.3791313e-01
  1295    6.4749992e+01    5.5727243e+01     55    7.4463611e-01
  1300    6.4999992e+01    5.5926932e+01     55    7.9875468e-01
  1305    6.5249992e+01    5.6140547e+01     56    8.5445942e-01
  1310    6.5499992e+01    5.6336521e+01     56    7.8389718e-01
  1315    6.5749992e+01    5.6521767e+01     56    7.4098358e-01
  1320    6.5999992e+01    5.6707482e+01     56    7.4286078e-01
  1325    6.6249992e+01    5.6905508e+01     56    7.9210446e-01
  1330    6.6499992e+01    5.7119749e+01     57    8.5696234e-01
  1335    6.6749992e+01    5.7317688e+01     57    7.9175521e-01
  1340    6.6999992e+01    5.7503774e+01     57    7.4434507e-01
  1345    6.7249992e+01    5.7689202e+01     57    7.4171118e-01
  1350    6.7499992e+01    5.7885798e+01     57    7.8638556e-01
  1355    6.7749992e+01    5.8100195e+01     58    8.5758808e-01
  1360    6.7999992e+01    5.8300069e+01     58    7.9949683e-01
  1365    6.8249992e+01    5.8487047e+01     58    7.4791029e-01
  1370    6.8499992e+01    5.8672311e+01     58    7.4105634e-01
  1375    6.8749992e+01    5.8867692e+01     58    7.8152522e-01
  1380    6.8999992e+01    5.9081874e+01     59    8.5672951e-01
  1385    6.9249992e+01    5.9283644e+01     59    8.0707838e-01
  1390    6.9499992e+01    5.9471542e+01     59    7.5159193e-01
  1395    6.9749992e+01    5.9656755e+01     59    7.4085261e-01
  1400    6.9999992e+01    5.9851103e+01     59    7.7739247e-01
  1405    7.0249992e+01    6.0064776e+01     60    8.5469225e-01
  1410    7.0499992e+01    6.0268383e+01     60    8.1442710e-01
  1415    7.0749992e+01    6.0457216e+01     60    7.5533177e-01
  1420    7.0999992e+01    6.0642466e+01     60    7.4099813e-01
  1425    7.1249992e+01    6.0835944e+01     60    7.7391456e-01
  1430    7.1499992e+01    6.1048893e+01     61    8.5179641e-01
  1435    7.1749992e+01    6.1254272e+01     61    8.2151388e-01
  1440    7.1999992e+01    6.1444036e+01     61    7.5905706e-01
  1445    7.2249992e+01    6.1629391e+01     61    7.4142014e-01
  1450    7.2499992e+01    6.1822146e+01     61    7.7101873e-01
  1455    7.2749992e+01    6.2034211e+01     62    8.4826030e-01
  1460    7.2999992e+01    6.2241277e+01     62    8.2826597e-01
  1465    7.3249992e+01    6.2431958e+01     62    7.6272414e-01
  1470    7.3499992e+01    6.2617473e+01     62    7.4206042e-01
  1475    7.3749992e+01    6.2809631e+01     62    7.6863222e-01
  1480    7.3999992e+01    6.3020714e+01     63    8.4433128e-01
  1485    7.4249992e+01    6.3229381e+01     63    8.3466881e-01
  1490    7.4499992e+01    6.3420957e+01     63    7.6630391e-01
  1495    7.4749992e+01    6.3606676e+01     63    7.4287533e-01
  1500    7.4999992e+01    6.3798347e+01     63    7.6668226e-01
  1505    7.5249992e+01    6.4008404e+01     64    8.4022764e-01
  1510    7.5499992e+01    6.4218570e+01     64    8.4066420e-01
  1515    7.5749992e+01    6.4411004e+01     64    7.6973816e-01
  1520    7.5999992e+01    6.4596956e+01     64    7.4380665e-01
  1525    7.6249992e+01    6.4788233e+01     64    7.6511066e-01
  1530    7.6499992e+01    6.4997279e+01     64    8.3618221e-01
  1535    7.6749992e+01    6.5208820e+01     65    8.4616482e-01
  1540    7.6999992e+01    6.5402070e+01     65    7.7299779e-01
  1545    7.7249992e+01    6.5588269e+01     65    7.4479618e-01
  1550    7.7499992e+01    6.5779241e+01     65    7.6388829e-01
  1555    7.7749992e+01    6.5987449e+01     65    8.3283527e-01
  1560    7.7999992e+01    6.6200118e+01     66    8.5067592e-01
  1565    7.8249992e+01    6.6394132e+01     66    7.7605370e-01
  1570    7.8499992e+01    6.6580593e+01     66    7.4584392e-01
  1575    7.8749992e+01    6.6771332e+01     66    7.6295697e-01
  1580    7.8999992e+01    6.6978828e+01     66    8.2998309e-01
  1585    7.9249992e+01    6.7192435e+01     67    8.5443031e-01
  1590    7.9499992e+01    6.7387155e+01     67    7.7887677e-01
  1595    7.9749992e+01    6.7573885e+01     67    7.4692076e-01
  1600    7.9999992e+01    6.7764457e+01     67    7.6228758e-01
  1605    8.0249992e+01    6.7971378e+01     67    8.2768389e-01
  1610    8.0499992e+01    6.8185764e+01     68    8.5754442e-01
  1615    8.0749992e+01    6.8381130e+01     68    7.8146701e-01
  1620    8.0999992e+01    6.8568115e+01     68    7.4793940e-01
  1625    8.1249992e+01    6.8758585e+01     68    7.6188013e-01
  1630    8.1499992e+01    6.8965041e+01     68    8.2582125e-01
  1635    8.1749992e+01    6.9180067e+01     69    8.6010556e-01
  1640    8.1999992e+01    6.9376023e+01     69    7.8382442e-01
  1645    8.2249992e+01    6.9563263e+01     69    7.4895803e-01
  1650    8.2499992e+01    6.9753674e+01     69    7.6164730e-01
  1655    8.2749992e+01    6.9959788e+01     69    8.2445337e-01
  1660    8.2999992e+01    7.0175345e+01     70    8.6223014e-01
  1665    8.3249992e+01    7.0371818e+01     70    7.8589079e-01
  1670    8.3499992e+01    7.0559297e+01     70    7.4991846e-01
  1675    8.3749992e+01    7.0749695e+01     70    7.6158909e-01
  1680    8.3999992e+01    7.0955561e+01     70    8.2346384e-01
  1685    8.4249992e+01    7.1171569e+01     71    8.6403458e-01
  1690    8.4499992e+01    7.1368486e+01     71    7.8766612e-01
  1695    8.4749992e+01    7.1556198e+01     71    7.5084978e-01
  1700    8.4999992e+01    7.1746617e+01     71    7.6167640e-01
  1705    8.5249992e+01    7.1952345e+01     71    8.2291086e-01
  1710    8.5499992e+01    7.2168710e+01     72    8.6546066e-01
  1715    8.5749992e+01    7.2366005e+01     72    7.8917952e-01
  1720    8.5999992e+01    7.2553928e+01     72    7.5169379e-01
  1725    8.6249992e+01    7.2744420e+01     72    7.6196744e-01
  1730    8.6499992e+01    7.2950090e+01     72    8.2267803e-01
  1735    8.6749992e+01    7.3166761e+01     73    8.6668302e-01
  1740    8.6999992e+01    7.3364368e+01     73    7.9043099e-01
  1745    8.7249992e+01    7.3552481e+01     73    7.5245049e-01
  1750    8.7499992e+01    7.3743067e+01     73    7.6234579e-01
  1755    8.7749992e+01    7.3948780e+01     73    8.2285266e-01
  1760    8.7999992e+01    7.4165684e+01     74    8.6761435e-01
  1765    8.8249992e+01    7.4363532e+01     74    7.9139141e-01
  1770    8.8499992e+01    7.4551819e+01     74    7.5314898e-01
  1775    8.8749992e+01    7.4742544e+01     74    7.6289876e-01
  1780    8.8999992e+01    7.4948373e+01     74    8.2331832e-01
  1785    8.9249992e+01    7.5165481e+01     75    8.6842925e-01
  1790    8.9499992e+01    7.5363496e+01     75    7.9206080e-01
  1795    8.9749992e+01    7.5551936e+01     75    7.5376016e-01
  1800    8.9999992e+01    7.5742828e+01     75    7.6356815e-01
  1805    9.0249992e+01    7.5948861e+01     75    8.2413322e-01
  1810    9.0499992e+01    7.6166107e+01     76    8.6898223e-01
  1815    9.0749992e+01    7.6364238e+01     76    7.9252646e-01
  1820    9.0999992e+01    7.6552809e+01     76    7.5428403e-01
  1825    9.1249992e+01    7.6743891e+01     76    7.6432485e-01
  1830    9.1499992e+01    7.6950222e+01     76    8.2532648e-01
  1835    9.1749992e+01    7.7167562e+01     77    8.6936058e-01
  1840    9.1999992e+01    7.7365723e+01     77    7.9264288e-01
  1845    9.2249992e+01    7.7554418e+01     77    7.5477880e-01
  1850    9.2499992e+01    7.7745732e+01     77    7.6525617e-01
  1855    9.2749992e+01    7.7952427e+01     77    8.2678167e-01
  1860    9.2999992e+01    7.8169804e+01     78    8.6950610e-01
  1865    9.3249992e+01    7.8367950e+01     78    7.9258467e-01
  1870    9.3499992e+01    7.8556746e+01     78    7.5518625e-01
  1875    9.3749992e+01    7.8748315e+01     78    7.6627481e-01
  1880    9.3999992e+01    7.8955462e+01     78    8.2858611e-01
  1885    9.4249992e+01    7.9172823e+01     79    8.6944789e-01
  1890    9.4499992e+01    7.9370890e+01     79    7.9226453e-01
  1895    9.4749992e+01    7.9559766e+01     79    7.5550639e-01
  1900    9.4999992e+01    7.9751626e+01     79    7.6743896e-01
  1905    9.5249992e+01    7.9959311e+01     79    8.3073979e-01
  1910    9.5499992e+01    8.0176585e+01     80    8.6909864e-01
  1915    9.5749992e+01    8.0374521e+01     80    7.9174066e-01
  1920    9.5999992e+01    8.0563477e+01     80    7.5582653e-01
  1925    9.6249992e+01    8.0755664e+01     80    7.6874863e-01
  1930    9.6499992e+01    8.0963968e+01     80    8.3321362e-01
  1935    9.6749992e+01    8.1181082e+01     81    8.6845836e-01
  1940    9.6999992e+01    8.1378828e+01     81    7.9098396e-01
  1945    9.7249992e+01    8.1567850e+01     81    7.5608847e-01
  1950    9.7499992e+01    8.1760401e+01     81    7.7020383e-01
  1955    9.7749992e+01    8.1969403e+01     81    8.3600759e-01
  1960    9.7999992e+01    8.2186285e+01     82    8.6752704e-01
  1965    9.8249992e+01    8.2383791e+01     82    7.9002353e-01
  1970    9.8499992e+01    8.2572878e+01     82    7.5635040e-01
  1975    9.8749992e+01    8.2765830e+01     82    7.7180454e-01
  1980    9.8999992e+01    8.2975617e+01     82    8.3915080e-01
  1985    9.9249992e+01    8.3192172e+01     83    8.6621736e-01
  1990    9.9499992e+01    8.3389401e+01     83    7.8891759e-01
  1995    9.9749992e+01    8.3578547e+01     83    7.5658323e-01
  2000    9.9999992e+01    8.3771942e+01     83    7.7357987e-01
  2005    1.0024999e+02    8.3982603e+01     83    8.4264326e-01
  2010    1.0049999e+02    8.4198720e+01     84    8.6447113e-01
  2015    1.0074999e+02    8.4395630e+01     84    7.8763702e-01
  2020    1.0099999e+02    8.4584834e+01     84    7.5681606e-01
  2025    1.0124999e+02    8.4778723e+01     84    7.7555893e-01
  2030    1.0149999e+02    8.4990344e+01     84    8.4648497e-01
  2035    1.0174999e+02    8.5205909e+01     85    8.6225924e-01
  2040    1.0199999e+02    8.5402462e+01     85    7.8621093e-01
  2045    1.0224999e+02    8.5591739e+01     85    7.5710710e-01
  2050    1.0249999e+02    8.5786167e+01     85    7.7771261e-01
  2055    1.0274999e+02    8.5998843e+01     85    8.5070502e-01
  2060    1.0299999e+02    8.6213717e+01     86    8.5949438e-01
  2065    1.0324999e+02    8.6409891e+01     86    7.8469753e-01
  2070    1.0349999e+02    8.6599248e+01     86    7.5742724e-01
  2075    1.0374999e+02    8.6794265e+01     86    7.8007002e-01
  2080    1.0399999e+02    8.7008106e+01     87    8.5536163e-01
  2085    1.0424999e+02    8.7222121e+01     87    8.5606013e-01
  2090    1.0449999e+02    8.7417888e+01     87    7.8306772e-01
  2095    1.0474999e+02    8.7607339e+01     87    7.5780559e-01
  2100    1.0499999e+02    8.7803011e+01     87    7.8268937e-01
  2105    1.0524999e+02    8.8018016e+01     88    8.6001825e-01
  2110    1.0549999e+02    8.8231100e+01     88    8.5233484e-01
  2115    1.0574999e+02    8.8426452e+01     88    7.8140880e-01
  2120    1.0599999e+02    8.8616020e+01     88    7.5827126e-01
  2125    1.0624999e+02    8.8812398e+01     88    7.8551244e-01
  2130    1.0649999e+02    8.9028530e+01     89    8.6452934e-01
  2135    1.0674999e+02    8.9240646e+01     89    8.4846403e-01
  2140    1.0699999e+02    8.9435554e+01     89    7.7963347e-01
  2145    1.0724999e+02    8.9625268e+01     89    7.5885333e-01
  2150    1.0749999e+02    8.9822424e+01     89    7.8862655e-01
  2155    1.0774999e+02    9.0039626e+01     90    8.6880760e-01
  2160    1.0799999e+02    9.0250724e+01     90    8.4438949e-01
  2165    1.0824999e+02    9.0445195e+01     90    7.7788724e-01
  2170    1.0849999e+02    9.0635076e+01     90    7.5952272e-01
  2175    1.0874999e+02    9.0833084e+01     90    7.9203170e-01
  2180    1.0899999e+02    9.1051283e+01     91    8.7279483e-01
  2185    1.0924999e+02    9.1261332e+01     91    8.4019854e-01
  2190    1.0949999e+02    9.1455353e+01     91    7.7608280e-01
  2195    1.0974999e+02    9.1645445e+01     91    7.6036673e-01
  2200    1.0999999e+02    9.1844384e+01     91    7.9575699e-01
  2205    1.1024999e+02    9.2063477e+01     92    8.7637460e-01
  2210    1.1049999e+02    9.2272436e+01     92    8.3583296e-01
  2215    1.1074999e+02    9.2466020e+01     92    7.7433657e-01
  2220    1.1099999e+02    9.2656366e+01     92    7.6138537e-01
  2225    1.1124999e+02    9.2856317e+01     92    7.9980242e-01
  2230    1.1149999e+02    9.3076174e+01     93    8.7943050e-01
  2235    1.1174999e+02    9.3284027e+01     93    8.3140918e-01
  2240    1.1199999e+02    9.3477182e+01     93    7.7261944e-01
  2245    1.1224999e+02    9.3667833e+01     93    7.6260773e-01
  2250    1.1249999e+02    9.3868883e+01     93    8.0419710e-01
  2255    1.1274999e+02    9.4089359e+01     94    8.8190433e-01
  2260    1.1299999e+02    9.4296091e+01     94    8.2692719e-01
  2265    1.1324999e+02    9.4488838e+01     94    7.7098963e-01
  2270    1.1349999e+02    9.4679846e+01     94    7.6403381e-01
  2275    1.1374999e+02    9.4882082e+01     94    8.0894102e-01
  2280    1.1399999e+02    9.5103016e+01     95    8.8373787e-01
  2285    1.1424999e+02    9.5308613e+01     95    8.2238699e-01
  2290    1.1449999e+02    9.5500967e+01     95    7.6941802e-01
  2295    1.1474999e+02    9.5692398e+01     95    7.6572184e-01
  2300    1.1499999e+02    9.5895928e+01     95    8.1412151e-01
  2305    1.1524999e+02    9.6117103e+01     96    8.8469830e-01
  2310    1.1549999e+02    9.6321564e+01     96    8.1784680e-01
  2315    1.1574999e+02    9.6513570e+01     96    7.6802104e-01
  2320    1.1599999e+02    9.6705488e+01     96    7.6767179e-01
  2325    1.1624999e+02    9.6910408e+01     96    8.1968034e-01
  2330    1.1649999e+02    9.7131626e+01     97    8.8487292e-01
  2335    1.1674999e+02    9.7334952e+01     97    8.1330660e-01
  2340    1.1699999e+02    9.7526645e+01     97    7.6676957e-01
  2345    1.1724999e+02    9.7719123e+01     97    7.6991279e-01
  2350    1.1749999e+02    9.7925549e+01     97    8.2570483e-01
  2355    1.1774999e+02    9.8146549e+01     98    8.8399980e-01
  2360    1.1799999e+02    9.8348763e+01     98    8.0885371e-01
  2365    1.1824999e+02    9.8540178e+01     98    7.6566363e-01
  2370    1.1849999e+02    9.8733297e+01     98    7.7247392e-01
  2375    1.1874999e+02    9.8941353e+01     98    8.3222409e-01
  2380    1.1899999e+02    9.9161858e+01     99    8.8202074e-01
  2385    1.1924999e+02    9.9362973e+01     99    8.0445903e-01
  2390    1.1949999e+02    9.9554170e+01     99    7.6479051e-01
  2395    1.1974999e+02    9.9748024e+01     99    7.7541341e-01
  2400    1.1999999e+02    9.9957819e+01     99    8.3917990e-01
  2405    1.2024999e+02    1.0017755e+02    100    8.7890663e-01
  2410    1.2049999e+02    1.0037758e+02    100    8.0012256e-01
  2415    1.2074999e+02    1.0056861e+02    100    7.6415023e-01
  2420    1.2099999e+02    1.0076330e+02    100    7.7873125e-01
  2425    1.2124999e+02    1.0097497e+02    100    8.4668869e-01
  2430    1.2149999e+02    1.0119358e+02    101    8.7445375e-01
  2435    1.2174999e+02    1.0139257e+02    101    7.9596072e-01
  2440    1.2199999e+02    1.0158351e+02    101    7.6374278e-01
  2445    1.2224999e+02    1.0177912e+02    101    7.8245654e-01
  2450    1.2249999e+02    1.0199281e+02    101    8.5475045e-01
  2455    1.2274999e+02    1.0220995e+02    102    8.6857477e-01
  2460    1.2299999e+02    1.0240795e+02    102    7.9197349e-01
  2465    1.2324999e+02    1.0259886e+02    102    7.6365546e-01
  2470    1.2349999e+02    1.0279551e+02    102    7.8658928e-01
  2475    1.2374999e+02    1.0301135e+02    103    8.6336519e-01
  2480    1.2399999e+02    1.0322666e+02    103    8.6124061e-01
  2485    1.2424999e+02    1.0342369e+02    103    7.8813179e-01
  2490    1.2449999e+02    1.0361467e+02    103    7.6391740e-01
  2495    1.2474999e+02    1.0381246e+02    103    7.9115858e-01
  2500    1.2499999e+02    1.0403026e+02    104    8.7119412e-01
  2505    1.2524999e+02    1.0424368e+02    104    8.5367361e-01
  2510    1.2549999e+02    1.0443981e+02    104    7.8452291e-01
  2515    1.2574999e+02    1.0463093e+02    104    7.6449948e-01
  2520    1.2599999e+02    1.0483000e+02    104    7.9628086e-01
  2525    1.2624999e+02    1.0504945e+02    105    8.7777158e-01
  2530    1.2649999e+02    1.0526100e+02    105    8.4619393e-01
  2535    1.2674999e+02    1.0545629e+02    105    7.8117597e-01
  2540    1.2699999e+02    1.0564765e+02    105    7.6545990e-01
  2545    1.2724999e+02    1.0584813e+02    105    8.0189790e-01
  2550    1.2749999e+02    1.0606888e+02    106    8.8301027e-01
  2555    1.2774999e+02    1.0627861e+02    106    8.3891797e-01
  2560    1.2799999e+02    1.0647313e+02    106    7.7809096e-01
  2565    1.2824998e+02    1.0666485e+02    106    7.6685689e-01
  2570    1.2849998e+02    1.0686686e+02    106    8.0806791e-01
  2575    1.2874998e+02    1.0708856e+02    107    8.8676467e-01
  2580    1.2899998e+02    1.0729651e+02    107    8.3181664e-01
  2585    1.2924998e+02    1.0749034e+02    107    7.7532610e-01
  2590    1.2949998e+02    1.0768251e+02    107    7.6866132e-01
  2595    1.2974998e+02    1.0788621e+02    107    8.1482000e-01
  2600    1.2999998e+02    1.0810845e+02    108    8.8894745e-01
  2605    1.3024998e+02    1.0831469e+02    108    8.2497723e-01
  2610    1.3049998e+02    1.0850791e+02    108    7.7288138e-01
  2615    1.3074998e+02    1.0870065e+02    108    7.7096053e-01
  2620    1.3099998e+02    1.0890620e+02    108    8.2218327e-01
  2625    1.3124998e+02    1.0912856e+02    109    8.8944222e-01
  2630    1.3149998e+02    1.0933314e+02    109    8.1834156e-01
  2635    1.3174998e+02    1.0952585e+02    109    7.7081501e-01
  2640    1.3199998e+02    1.0971929e+02    109    7.7378360e-01
  2645    1.3224998e+02    1.0992684e+02    109    8.3018682e-01
  2650    1.3249998e+02    1.1014886e+02    110    8.8807434e-01
  2655    1.3274998e+02    1.1035187e+02    110    8.1202603e-01
  2660    1.3299998e+02    1.1054416e+02    110    7.6915609e-01
  2665    1.3324998e+02    1.1073844e+02    110    7.7713054e-01
  2670    1.3349998e+02    1.1094815e+02    110    8.3883066e-01
  2675    1.3374998e+02    1.1116936e+02    111    8.8484381e-01
  2680    1.3399998e+02    1.1137086e+02    111    8.0600154e-01
  2685    1.3424998e+02    1.1156284e+02    111    7.6793373e-01
  2690    1.3449998e+02    1.1175810e+02    111    7.8103045e-01
  2695    1.3474998e+02    1.1197015e+02    111    8.4820209e-01
  2700    1.3499998e+02    1.1219003e+02    112    8.7954692e-01
  2705    1.3524998e+02    1.1239012e+02    112    8.0032629e-01
  2710    1.3549998e+02    1.1258190e+02    112    7.6714792e-01
  2715    1.3574998e+02    1.1277830e+02    112    7.8557065e-01
  2720    1.3599998e+02    1.1299286e+02    112    8.5824291e-01
  2725    1.3624998e+02    1.1321089e+02    113    8.7212544e-01
  2730    1.3649998e+02    1.1340964e+02    113    7.9500029e-01
  2735    1.3674998e+02    1.1360137e+02    113    7.6691509e-01
  2740    1.3699998e+02    1.1379904e+02    113    7.9069292e-01
  2745    1.3724998e+02    1.1401626e+02    114    8.6889492e-01
  2750    1.3749998e+02    1.1423191e+02    114    8.6257938e-01
  2755    1.3774998e+02    1.1442944e+02    114    7.9011085e-01
  2760    1.3799998e+02    1.1462123e+02    114    7.6717703e-01
  2765    1.3824998e+02    1.1482035e+02    114    7.9648458e-01
  2770    1.3849998e+02    1.1503982e+02    115    8.7788800e-01
  2775    1.3874998e+02    1.1525310e+02    115    8.5309154e-01
  2780    1.3899998e+02    1.1544950e+02    115    7.8562886e-01
  2785    1.3924998e+02    1.1564150e+02    115    7.6799193e-01
  2790    1.3949998e+02    1.1584225e+02    115    8.0300384e-01
  2795    1.3974998e+02    1.1606346e+02    116    8.8484381e-01
  2800    1.3999998e+02    1.1627444e+02    116    8.4392383e-01
  2805    1.4024998e+02    1.1646986e+02    116    7.8164163e-01
  2810    1.4049998e+02    1.1666221e+02    116    7.6941802e-01
  2815    1.4074998e+02    1.1686476e+02    116    8.1019249e-01
  2820    1.4099998e+02    1.1708715e+02    117    8.8958774e-01
  2825    1.4124998e+02    1.1729595e+02    117    8.3519268e-01
  2830    1.4149998e+02    1.1749048e+02    117    7.7812007e-01
  2835    1.4174998e+02    1.1768335e+02    117    7.7148439e-01
  2840    1.4199998e+02    1.1788790e+02    117    8.1816694e-01
  2845    1.4224998e+02    1.1811091e+02    118    8.9206156e-01
  2850    1.4249998e+02    1.1831764e+02    118    8.2689809e-01
  2855    1.4274998e+02    1.1851142e+02    118    7.7512237e-01
  2860    1.4299998e+02    1.1870496e+02    118    7.7419105e-01
  2865    1.4324998e+02    1.1891170e+02    118    8.2692719e-01
  2870    1.4349998e+02    1.1913473e+02    119    8.9211977e-01
  2875    1.4374998e+02    1.1933948e+02    119    8.1901095e-01
  2880    1.4399998e+02    1.1953266e+02    119    7.7273586e-01
  2885    1.4424998e+02    1.1972705e+02    119    7.7756710e-01
  2890    1.4449998e+02    1.1993618e+02    119    8.3650235e-01
  2895    1.4474998e+02    1.2015859e+02    120    8.8964595e-01
  2900    1.4499998e+02    1.2036150e+02    120    8.1161858e-01
  2905    1.4524998e+02    1.2055423e+02    120    7.7093142e-01
  2910    1.4549998e+02    1.2074965e+02    120    7.8169984e-01
  2915    1.4574998e+02    1.2096138e+02    120    8.4692152e-01
  2920    1.4599998e+02    1.2118251e+02    121    8.8452367e-01
  2925    1.4624998e+02    1.2138369e+02    121    8.0472097e-01
  2930    1.4649998e+02    1.2157612e+02    121    7.6970906e-01
  2935    1.4674998e+02    1.2177278e+02    121    7.8661839e-01
  2940    1.4699998e+02    1.2198733e+02    121    8.5821381e-01
  2945    1.4724998e+02    1.2220649e+02    122    8.7663653e-01
  2950    1.4749998e+02    1.2240608e+02    122    7.9837633e-01
  2955    1.4774998e+02    1.2259839e+02    122    7.6921430e-01
  2960    1.4799998e+02    1.2279645e+02    122    7.9226453e-01
  2965    1.4824998e+02    1.2301402e+02    123    8.7026280e-01
  2970    1.4849998e+02    1.2323049e+02    123    8.6589722e-01
  2975    1.4874998e+02    1.2342866e+02    123    7.9267198e-01
  2980    1.4899998e+02    1.2362099e+02    123    7.6933071e-01
  2985    1.4924998e+02    1.2382069e+02    123    7.9878379e-01
  2990    1.4949998e+02    1.2404085e+02    124    8.8062376e-01
  2995    1.4974998e+02    1.2425458e+02    124    8.5495418e-01
  3000    1.4999998e+02    1.2445146e+02    124    7.8749150e-01
