     5    2.4999999e-01    9.3049088e+01
    10    4.9999997e-01    9.5198792e+01
    15    7.4999994e-01    9.7383456e+01
    20    9.9999994e-01    9.9608378e+01
    25    1.2499999e+00    1.0187537e+02
    30    1.4999999e+00    1.0418513e+02
    35    1.7499999e+00    1.0653831e+02
    40    1.9999999e+00    1.0893573e+02
    45    2.2499998e+00    1.1137807e+02
    50    2.4999998e+00    1.1386568e+02
    55    2.7499998e+00    1.1639852e+02
    60    2.9999998e+00    1.1897634e+02
    65    3.2499998e+00    1.2159913e+02
    70    3.4999998e+00    1.2426724e+02
    75    3.7499998e+00    1.2698140e+02
    80    3.9999998e+00    1.2974244e+02
    85    4.2499995e+00    1.3255082e+02
    90    4.4999995e+00    1.3540655e+02
    95    4.7499995e+00    1.3830934e+02
   100    4.9999995e+00    1.4125899e+02
   105    5.2499995e+00    1.4425575e+02
   110    5.4999995e+00    1.4730035e+02
   115    5.7499995e+00    1.5039362e+02
   120    5.9999995e+00    1.5353608e+02
   125    6.2499995e+00    1.5672771e+02
   130    6.4999995e+00    1.5996814e+02
   135    6.7499995e+00    1.6325708e+02
   140    6.9999995e+00    1.6659481e+02
   145    7.2499995e+00    1.6998209e+02
   150    7.4999995e+00    1.7341977e+02
   155    7.7499995e+00    1.7690830e+02
   160    7.9999995e+00    1.8044751e+02
   165    8.2499990e+00    1.8403691e+02
   170    8.4999990e+00    1.8767628e+02
   175    8.7499990e+00    1.9136602e+02
   180    8.9999990e+00    1.9510702e+02
   185    9.2499990e+00    1.9890008e+02
   190    9.4999990e+00    2.0274541e+02
   195    9.7499990e+00    2.0664257e+02
   200    9.9999990e+00    2.1059104e+02
   205    1.0249999e+01    2.1459083e+02
   210    1.0499999e+01    2.1864262e+02
   215    1.0749999e+01    2.2274738e+02
   220    1.0999999e+01    2.2690566e+02
   225    1.1249999e+01    2.3111724e+02
   230    1.1499999e+01    2.3538149e+02
   235    1.1749999e+01    2.3969807e+02
   240    1.1999999e+01    2.4406741e+02
   245    1.2249999e+01    2.4849049e+02
   250    1.2499999e+01    2.5296811e+02
   255    1.2749999e+01    2.5750029e+02
   260    1.2999999e+01    2.6208638e+02
   265    1.3249999e+01    2.6672580e+02
   270    1.3499999e+01    2.7141878e+02
   275    1.3749999e+01    2.7616623e+02
   280    1.3999999e+01    2.8096910e+02
   285    1.4249999e+01    2.8582758e+02
   290    1.4499999e+01    2.9074107e+02
   295    1.4749999e+01    2.9570886e+02
   300    1.4999999e+01    3.0073097e+02
   305    1.5249999e+01    3.0580828e+02
   310    1.5499999e+01    3.1094183e+02
   315    1.5749999e+01    3.1613191e+02
   320    1.5999999e+01    3.2137795e+02
   325    1.6249998e+01    3.2667914e+02
   330    1.6499998e+01    3.3203539e+02
   335    1.6749998e+01    3.3744757e+02
   340    1.6999998e+01    3.4291679e+02
   345    1.7249998e+01    3.4844337e+02
   350    1.7499998e+01    3.5402668e+02
   355    1.7749998e+01    3.5966587e+02
   360    1.7999998e+01    3.6536086e+02
   365    1.8249998e+01    3.7111253e+02
   370    1.8499998e+01    3.7692200e+02
   375    1.8749998e+01    3.8278957e+02
   380    1.8999998e+01    3.8871452e+02
   385    1.9249998e+01    3.9469597e+02
   390    1.9499998e+01    4.0073389e+02
   395    1.9749998e+01    4.0682928e+02
   400    1.9999998e+01    4.1298326e+02
   405    2.0249998e+01    4.1919597e+02
   410    2.0499998e+01    4.2546655e+02
   415    2.0749998e+01    4.3179416e+02
   420    2.0999998e+01    4.3817893e+02
   425    2.1249998e+01    4.4462200e+02
   430    2.1499998e+01    4.5112439e+02
   435    2.1749998e+01    4.5768603e+02
   440    2.1999998e+01    4.6430591e+02
   445    2.2249998e+01    4.7098329e+02
   450    2.2499998e+01    4.7771856e+02
   455    2.2749998e+01    4.8451298e+02
   460    2.2999998e+01    4.9136741e+02
   465    2.3249998e+01    4.9828145e+02
   470    2.3499998e+01    5.0525398e+02
   475    2.3749998e+01    5.1228448e+02
   480    2.3999998e+01    5.1937368e+02
   485    2.4249998e+01    5.2652291e+02
   490    2.4499998e+01    5.3373270e+02
   495    2.4749998e+01    5.4100229e+02
   500    2.4999998e+01    5.4833056e+02
   505    2.5249998e+01    5.5571735e+02
   510    2.5499998e+01    5.6316375e+02
   515    2.5749998e+01    5.7067099e+02
   520    2.5999998e+01    5.7823915e+02
   525    2.6249998e+01    5.8586715e+02
   530    2.6499998e+01    5.9355403e+02
   535    2.6749998e+01    6.0130015e+02
   540    2.6999998e+01    6.0910684e+02
   545    2.7249998e+01    6.1697505e+02
   550    2.7499998e+01    6.2490428e+02
   555    2.7749998e+01    6.3289329e+02
   560    2.7999998e+01    6.4094154e+02
   565    2.8249998e+01    6.4904991e+02
   570    2.8499998e+01    6.5721981e+02
   575    2.8749998e+01    6.6545162e+02
   580    2.8999998e+01    6.7374435e+02
   585    2.9249998e+01    6.8209681e+02
   590    2.9499998e+01    6.9050911e+02
   595    2.9749998e+01    6.9898258e+02
   600    2.9999998e+01    7.0751835e+02
   605    3.0249998e+01    7.1611609e+02
   610    3.0499998e+01    7.2477447e+02
   615    3.0749998e+01    7.3349278e+02
   620    3.0999998e+01    7.4227182e+02
   625    3.1249998e+01    7.5111307e+02
   630    3.1499998e+01    7.6001704e+02
   635    3.1749998e+01    7.6898272e+02
   640    3.1999998e+01    7.7800883e+02
   645    3.2249996e+01    7.8709541e+02
   650    3.2499996e+01    7.9624382e+02
   655    3.2749996e+01    8.0545528e+02
   660    3.2999996e+01    8.1472942e+02
   665    3.3249996e+01    8.2406482e+02
   670    3.3499996e+01    8.3346075e+02
   675    3.3749996e+01    8.4291810e+02
   680    3.3999996e+01    8.5243841e+02
   685    3.4249996e+01    8.6202210e+02
   690    3.4499996e+01    8.7166804e+02
   695    3.4749996e+01    8.8137492e+02
   700    3.4999996e+01    8.9114293e+02
   705    3.5249996e+01    9.0097356e+02
   710    3.5499996e+01    9.1086794e+02
   715    3.5749996e+01    9.2082547e+02
   720    3.5999996e+01    9.3084467e+02
   725    3.6249996e+01    9.4092494e+02
   730    3.6499996e+01    9.5106744e+02
   735    3.6749996e+01    9.6127369e+02
   740    3.6999996e+01    9.7154382e+02
   745    3.7249996e+01    9.8187648e+02
   750    3.7499996e+01    9.9227048e+02
   755    3.7749996e+01    1.0027263e+03
   760    3.7999996e+01    1.0132457e+03
   765    3.8249996e+01    1.0238295e+03
   770    3.8499996e+01    1.0344766e+03
   775    3.8749996e+01    1.0451856e+03
   780    3.8999996e+01    1.0559563e+03
   785    3.9249996e+01    1.0667901e+03
   790    3.9499996e+01    1.0776884e+03
   795    3.9749996e+01    1.0886510e+03
   800    3.9999996e+01    1.0996761e+03
   805    4.0249996e+01    1.1107629e+03
   810    4.0499996e+01    1.1219125e+03
   815    4.0749996e+01    1.1331265e+03
   820    4.0999996e+01    1.1444053e+03
   825    4.1249996e+01    1.1557475e+03
   830    4.1499996e+01    1.1671517e+03
   835    4.1749996e+01    1.1786183e+03
   840    4.1999996e+01    1.1901491e+03
   845    4.2249996e+01    1.2017451e+03
   850    4.2499996e+01    1.2134052e+03
   855    4.2749996e+01    1.2251278e+03
   860    4.2999996e+01    1.2369127e+03
   865    4.3249996e+01    1.2487614e+03
   870    4.3499996e+01    1.2606755e+03
   875    4.3749996e+01    1.2726543e+03
   880    4.3999996e+01    1.2846963e+03
   885    4.4249996e+01    1.2968006e+03
   890    4.4499996e+01    1.3089684e+03
   895    4.4749996e+01    1.3212014e+03
   900    4.4999996e+01    1.3334998e+03
   905    4.5249996e+01    1.3458620e+03
   910    4.5499996e+01    1.3582867e+03
   915    4.5749996e+01    1.3707746e+03
   920    4.5999996e+01    1.3833276e+03
   925    4.6249996e+01    1.3959463e+03
   930    4.6499996e+01    1.4086295e+03
   935    4.6749996e+01    1.4213756e+03
   940    4.6999996e+01    1.4341846e+03
   945    4.7249996e+01    1.4470585e+03
   950    4.7499996e+01    1.4599983e+03
   955    4.7749996e+01    1.4730032e+03
   960    4.7999996e+01    1.4860715e+03
   965    4.8249996e+01    1.4992027e+03
   970    4.8499996e+01    1.5123984e+03
   975    4.8749996e+01    1.5256601e+03
   980    4.8999996e+01    1.5389875e+03
   985    4.9249996e+01    1.5523788e+03
   990    4.9499996e+01    1.5658330e+03
   995    4.9749996e+01    1.5793514e+03
  1000    4.9999996e+01    1.5929358e+03
  1005    5.0249996e+01    1.6065864e+03
  1010    5.0499996e+01    1.6203014e+03
  1015    5.0749996e+01    1.6340795e+03
  1020    5.0999996e+01    1.6479215e+03
  1025    5.1249996e+01    1.6618294e+03
  1030    5.1499996e+01    1.6758038e+03
  1035    5.1749996e+01    1.6898432e+03
  1040    5.1999996e+01    1.7039460e+03
  1045    5.2249996e+01    1.7181125e+03
  1050    5.2499996e+01    1.7323446e+03
  1055    5.2749996e+01    1.7466434e+03
  1060    5.2999996e+01    1.7610079e+03
  1065    5.3249996e+01    1.7754361e+03
  1070    5.3499996e+01    1.7899279e+03
  1075    5.3749996e+01    1.8044850e+03
  1080    5.3999996e+01    1.8191090e+03
  1085    5.4249996e+01    1.8337991e+03
  1090    5.4499996e+01    1.8485534e+03
  1095    5.4749996e+01    1.8633712e+03
  1100    5.4999996e+01    1.8782541e+03
  1105    5.5249996e+01    1.8932039e+03
  1110    5.5499996e+01    1.9082203e+03
  1115    5.5749996e+01    1.9233013e+03
  1120    5.5999996e+01    1.9384458e+03
  1125    5.6249996e+01    1.9536553e+03
  1130    5.6499996e+01    1.9689315e+03
  1135    5.6749996e+01    1.9842747e+03
  1140    5.6999996e+01    1.9996830e+03
  1145    5.7249996e+01    2.0151550e+03
  1150    5.7499996e+01    2.0306916e+03
  1155    5.7749996e+01    2.0462950e+03
  1160    5.7999996e+01    2.0619657e+03
  1165    5.8249996e+01    2.0777018e+03
  1170    5.8499996e+01    2.0935019e+03
  1175    5.8749996e+01    2.1093664e+03
  1180    5.8999996e+01    2.1252975e+03
  1185    5.9249996e+01    2.1412961e+03
  1190    5.9499996e+01    2.1573607e+03
  1195    5.9749996e+01    2.1734894e+03
  1200    5.9999996e+01    2.1896825e+03
  1205    6.0249996e+01    2.2059420e+03
  1210    6.0499996e+01    2.2222691e+03
  1215    6.0749996e+01    2.2386626e+03
  1220    6.0999996e+01    2.2551206e+03
  1225    6.1249996e+01    2.2716428e+03
  1230    6.1499996e+01    2.2882312e+03
  1235    6.1749996e+01    2.3048874e+03
  1240    6.1999996e+01    2.3216104e+03
  1245    6.2249996e+01    2.3383982e+03
  1250    6.2499996e+01    2.3552501e+03
  1255    6.2749996e+01    2.3721681e+03
  1260    6.2999996e+01    2.3891539e+03
  1265    6.3249996e+01    2.4062069e+03
  1270    6.3499996e+01    2.4233249e+03
  1275    6.3749996e+01    2.4405071e+03
  1280    6.3999996e+01    2.4577552e+03
  1285    6.4249992e+01    2.4750711e+03
  1290    6.4499992e+01    2.4924546e+03
  1295    6.4749992e+01    2.5099034e+03
  1300    6.4999992e+01    2.5274164e+03
  1305    6.5249992e+01    2.5449952e+03
  1310    6.5499992e+01    2.5626418e+03
  1315    6.5749992e+01    2.5803561e+03
  1320    6.5999992e+01    2.5981361e+03
  1325    6.6249992e+01    2.6159805e+03
  1330    6.6499992e+01    2.6338905e+03
  1335    6.6749992e+01    2.6518682e+03
  1340    6.6999992e+01    2.6699140e+03
  1345    6.7249992e+01    2.6880257e+03
  1350    6.7499992e+01    2.7062019e+03
  1355    6.7749992e+01    2.7244435e+03
  1360    6.7999992e+01    2.7427529e+03
  1365    6.8249992e+01    2.7611305e+03
  1370    6.8499992e+01    2.7795744e+03
  1375    6.8749992e+01    2.7980829e+03
  1380    6.8999992e+01    2.8166567e+03
  1385    6.9249992e+01    2.8352982e+03
  1390    6.9499992e+01    2.8540081e+03
  1395    6.9749992e+01    2.8727846e+03
  1400    6.9999992e+01    2.8916258e+03
  1405    7.0249992e+01    2.9105322e+03
  1410    7.0499992e+01    2.9295063e+03
  1415    7.0749992e+01    2.9485489e+03
  1420    7.0999992e+01    2.9676584e+03
  1425    7.1249992e+01    2.9868328e+03
  1430    7.1499992e+01    3.0060723e+03
  1435    7.1749992e+01    3.0253794e+03
  1440    7.1999992e+01    3.0447552e+03
  1445    7.2249992e+01    3.0641981e+03
  1450    7.2499992e+01    3.0837060e+03
  1455    7.2749992e+01    3.1032791e+03
  1460    7.2999992e+01    3.1229196e+03
  1465    7.3249992e+01    3.1426290e+03
  1470    7.3499992e+01    3.1624057e+03
  1475    7.3749992e+01    3.1822476e+03
  1480    7.3999992e+01    3.2021546e+03
  1485    7.4249992e+01    3.2221291e+03
  1490    7.4499992e+01    3.2421724e+03
  1495    7.4749992e+01    3.2622833e+03
  1500    7.4999992e+01    3.2824596e+03
  1505    7.5249992e+01    3.3027009e+03
  1510    7.5499992e+01    3.3230096e+03
  1515    7.5749992e+01    3.3433874e+03
  1520    7.5999992e+01    3.3638329e+03
  1525    7.6249992e+01    3.3843439e+03
  1530    7.6499992e+01    3.4049199e+03
  1535    7.6749992e+01    3.4255633e+03
  1540    7.6999992e+01    3.4462758e+03
  1545    7.7249992e+01    3.4670563e+03
  1550    7.7499992e+01    3.4879023e+03
  1555    7.7749992e+01    3.5088135e+03
  1560    7.7999992e+01    3.5297920e+03
  1565    7.8249992e+01    3.5508396e+03
  1570    7.8499992e+01    3.5719554e+03
  1575    7.8749992e+01    3.5931369e+03
  1580    7.8999992e+01    3.6143836e+03
  1585    7.9249992e+01    3.6356975e+03
  1590    7.9499992e+01    3.6570806e+03
  1595    7.9749992e+01    3.6785320e+03
  1600    7.9999992e+01    3.7000494e+03
  1605    8.0249992e+01    3.7216318e+03
  1610    8.0499992e+01    3.7432815e+03
  1615    8.0749992e+01    3.7650005e+03
  1620    8.0999992e+01    3.7867879e+03
  1625    8.1249992e+01    3.8086414e+03
  1630    8.1499992e+01    3.8305600e+03
  1635    8.1749992e+01    3.8525459e+03
  1640    8.1999992e+01    3.8746010e+03
  1645    8.2249992e+01    3.8967248e+03
  1650    8.2499992e+01    3.9189147e+03
  1655    8.2749992e+01    3.9411699e+03
  1660    8.2999992e+01    3.9634922e+03
  1665    8.3249992e+01    3.9858839e+03
  1670    8.3499992e+01    4.0083443e+03
  1675    8.3749992e+01    4.0308710e+03
  1680    8.3999992e+01    4.0534630e+03
  1685    8.4249992e+01    4.0761221e+03
  1690    8.4499992e+01    4.0988507e+03
  1695    8.4749992e+01    4.1216481e+03
  1700    8.4999992e+01    4.1445119e+03
  1705    8.5249992e+01    4.1674409e+03
  1710    8.5499992e+01    4.1904372e+03
  1715    8.5749992e+01    4.2135030e+03
  1720    8.5999992e+01    4.2366377e+03
  1725    8.6249992e+01    4.2598388e+03
  1730    8.6499992e+01    4.2831053e+03
  1735    8.6749992e+01    4.3064390e+03
  1740    8.6999992e+01    4.3298423e+03
  1745    8.7249992e+01    4.3533146e+03
  1750    8.7499992e+01    4.3768535e+03
  1755    8.7749992e+01    4.4004576e+03
  1760    8.7999992e+01    4.4241291e+03
  1765    8.8249992e+01    4.4478702e+03
  1770    8.8499992e+01    4.4716804e+03
  1775    8.8749992e+01    4.4955572e+03
  1780    8.8999992e+01    4.5194993e+03
  1785    8.9249992e+01    4.5435088e+03
  1790    8.9499992e+01    4.5675880e+03
  1795    8.9749992e+01    4.5917365e+03
  1800    8.9999992e+01    4.6159515e+03
  1805    9.0249992e+01    4.6402319e+03
  1810    9.0499992e+01    4.6645797e+03
  1815    9.0749992e+01    4.6889973e+03
  1820    9.0999992e+01    4.7134842e+03
  1825    9.1249992e+01    4.7380377e+03
  1830    9.1499992e+01    4.7626567e+03
  1835    9.1749992e+01    4.7873432e+03
  1840    9.1999992e+01    4.8120994e+03
  1845    9.2249992e+01    4.8369251e+03
  1850    9.2499992e+01    4.8618173e+03
  1855    9.2749992e+01    4.8867751e+03
  1860    9.2999992e+01    4.9118004e+03
  1865    9.3249992e+01    4.9368957e+03
  1870    9.3499992e+01    4.9620603e+03
  1875    9.3749992e+01    4.9872916e+03
  1880    9.3999992e+01    5.0125884e+03
  1885    9.4249992e+01    5.0379529e+03
  1890    9.4499992e+01    5.0633874e+03
  1895    9.4749992e+01    5.0888913e+03
  1900    9.4999992e+01    5.1144618e+03
  1905    9.5249992e+01    5.1400980e+03
  1910    9.5499992e+01    5.1658019e+03
  1915    9.5749992e+01    5.1915759e+03
  1920    9.5999992e+01    5.2174193e+03
  1925    9.6249992e+01    5.2433293e+03
  1930    9.6499992e+01    5.2693050e+03
  1935    9.6749992e+01    5.2953486e+03
  1940    9.6999992e+01    5.3214623e+03
  1945    9.7249992e+01    5.3476455e+03
  1950    9.7499992e+01    5.3738953e+03
  1955    9.7749992e+01    5.4002108e+03
  1960    9.7999992e+01    5.4265943e+03
  1965    9.8249992e+01    5.4530480e+03
  1970    9.8499992e+01    5.4795712e+03
  1975    9.8749992e+01    5.5061610e+03
  1980    9.8999992e+01    5.5328165e+03
  1985    9.9249992e+01    5.5595402e+03
  1990    9.9499992e+01    5.5863342e+03
  1995    9.9749992e+01    5.6131976e+03
  2000    9.9999992e+01    5.6401275e+03
  2005    1.0024999e+02    5.6671234e+03
  2010    1.0049999e+02    5.6941874e+03
  2015    1.0074999e+02    5.7213219e+03
  2020    1.0099999e+02    5.7485257e+03
  2025    1.0124999e+02    5.7757961e+03
  2030    1.0149999e+02    5.8031324e+03
  2035    1.0174999e+02    5.8305371e+03
  2040    1.0199999e+02    5.8580123e+03
  2045    1.0224999e+02    5.8855569e+03
  2050    1.0249999e+02    5.9131679e+03
  2055    1.0274999e+02    5.9408449e+03
  2060    1.0299999e+02    5.9685905e+03
  2065    1.0324999e+02    5.9964066e+03
  2070    1.0349999e+02    6.0242921e+03
  2075    1.0374999e+02    6.0522439e+03
  2080    1.0399999e+02    6.0802619e+03
  2085    1.0424999e+02    6.1083485e+03
  2090    1.0449999e+02    6.1365058e+03
  2095    1.0474999e+02    6.1647324e+03
  2100    1.0499999e+02    6.1930253e+03
  2105    1.0524999e+02    6.2213844e+03
  2110    1.0549999e+02    6.2498124e+03
  2115    1.0574999e+02    6.2783111e+03
  2120    1.0599999e+02    6.3068789e+03
  2125    1.0624999e+02    6.3355131e+03
  2130    1.0649999e+02    6.3642135e+03
  2135    1.0674999e+02    6.3929830e+03
  2140    1.0699999e+02    6.4218233e+03
  2145    1.0724999e+02    6.4507327e+03
  2150    1.0749999e+02    6.4797083e+03
  2155    1.0774999e+02    6.5087503e+03
  2160    1.0799999e+02    6.5378616e+03
  2165    1.0824999e+02    6.5670437e+03
  2170    1.0849999e+02    6.5962947e+03
  2175    1.0874999e+02    6.6256120e+03
  2180    1.0899999e+02    6.6549957e+03
  2185    1.0924999e+02    6.6844489e+03
  2190    1.0949999e+02    6.7139731e+03
  2195    1.0974999e+02    6.7435660e+03
  2200    1.0999999e+02    6.7732250e+03
  2205    1.1024999e+02    6.8029508e+03
  2210    1.1049999e+02    6.8327462e+03
  2215    1.1074999e+02    6.8626125e+03
  2220    1.1099999e+02    6.8925474e+03
  2225    1.1124999e+02    6.9225485e+03
  2230    1.1149999e+02    6.9526164e+03
  2235    1.1174999e+02    6.9827542e+03
  2240    1.1199999e+02    7.0129629e+03
  2245    1.1224999e+02    7.0432401e+03
  2250    1.1249999e+02    7.0735833e+03
  2255    1.1274999e+02    7.1039936e+03
  2260    1.1299999e+02    7.1344739e+03
  2265    1.1324999e+02    7.1650252e+03
  2270    1.1349999e+02    7.1956448e+03
  2275    1.1374999e+02    7.2263304e+03
  2280    1.1399999e+02    7.2570832e+03
  2285    1.1424999e+02    7.2879063e+03
  2290    1.1449999e+02    7.3188003e+03
  2295    1.1474999e+02    7.3497625e+03
  2300    1.1499999e+02    7.3807906e+03
  2305    1.1524999e+02    7.4118862e+03
  2310    1.1549999e+02    7.4430523e+03
  2315    1.1574999e+02    7.4742892e+03
  2320    1.1599999e+02    7.5055941e+03
  2325    1.1624999e+02    7.5369649e+03
  2330    1.1649999e+02    7.5684035e+03
  2335    1.1674999e+02    7.5999127e+03
  2340    1.1699999e+02    7.6314926e+03
  2345    1.1724999e+02    7.6631404e+03
  2350    1.1749999e+02    7.6948542e+03
  2355    1.1774999e+02    7.7266359e+03
  2360    1.1799999e+02    7.7584884e+03
  2365    1.1824999e+02    7.7904116e+03
  2370    1.1849999e+02    7.8224024e+03
  2375    1.1874999e+02    7.8544592e+03
  2380    1.1899999e+02    7.8865842e+03
  2385    1.1924999e+02    7.9187802e+03
  2390    1.1949999e+02    7.9510468e+03
  2395    1.1974999e+02    7.9833808e+03
  2400    1.1999999e+02    8.0157808e+03
  2405    1.2024999e+02    8.0482493e+03
  2410    1.2049999e+02    8.0807890e+03
  2415    1.2074999e+02    8.1133991e+03
  2420    1.2099999e+02    8.1460764e+03
  2425    1.2124999e+02    8.1788199e+03
  2430    1.2149999e+02    8.2116321e+03
  2435    1.2174999e+02    8.2445156e+03
  2440    1.2199999e+02    8.2774694e+03
  2445    1.2224999e+02    8.3104902e+03
  2450    1.2249999e+02    8.3435772e+03
  2455    1.2274999e+02    8.3767333e+03
  2460    1.2299999e+02    8.4099608e+03
  2465    1.2324999e+02    8.4432584e+03
  2470    1.2349999e+02    8.4766228e+03
  2475    1.2374999e+02    8.5100536e+03
  2480    1.2399999e+02    8.5435537e+03
  2485    1.2424999e+02    8.5771254e+03
  2490    1.2449999e+02    8.6107669e+03
  2495    1.2474999e+02    8.6444750e+03
  2500    1.2499999e+02    8.6782497e+03
  2505    1.2524999e+02    8.7120942e+03
  2510    1.2549999e+02    8.7460101e+03
  2515    1.2574999e+02    8.7799956e+03
  2520    1.2599999e+02    8.8140477e+03
  2525    1.2624999e+02    8.8481665e+03
  2530    1.2649999e+02    8.8823553e+03
  2535    1.2674999e+02    8.9166157e+03
  2540    1.2699999e+02    8.9509454e+03
  2545    1.2724999e+02    8.9853414e+03
  2550    1.2749999e+02    9.0198045e+03
  2555    1.2774999e+02    9.0543379e+03
  2560    1.2799999e+02    9.0889429e+03
  2565    1.2824998e+02    9.1236168e+03
  2570    1.2849998e+02    9.1583571e+03
  2575    1.2874998e+02    9.1931647e+03
  2580    1.2899998e+02    9.2280428e+03
  2585    1.2924998e+02    9.2629924e+03
  2590    1.2949998e+02    9.2980108e+03
  2595    1.2974998e+02    9.3330954e+03
  2600    1.2999998e+02    9.3682475e+03
  2605    1.3024998e+02    9.4034706e+03
  2610    1.3049998e+02    9.4387650e+03
  2615    1.3074998e+02    9.4741279e+03
  2620    1.3099998e+02    9.5095569e+03
  2625    1.3124998e+02    9.5450539e+03
  2630    1.3149998e+02    9.5806220e+03
  2635    1.3174998e+02    9.6162613e+03
  2640    1.3199998e+02    9.6519688e+03
  2645    1.3224998e+02    9.6877425e+03
  2650    1.3249998e+02    9.7235844e+03
  2655    1.3274998e+02    9.7594977e+03
  2660    1.3299998e+02    9.7954821e+03
  2665    1.3324998e+02    9.8315343e+03
  2670    1.3349998e+02    9.8676527e+03
  2675    1.3374998e+02    9.9038398e+03
  2680    1.3399998e+02    9.9400984e+03
  2685    1.3424998e+02    9.9764279e+03
  2690    1.3449998e+02    1.0012825e+04
  2695    1.3474998e+02    1.0049288e+04
  2700    1.3499998e+02    1.0085821e+04
  2705    1.3524998e+02    1.0122425e+04
  2710    1.3549998e+02    1.0159099e+04
  2715    1.3574998e+02    1.0195841e+04
  2720    1.3599998e+02    1.0232650e+04
  2725    1.3624998e+02    1.0269528e+04
  2730    1.3649998e+02    1.0306477e+04
  2735    1.3674998e+02    1.0343497e+04
  2740    1.3699998e+02    1.0380585e+04
  2745    1.3724998e+02    1.0417738e+04
  2750    1.3749998e+02    1.0454962e+04
  2755    1.3774998e+02    1.0492257e+04
  2760    1.3799998e+02    1.0529622e+04
  2765    1.3824998e+02    1.0567055e+04
  2770    1.3849998e+02    1.0604554e+04
  2775    1.3874998e+02    1.0642123e+04
  2780    1.3899998e+02    1.0679764e+04
  2785    1.3924998e+02    1.0717475e+04
  2790    1.3949998e+02    1.0755253e+04
  2795    1.3974998e+02    1.0793097e+04
  2800    1.3999998e+02    1.0831012e+04
  2805    1.4024998e+02    1.0869000e+04
  2810    1.4049998e+02    1.0907056e+04
  2815    1.4074998e+02    1.0945179e+04
  2820    1.4099998e+02    1.0983369e+04
  2825    1.4124998e+02    1.1021631e+04
  2830    1.4149998e+02    1.1059964e+04
  2835    1.4174998e+02    1.1098366e+04
  2840    1.4199998e+02    1.1136834e+04
  2845    1.4224998e+02    1.1175371e+04
  2850    1.4249998e+02    1.1213978e+04
  2855    1.4274998e+02    1.1252657e+04
  2860    1.4299998e+02    1.1291405e+04
  2865    1.4324998e+02    1.1330219e+04
  2870    1.4349998e+02    1.1369101e+04
  2875    1.4374998e+02    1.1408055e+04
  2880    1.4399998e+02    1.1447081e+04
  2885    1.4424998e+02    1.1486174e+04
  2890    1.4449998e+02    1.1525334e+04
  2895    1.4474998e+02    1.1564563e+04
  2900    1.4499998e+02    1.1603863e+04
  2905    1.4524998e+02    1.1643235e+04
  2910    1.4549998e+02    1.1682674e+04
  2915    1.4574998e+02    1.1722180e+04
  2920    1.4599998e+02    1.1761755e+04
  2925    1.4624998e+02    1.1801402e+04
  2930    1.4649998e+02    1.1841120e+04
  2935    1.4674998e+02    1.1880905e+04
  2940    1.4699998e+02    1.1920757e+04
  2945    1.4724998e+02    1.1960679e+04
  2950    1.4749998e+02    1.2000672e+04
  2955    1.4774998e+02    1.2040736e+04
  2960    1.4799998e+02    1.2080868e+04
  2965    1.4824998e+02    1.2121066e+04
  2970    1.4849998e+02    1.2161334e+04
  2975    1.4874998e+02    1.2201675e+04
  2980    1.4899998e+02    1.2242085e+04
  2985    1.4924998e+02    1.2282563e+04
  2990    1.4949998e+02    1.2323108e+04
  2995    1.4974998e+02    1.2363723e+04
  3000    1.4999998e+02    1.2404410e+04
