         1    9.9999976e-01
         2    9.9999976e-01
         3    9.9999976e-01
         4    9.9999976e-01
         5    9.9999976e-01
         6    9.9999976e-01
         7    9.9999976e-01
         8    9.9999976e-01
         9    9.9999976e-01
        10    9.9999976e-01
        11    9.9999976e-01
        12    9.9999976e-01
        13    9.9999976e-01
        14    9.9999976e-01
        15    9.9999976e-01
        16    9.9999976e-01
        17    9.9999976e-01
        18    9.9999976e-01
        19    9.9999976e-01
        20    9.9999976e-01
        21    9.9999976e-01
        22    9.9999976e-01
        23    9.9999976e-01
        24    9.9999976e-01
        25    9.9999976e-01
        26    9.9999976e-01
        27    9.9999976e-01
        28    9.9999976e-01
        29    9.9999976e-01
        30    9.9999976e-01
        31    9.9999976e-01
        32    9.9999976e-01
        33    9.9999976e-01
        34    9.9999976e-01
        35    9.9999976e-01
        36    9.9999976e-01
        37    9.9999976e-01
        38    9.9999976e-01
        39    9.9999976e-01
        40    9.9999964e-01
        41    9.9999952e-01
        42    9.9999923e-01
        43    9.9999863e-01
        44    9.9999762e-01
        45    9.9999595e-01
        46    9.9999297e-01
        47    9.9998790e-01
        48    9.9997908e-01
        49    9.9996382e-01
        50    9.9993747e-01
        51    9.9989194e-01
        52    9.9981314e-01
        53    9.9967682e-01
        54    9.9944115e-01
        55    9.9903351e-01
        56    9.9832875e-01
        57    9.9711114e-01
        58    9.9500990e-01
        59    9.9139142e-01
        60    9.8518348e-01
        61    9.7460210e-01
        62    9.5676684e-01
        63    9.2727029e-01
        64    8.8000691e-01
        65    8.0805248e-01
        66    7.0680988e-01
        67    5.7949233e-01
        68    4.4065455e-01
        69    3.1103048e-01
        70    2.0614812e-01
        71    1.3039561e-01
        72    7.9911314e-02
        73    4.7995858e-02
        74    2.8473474e-02
        75    1.6767910e-02
        76    9.8320693e-03
        77    5.7508852e-03
        78    3.3590803e-03
        79    1.9605600e-03
        80    1.1438710e-03
        81    6.6727784e-04
        82    3.8924679e-04
        83    2.2707276e-04
        84    1.3247869e-04
        85    7.7300007e-05
        86    4.5109984e-05
        87    2.6328722e-05
        88    1.5369289e-05
        89    8.9731875e-06
        90    5.2397450e-06
        91    3.0601693e-06
        92    1.7875320e-06
        93    1.0443271e-06
        94    6.1023167e-07
        95    3.5663976e-07
        96    2.0846970e-07
        97    1.2188093e-07
        98    7.1270478e-08
        99    4.1683705e-08
       100    2.4384141e-08
       101    1.4267073e-08
       102    8.3493106e-09
       103    4.8871613e-09
       104    2.8612466e-09
       105    1.6755169e-09
       106    9.8138564e-10
       107    5.7495059e-10
       108    3.3691788e-10
       109    1.9748003e-10
       110    1.1577929e-10
       111    6.7896959e-11
       112    3.9827655e-11
       113    2.3368864e-11
       114    1.3715521e-11
       115    8.0521614e-12
       116    4.7287005e-12
       117    2.7778194e-12
       118    1.6323106e-12
       119    9.5949334e-13
       120    5.6418986e-13
       121    3.3186106e-13
       122    1.9527137e-13
       123    1.1494114e-13
       124    6.7681531e-14
       125    3.9868103e-14
       126    2.3493304e-14
       127    1.3849303e-14
       128    8.1673026e-15
       129    4.8183401e-15
       130    2.8437060e-15
       131    1.6789594e-15
       132    9.9166033e-16
       133    5.8593726e-16
       134    3.4633938e-16
       135    2.0479134e-16
       136    1.2113660e-16
       137    7.1678271e-17
       138    4.2426861e-17
       139    2.5120449e-17
       140    1.4877765e-17
       141    8.8137583e-18
       142    5.2225913e-18
       143    3.0952757e-18
       144    1.8347923e-18
       145    1.0877605e-18
       146    6.4494409e-19
       147    3.8241563e-19
       148    2.2675419e-19
       149    1.3445023e-19
       150    7.9713838e-20
       151    4.7255290e-20
       152    2.8008481e-20
       153    1.6596943e-20
       154    9.8320174e-21
       155    5.8224928e-21
       156    3.4466928e-21
       157    2.0393813e-21
       158    1.2060663e-21
       159    7.1284521e-22
       160    4.2106060e-22
       161    2.4853831e-22
       162    1.4659371e-22
       163    8.6394140e-23
       164    5.0871434e-23
       165    2.9926656e-23
       166    1.7587772e-23
       167    1.0325374e-23
       168    6.0550407e-24
       169    3.5466547e-24
       170    2.0748456e-24
       171    1.2122499e-24
       172    7.0731497e-25
       173    4.1211923e-25
       174    2.3977151e-25
       175    1.3928760e-25
       176    8.0787362e-26
       177    4.6780687e-26
       178    2.7043221e-26
       179    1.5606145e-26
       180    8.9899113e-27
       181    5.1691031e-27
       182    2.9665578e-27
       183    1.6992079e-27
       184    9.7134797e-28
       185    5.5413641e-28
       186    3.1546525e-28
       187    1.7920868e-28
       188    1.0158262e-28
       189    5.7453072e-29
       190    3.2420632e-29
       191    1.8252634e-29
       192    1.0251969e-29
       193    5.7444566e-30
       194    3.2109480e-30
       195    1.7903719e-30
       196    9.9577810e-31
       197    5.5242724e-31
       198    3.0567870e-31
       199    1.6870101e-31
       200    9.2857688e-32
       201    5.0974296e-32
       202    2.7906403e-32
       203    1.5235692e-32
       204    8.2949347e-33
       205    4.5034305e-33
       206    2.4380423e-33
       207    1.3161162e-33
       208    7.0841989e-34
       209    3.8020642e-34
       210    2.0345543e-34
       211    1.0854996e-34
       212    5.7741786e-35
       213    3.0622523e-35
       214    1.6190945e-35
       215    8.5344298e-36
       216    4.4847556e-36
       217    2.3493956e-36
       218    1.2269251e-36
       219    6.3872843e-37
       220    3.3146883e-37
       221    1.7147057e-37
       222    8.8419769e-38
       223    4.5447999e-38
       224    2.3285126e-38
       225    1.1891427e-38
       226    6.0530516e-39
       227    3.0710955e-39
       228    1.5530465e-39
       229    7.8278494e-40
       230    3.9324218e-40
       231    1.9689364e-40
       232    9.8254844e-41
       233    4.8867481e-41
       234    2.4224247e-41
       235    1.1967089e-41
       236    5.8924600e-42
       237    2.8908787e-42
       238    1.4139102e-42
       239    6.8943884e-43
       240    3.3491033e-43
       241    1.6255062e-43
       242    7.9874012e-44
       243    3.9236357e-44
       244    1.8216880e-44
       245    8.4077908e-45
       246    2.8025969e-45
       247    0.0000000e+00
       248    0.0000000e+00
       249    0.0000000e+00
       250    0.0000000e+00
       251    0.0000000e+00
       252    0.0000000e+00
       253    0.0000000e+00
       254    0.0000000e+00
       255    0.0000000e+00
       256    0.0000000e+00
