         1    9.9999976e-01
         2    9.9999976e-01
         3    9.9999976e-01
         4    9.9999976e-01
         5    9.9999976e-01
         6    9.9999976e-01
         7    9.9999976e-01
         8    9.9999976e-01
         9    9.9999976e-01
        10    9.9999976e-01
        11    9.9999976e-01
        12    9.9999976e-01
        13    9.9999976e-01
        14    9.9999976e-01
        15    9.9999976e-01
        16    9.9999976e-01
        17    9.9999976e-01
        18    9.9999976e-01
        19    9.9999976e-01
        20    9.9999976e-01
        21    9.9999976e-01
        22    9.9999976e-01
        23    9.9999976e-01
        24    9.9999976e-01
        25    9.9999976e-01
        26    9.9999976e-01
        27    9.9999976e-01
        28    9.9999976e-01
        29    9.9999976e-01
        30    9.9999976e-01
        31    9.9999976e-01
        32    9.9999976e-01
        33    9.9999976e-01
        34    9.9999976e-01
        35    9.9999976e-01
        36    9.9999976e-01
        37    9.9999976e-01
        38    9.9999976e-01
        39    9.9999976e-01
        40    9.9999976e-01
        41    9.9999976e-01
        42    9.9999976e-01
        43    9.9999976e-01
        44    9.9999976e-01
        45    9.9999976e-01
        46    9.9999976e-01
        47    9.9999976e-01
        48    9.9999976e-01
        49    9.9999976e-01
        50    9.9999976e-01
        51    9.9999976e-01
        52    9.9999976e-01
        53    9.9999976e-01
        54    9.9999976e-01
        55    9.9999976e-01
        56    9.9999976e-01
        57    9.9999976e-01
        58    9.9999976e-01
        59    9.9999976e-01
        60    9.9999976e-01
        61    9.9999976e-01
        62    9.9999976e-01
        63    9.9999976e-01
        64    9.9999976e-01
        65    9.9999976e-01
        66    9.9999976e-01
        67    9.9999976e-01
        68    9.9999976e-01
        69    9.9999976e-01
        70    9.9999976e-01
        71    9.9999976e-01
        72    9.9999976e-01
        73    9.9999976e-01
        74    9.9999964e-01
        75    9.9999946e-01
        76    9.9999911e-01
        77    9.9999845e-01
        78    9.9999738e-01
        79    9.9999547e-01
        80    9.9999219e-01
        81    9.9998641e-01
        82    9.9997652e-01
        83    9.9995929e-01
        84    9.9992955e-01
        85    9.9987793e-01
        86    9.9978864e-01
        87    9.9963403e-01
        88    9.9936628e-01
        89    9.9890292e-01
        90    9.9810117e-01
        91    9.9671525e-01
        92    9.9432266e-01
        93    9.9020267e-01
        94    9.8313892e-01
        95    9.7111833e-01
        96    9.5092243e-01
        97    9.1771585e-01
        98    8.6503428e-01
        99    7.8610563e-01
       100    6.7768413e-01
       101    5.4568464e-01
       102    4.0708968e-01
       103    2.8243724e-01
       104    1.8469012e-01
       105    1.1570822e-01
       106    7.0454083e-02
       107    4.2135146e-02
       108    2.4924560e-02
       109    1.4647863e-02
       110    8.5753957e-03
       111    5.0091739e-03
       112    2.9222902e-03
       113    1.7036041e-03
       114    9.9275995e-04
       115    5.7840621e-04
       116    3.3696389e-04
       117    1.9630151e-04
       118    1.1435899e-04
       119    6.6624358e-05
       120    3.8816590e-05
       121    2.2616574e-05
       122    1.3178415e-05
       123    7.6794086e-06
       124    4.4752910e-06
       125    2.6082200e-06
       126    1.5201869e-06
       127    8.8609391e-07
       128    5.1652671e-07
       129    3.0111775e-07
       130    1.7555394e-07
       131    1.0235657e-07
       132    5.9683174e-08
       133    3.4803222e-08
       134    2.0296378e-08
       135    1.1837210e-08
       136    6.9041821e-09
       137    4.0272390e-09
       138    2.3492819e-09
       139    1.3705526e-09
       140    7.9963069e-10
       141    4.6656989e-10
       142    2.7225625e-10
       143    1.5888142e-10
       144    9.2726320e-11
       145    5.4121253e-11
       146    3.1591341e-11
       147    1.8441831e-11
       148    1.0766543e-11
       149    6.2861569e-12
       150    3.6705517e-12
       151    2.1434592e-12
       152    1.2518070e-12
       153    7.3113629e-13
       154    4.2706962e-13
       155    2.4948191e-13
       156    1.4575388e-13
       157    8.5161343e-14
       158    4.9763040e-14
       159    2.9081318e-14
       160    1.6996709e-14
       161    9.9348189e-15
       162    5.8076475e-15
       163    3.3953663e-15
       164    1.9852720e-15
       165    1.1609175e-15
       166    6.7894053e-16
       167    3.9711120e-16
       168    2.3229707e-16
       169    1.3590256e-16
       170    7.9517938e-17
       171    4.6532612e-17
       172    2.7233654e-17
       173    1.5940869e-17
       174    9.3320515e-18
       175    5.4639014e-18
       176    3.1995636e-18
       177    1.8738832e-18
       178    1.0976399e-18
       179    6.4304995e-19
       180    3.7678956e-19
       181    2.2081281e-19
       182    1.2942646e-19
       183    7.5874757e-20
       184    4.4488649e-20
       185    2.6090417e-20
       186    1.5303652e-20
       187    8.9782951e-21
       188    5.2684115e-21
       189    3.0921116e-21
       190    1.8151927e-21
       191    1.0658230e-21
       192    6.2595747e-22
       193    3.6770915e-22
       194    2.1605615e-22
       195    1.2697961e-22
       196    7.4646418e-23
       197    4.3892880e-23
       198    2.5816166e-23
       199    1.5188125e-23
       200    8.9378603e-24
       201    5.2611642e-24
       202    3.0977814e-24
       203    1.8244919e-24
       204    1.0748716e-24
       205    6.3342577e-25
       206    3.7338766e-25
       207    2.2016568e-25
       208    1.2985675e-25
       209    7.6613296e-26
       210    4.5213427e-26
       211    2.6690264e-26
       212    1.5760076e-26
       213    9.3085302e-27
       214    5.4994344e-27
       215    3.2498635e-27
       216    1.9209582e-27
       217    1.1357197e-27
       218    6.7161289e-28
       219    3.9724173e-28
       220    2.3500195e-28
       221    1.3904675e-28
       222    8.2283798e-29
       223    4.8699284e-29
       224    2.8825415e-29
       225    1.7063286e-29
       226    1.0101190e-29
       227    5.9798898e-30
       228    3.5400725e-30
       229    2.0956388e-30
       230    1.2404875e-30
       231    7.3421974e-31
       232    4.3451307e-31
       233    2.5710347e-31
       234    1.5209890e-31
       235    8.9958384e-32
       236    5.3191090e-32
       237    3.1441394e-32
       238    1.8578644e-32
       239    1.0973856e-32
       240    6.4791941e-33
       241    3.8236895e-33
       242    2.2554212e-33
       243    1.3296568e-33
       244    7.8343301e-34
       245    4.6131619e-34
       246    2.7146580e-34
       247    1.5963907e-34
       248    9.3814012e-35
       249    5.5096339e-35
       250    3.2344488e-35
       251    1.8993868e-35
       252    1.1181716e-35
       253    6.6412669e-36
       254    4.0512928e-36
       255    2.6560879e-36
       256    2.0476076e-36
