         1    9.9999976e-01
         2    9.9999976e-01
         3    9.9999976e-01
         4    9.9999976e-01
         5    9.9999976e-01
         6    9.9999976e-01
         7    9.9999976e-01
         8    9.9999976e-01
         9    9.9999976e-01
        10    9.9999976e-01
        11    9.9999976e-01
        12    9.9999976e-01
        13    9.9999976e-01
        14    9.9999976e-01
        15    9.9999976e-01
        16    9.9999976e-01
        17    9.9999976e-01
        18    9.9999976e-01
        19    9.9999976e-01
        20    9.9999976e-01
        21    9.9999976e-01
        22    9.9999976e-01
        23    9.9999976e-01
        24    9.9999976e-01
        25    9.9999976e-01
        26    9.9999976e-01
        27    9.9999976e-01
        28    9.9999976e-01
        29    9.9999976e-01
        30    9.9999976e-01
        31    9.9999976e-01
        32    9.9999976e-01
        33    9.9999976e-01
        34    9.9999976e-01
        35    9.9999976e-01
        36    9.9999976e-01
        37    9.9999976e-01
        38    9.9999976e-01
        39    9.9999976e-01
        40    9.9999976e-01
        41    9.9999976e-01
        42    9.9999976e-01
        43    9.9999976e-01
        44    9.9999976e-01
        45    9.9999976e-01
        46    9.9999976e-01
        47    9.9999976e-01
        48    9.9999976e-01
        49    9.9999976e-01
        50    9.9999976e-01
        51    9.9999976e-01
        52    9.9999976e-01
        53    9.9999976e-01
        54    9.9999976e-01
        55    9.9999976e-01
        56    9.9999976e-01
        57    9.9999976e-01
        58    9.9999976e-01
        59    9.9999976e-01
        60    9.9999976e-01
        61    9.9999976e-01
        62    9.9999976e-01
        63    9.9999976e-01
        64    9.9999976e-01
        65    9.9999976e-01
        66    9.9999976e-01
        67    9.9999976e-01
        68    9.9999976e-01
        69    9.9999976e-01
        70    9.9999976e-01
        71    9.9999976e-01
        72    9.9999976e-01
        73    9.9999976e-01
        74    9.9999976e-01
        75    9.9999976e-01
        76    9.9999976e-01
        77    9.9999976e-01
        78    9.9999976e-01
        79    9.9999976e-01
        80    9.9999976e-01
        81    9.9999976e-01
        82    9.9999976e-01
        83    9.9999976e-01
        84    9.9999976e-01
        85    9.9999976e-01
        86    9.9999976e-01
        87    9.9999976e-01
        88    9.9999976e-01
        89    9.9999976e-01
        90    9.9999976e-01
        91    9.9999976e-01
        92    9.9999976e-01
        93    9.9999976e-01
        94    9.9999976e-01
        95    9.9999976e-01
        96    9.9999976e-01
        97    9.9999976e-01
        98    9.9999976e-01
        99    9.9999970e-01
       100    9.9999958e-01
       101    9.9999934e-01
       102    9.9999887e-01
       103    9.9999803e-01
       104    9.9999654e-01
       105    9.9999404e-01
       106    9.9998969e-01
       107    9.9998218e-01
       108    9.9996912e-01
       109    9.9994653e-01
       110    9.9990737e-01
       111    9.9983954e-01
       112    9.9972206e-01
       113    9.9951857e-01
       114    9.9916625e-01
       115    9.9855638e-01
       116    9.9750125e-01
       117    9.9567801e-01
       118    9.9253327e-01
       119    9.8712736e-01
       120    9.7788733e-01
       121    9.6224838e-01
       122    9.3621731e-01
       123    8.9408213e-01
       124    8.2891840e-01
       125    7.3506927e-01
       126    6.1324519e-01
       127    4.7525713e-01
       128    3.4136117e-01
       129    2.2937563e-01
       130    1.4647171e-01
       131    9.0297781e-02
       132    5.4416716e-02
       133    3.2335650e-02
       134    1.9052461e-02
       135    1.1169649e-02
       136    6.5290490e-03
       137    3.8099445e-03
       138    2.2210665e-03
       139    1.2940876e-03
       140    7.5376028e-04
       141    4.3896853e-04
       142    2.5562354e-04
       143    1.4885282e-04
       144    8.6679145e-05
       145    5.0475512e-05
       146    2.9394067e-05
       147    1.7118035e-05
       148    9.9693052e-06
       149    5.8062205e-06
       150    3.3817410e-06
       151    1.9697250e-06
       152    1.1473331e-06
       153    6.6833206e-07
       154    3.8932652e-07
       155    2.2680607e-07
       156    1.3213396e-07
       157    7.6982751e-08
       158    4.4853014e-08
       159    2.6134195e-08
       160    1.5228110e-08
       161    8.8736511e-09
       162    5.1710445e-09
       163    3.0135183e-09
       164    1.7562612e-09
       165    1.0235859e-09
       166    5.9659466e-10
       167    3.4773989e-10
       168    2.0269818e-10
       169    1.1815862e-10
       170    6.8881324e-11
       171    4.0156704e-11
       172    2.3411828e-11
       173    1.3650024e-11
       174    7.9588888e-12
       175    4.6407973e-12
       176    2.7061639e-12
       177    1.5781090e-12
       178    9.2032566e-13
       179    5.3674480e-13
       180    3.1305175e-13
       181    1.8259404e-13
       182    1.0650733e-13
       183    6.2129081e-14
       184    3.6243754e-14
       185    2.1144355e-14
       186    1.2336129e-14
       187    7.1975871e-15
       188    4.1997033e-15
       189    2.4506105e-15
       190    1.4300599e-15
       191    8.3456213e-16
       192    4.8706613e-16
       193    2.8427736e-16
       194    1.6592888e-16
       195    9.6856199e-17
       196    5.6540402e-17
       197    3.3007812e-17
       198    1.9270870e-17
       199    1.1251565e-17
       200    6.5697985e-18
       201    3.8363566e-18
       202    2.2403411e-18
       203    1.3083923e-18
       204    7.6417163e-19
       205    4.4634780e-19
       206    2.6072689e-19
       207    1.5231014e-19
       208    8.8982113e-20
       209    5.1988599e-20
       210    3.0377048e-20
       211    1.7750708e-20
       212    1.0373347e-20
       213    6.0625590e-21
       214    3.5434592e-21
       215    2.0712570e-21
       216    1.2108110e-21
       217    7.0787268e-22
       218    4.1387692e-22
       219    2.4200551e-22
       220    1.4152008e-22
       221    8.2765721e-23
       222    4.8408702e-23
       223    2.8316383e-23
       224    1.6565118e-23
       225    9.6915806e-24
       226    5.6707314e-24
       227    3.3184022e-24
       228    1.9420728e-24
       229    1.1367101e-24
       230    6.6540023e-25
       231    3.8955280e-25
       232    2.2808740e-25
       233    1.3356389e-25
       234    7.8222412e-26
       235    4.5817257e-26
       236    2.6840111e-26
       237    1.5725280e-26
       238    9.2145255e-27
       239    5.4001993e-27
       240    3.1652686e-27
       241    1.8555690e-27
       242    1.0879558e-27
       243    6.3799164e-28
       244    3.7418854e-28
       245    2.1950291e-28
       246    1.2878585e-28
       247    7.5575525e-29
       248    4.4360462e-29
       249    2.6046963e-29
       250    1.5303415e-29
       251    9.0041799e-30
       252    5.3178766e-30
       253    3.1735319e-30
       254    1.9485824e-30
       255    1.2876188e-30
       256    9.9897272e-31
