         1    9.9999976e-01
         2    9.9999976e-01
         3    9.9999976e-01
         4    9.9999976e-01
         5    9.9999976e-01
         6    9.9999976e-01
         7    9.9999976e-01
         8    9.9999976e-01
         9    9.9999976e-01
        10    9.9999976e-01
        11    9.9999976e-01
        12    9.9999976e-01
        13    9.9999976e-01
        14    9.9999976e-01
        15    9.9999976e-01
        16    9.9999976e-01
        17    9.9999976e-01
        18    9.9999976e-01
        19    9.9999976e-01
        20    9.9999976e-01
        21    9.9999976e-01
        22    9.9999976e-01
        23    9.9999976e-01
        24    9.9999976e-01
        25    9.9999976e-01
        26    9.9999976e-01
        27    9.9999976e-01
        28    9.9999976e-01
        29    9.9999976e-01
        30    9.9999976e-01
        31    9.9999976e-01
        32    9.9999976e-01
        33    9.9999976e-01
        34    9.9999976e-01
        35    9.9999976e-01
        36    9.9999976e-01
        37    9.9999976e-01
        38    9.9999976e-01
        39    9.9999976e-01
        40    9.9999976e-01
        41    9.9999976e-01
        42    9.9999976e-01
        43    9.9999976e-01
        44    9.9999976e-01
        45    9.9999976e-01
        46    9.9999976e-01
        47    9.9999976e-01
        48    9.9999976e-01
        49    9.9999976e-01
        50    9.9999976e-01
        51    9.9999976e-01
        52    9.9999976e-01
        53    9.9999976e-01
        54    9.9999976e-01
        55    9.9999976e-01
        56    9.9999976e-01
        57    9.9999976e-01
        58    9.9999976e-01
        59    9.9999976e-01
        60    9.9999976e-01
        61    9.9999976e-01
        62    9.9999976e-01
        63    9.9999976e-01
        64    9.9999976e-01
        65    9.9999976e-01
        66    9.9999976e-01
        67    9.9999976e-01
        68    9.9999976e-01
        69    9.9999976e-01
        70    9.9999976e-01
        71    9.9999976e-01
        72    9.9999976e-01
        73    9.9999976e-01
        74    9.9999976e-01
        75    9.9999976e-01
        76    9.9999976e-01
        77    9.9999976e-01
        78    9.9999976e-01
        79    9.9999976e-01
        80    9.9999976e-01
        81    9.9999976e-01
        82    9.9999976e-01
        83    9.9999976e-01
        84    9.9999976e-01
        85    9.9999976e-01
        86    9.9999976e-01
        87    9.9999976e-01
        88    9.9999976e-01
        89    9.9999976e-01
        90    9.9999976e-01
        91    9.9999976e-01
        92    9.9999976e-01
        93    9.9999976e-01
        94    9.9999976e-01
        95    9.9999976e-01
        96    9.9999976e-01
        97    9.9999976e-01
        98    9.9999976e-01
        99    9.9999976e-01
       100    9.9999976e-01
       101    9.9999976e-01
       102    9.9999976e-01
       103    9.9999976e-01
       104    9.9999976e-01
       105    9.9999976e-01
       106    9.9999976e-01
       107    9.9999976e-01
       108    9.9999964e-01
       109    9.9999946e-01
       110    9.9999911e-01
       111    9.9999851e-01
       112    9.9999738e-01
       113    9.9999553e-01
       114    9.9999231e-01
       115    9.9998665e-01
       116    9.9997681e-01
       117    9.9995989e-01
       118    9.9993050e-01
       119    9.9987954e-01
       120    9.9979132e-01
       121    9.9963856e-01
       122    9.9937397e-01
       123    9.9891579e-01
       124    9.9812293e-01
       125    9.9675173e-01
       126    9.9438405e-01
       127    9.9030566e-01
       128    9.8331100e-01
       129    9.7140342e-01
       130    9.5138764e-01
       131    9.1845572e-01
       132    8.6616081e-01
       133    7.8770596e-01
       134    6.7973465e-01
       135    5.4797393e-01
       136    4.0927169e-01
       137    2.8422326e-01
       138    1.8598078e-01
       139    1.1656030e-01
       140    7.0983328e-02
       141    4.2451028e-02
       142    2.5108233e-02
       143    1.4752774e-02
       144    8.6345403e-03
       145    5.0421641e-03
       146    2.9405144e-03
       147    1.7135736e-03
       148    9.9815591e-04
       149    5.8129121e-04
       150    3.3848354e-04
       151    1.9708711e-04
       152    1.1475516e-04
       153    6.6817345e-05
       154    3.8905840e-05
       155    2.2654383e-05
       156    1.3191784e-05
       157    7.6819188e-06
       158    4.4735416e-06
       159    2.6052492e-06
       160    1.5172714e-06
       161    8.8367722e-07
       162    5.1468385e-07
       163    2.9978094e-07
       164    1.7461603e-07
       165    1.0171405e-07
       166    5.9250837e-08
       167    3.4516351e-08
       168    2.0108150e-08
       169    1.1714838e-08
       170    6.8252324e-09
       171    3.9766341e-09
       172    2.3170261e-09
       173    1.3500921e-09
       174    7.8670725e-10
       175    4.5843759e-10
       176    2.6715588e-10
       177    1.5569215e-10
       178    9.0737404e-11
       179    5.2883923e-11
       180    3.0823271e-11
       181    1.7966012e-11
       182    1.0472313e-11
       183    6.1045218e-12
       184    3.5585979e-12
       185    2.0745528e-12
       186    1.2094517e-12
       187    7.0513311e-13
       188    4.1112361e-13
       189    2.3971355e-13
       190    1.3977571e-13
       191    8.1506071e-14
       192    4.7529970e-14
       193    2.7718167e-14
       194    1.6165202e-14
       195    9.4279544e-15
       196    5.4988744e-15
       197    3.2073783e-15
       198    1.8708842e-15
       199    1.0913503e-15
       200    6.3665193e-16
       201    3.7141619e-16
       202    2.1669093e-16
       203    1.2642762e-16
       204    7.3767444e-17
       205    4.3043670e-17
       206    2.5117468e-17
       207    1.4657660e-17
       208    8.5541336e-18
       209    4.9924089e-18
       210    2.9138508e-18
       211    1.7007788e-18
       212    9.9277752e-19
       213    5.7953540e-19
       214    3.3832359e-19
       215    1.9751911e-19
       216    1.1532164e-19
       217    6.7334518e-20
       218    3.9317898e-20
       219    2.2959834e-20
       220    1.3408295e-20
       221    7.8307807e-21
       222    4.5736581e-21
       223    2.6714676e-21
       224    1.5605012e-21
       225    9.1160504e-22
       226    5.3257189e-22
       227    3.1115668e-22
       228    1.8180673e-22
       229    1.0623587e-22
       230    6.2081662e-23
       231    3.6281654e-23
       232    2.1205225e-23
       233    1.2394570e-23
       234    7.2452496e-24
       235    4.2355449e-24
       236    2.4762809e-24
       237    1.4478580e-24
       238    8.4661923e-25
       239    4.9509354e-25
       240    2.8955034e-25
       241    1.6935557e-25
       242    9.9063655e-26
       243    5.7952163e-26
       244    3.3905217e-26
       245    1.9838394e-26
       246    1.1608933e-26
       247    6.7940645e-27
       248    3.9767988e-27
       249    2.3283374e-27
       250    1.3639092e-27
       251    8.0001122e-28
       252    4.7094495e-28
       253    2.8005458e-28
       254    1.7129202e-28
       255    1.1273480e-28
       256    8.7201365e-29
