         1    9.9999976e-01
         2    9.9999976e-01
         3    9.9999976e-01
         4    9.9999976e-01
         5    9.9999976e-01
         6    9.9999976e-01
         7    9.9999976e-01
         8    9.9999976e-01
         9    9.9999976e-01
        10    9.9999976e-01
        11    9.9999976e-01
        12    9.9999976e-01
        13    9.9999976e-01
        14    9.9999976e-01
        15    9.9999964e-01
        16    9.9999946e-01
        17    9.9999911e-01
        18    9.9999851e-01
        19    9.9999750e-01
        20    9.9999571e-01
        21    9.9999261e-01
        22    9.9998736e-01
        23    9.9997830e-01
        24    9.9996281e-01
        25    9.9993604e-01
        26    9.9989003e-01
        27    9.9981070e-01
        28    9.9967408e-01
        29    9.9943864e-01
        30    9.9903262e-01
        31    9.9833262e-01
        32    9.9712610e-01
        33    9.9504864e-01
        34    9.9147797e-01
        35    9.8536199e-01
        36    9.7495115e-01
        37    9.5742005e-01
        38    9.2843926e-01
        39    8.8198847e-01
        40    8.1117386e-01
        41    7.1125132e-01
        42    5.8501863e-01
        43    4.4652960e-01
        44    3.1637058e-01
        45    2.1040393e-01
        46    1.3347724e-01
        47    8.2006238e-02
        48    4.9366049e-02
        49    2.9349897e-02
        50    1.7321732e-02
        51    1.0179893e-02
        52    5.9687332e-03
        53    3.4953956e-03
        54    2.0458554e-03
        55    1.1972617e-03
        56    7.0071360e-04
        57    4.1019497e-04
        58    2.4020160e-04
        59    1.4070865e-04
        60    8.2459534e-05
        61    4.8344511e-05
        62    2.8356215e-05
        63    1.6639920e-05
        64    9.7692755e-06
        65    5.7383536e-06
        66    3.3723409e-06
        67    1.9828956e-06
        68    1.1665331e-06
        69    6.8663724e-07
        70    4.0438428e-07
        71    2.3828720e-07
        72    1.4049107e-07
        73    8.2878003e-08
        74    4.8918380e-08
        75    2.8889866e-08
        76    1.7070901e-08
        77    1.0092528e-08
        78    5.9699299e-09
        79    3.5330967e-09
        80    2.0919344e-09
        81    1.2391785e-09
        82    7.3434098e-10
        83    4.3533385e-10
        84    2.5815969e-10
        85    1.5313489e-10
        86    9.0856517e-11
        87    5.3914904e-11
        88    3.1996704e-11
        89    1.8989636e-11
        90    1.1269714e-11
        91    6.6874839e-12
        92    3.9676543e-12
        93    2.3533840e-12
        94    1.3954221e-12
        95    8.2706097e-13
        96    4.8995167e-13
        97    2.9007946e-13
        98    1.7162968e-13
        99    1.0147119e-13
       100    5.9941947e-14
       101    3.5376822e-14
       102    2.0857793e-14
       103    1.2284016e-14
       104    7.2259525e-15
       105    4.2451390e-15
       106    2.4905155e-15
       107    1.4589643e-15
       108    8.5332508e-16
       109    4.9825792e-16
       110    2.9041425e-16
       111    1.6895026e-16
       112    9.8091001e-17
       113    5.6830286e-17
       114    3.2851945e-17
       115    1.8946203e-17
       116    1.0899632e-17
       117    6.2542899e-18
       118    3.5790562e-18
       119    2.0423524e-18
       120    1.1620154e-18
       121    6.5911245e-19
       122    3.7266738e-19
       123    2.1001272e-19
       124    1.1794536e-19
       125    6.6004967e-20
       126    3.6803001e-20
       127    2.0443344e-20
       128    1.1311889e-20
       129    6.2342801e-21
       130    3.4218446e-21
       131    1.8703083e-21
       132    1.0178936e-21
       133    5.5155226e-22
       134    2.9752696e-22
       135    1.5976546e-22
       136    8.5392451e-23
       137    4.5425574e-23
       138    2.4048699e-23
       139    1.2669518e-23
       140    6.6416259e-24
       141    3.4642105e-24
       142    1.7977146e-24
       143    9.2810264e-25
       144    4.7665416e-25
       145    2.4351037e-25
       146    1.2374104e-25
       147    6.2541583e-26
       148    3.1438394e-26
       149    1.5716895e-26
       150    7.8138914e-27
       151    3.8631585e-27
       152    1.8992111e-27
       153    9.2841311e-28
       154    4.5126243e-28
       155    2.1808215e-28
       156    1.0478472e-28
       157    5.0054958e-29
       158    2.3771282e-29
       159    1.1222768e-29
       160    5.2671461e-30
       161    2.4573397e-30
       162    1.1396107e-30
       163    5.2533553e-31
       164    2.4070976e-31
       165    1.0962651e-31
       166    4.9623894e-32
       167    2.2325872e-32
       168    9.9829181e-33
       169    4.4363678e-33
       170    1.9593329e-33
       171    8.5998248e-34
       172    3.7511278e-34
       173    1.6259812e-34
       174    7.0039196e-35
       175    2.9979864e-35
       176    1.2751818e-35
       177    5.3896384e-36
       178    2.2635165e-36
       179    9.4457328e-37
       180    3.9165826e-37
       181    1.6135794e-37
       182    6.6050590e-38
       183    2.6863236e-38
       184    1.0854940e-38
       185    4.3578883e-39
       186    1.7381874e-39
       187    6.8878164e-40
       188    2.7115826e-40
       189    1.0605167e-40
       190    4.1205181e-41
       191    1.5904738e-41
       192    6.0998522e-42
       193    2.3233529e-42
       194    8.8001544e-43
       195    3.3070644e-43
       196    1.2331426e-43
       197    4.4841551e-44
       198    1.6815582e-44
       199    5.6051939e-45
       200    1.4012985e-45
       201    0.0000000e+00
       202    0.0000000e+00
       203    0.0000000e+00
       204    0.0000000e+00
       205    0.0000000e+00
       206    0.0000000e+00
       207    0.0000000e+00
       208    0.0000000e+00
       209    0.0000000e+00
       210    0.0000000e+00
       211    0.0000000e+00
       212    0.0000000e+00
       213    0.0000000e+00
       214    0.0000000e+00
       215    0.0000000e+00
       216    0.0000000e+00
       217    0.0000000e+00
       218    0.0000000e+00
       219    0.0000000e+00
       220    0.0000000e+00
       221    0.0000000e+00
       222    0.0000000e+00
       223    0.0000000e+00
       224    0.0000000e+00
       225    0.0000000e+00
       226    0.0000000e+00
       227    0.0000000e+00
       228    0.0000000e+00
       229    0.0000000e+00
       230    0.0000000e+00
       231    0.0000000e+00
       232    0.0000000e+00
       233    0.0000000e+00
       234    0.0000000e+00
       235    0.0000000e+00
       236    0.0000000e+00
       237    0.0000000e+00
       238    0.0000000e+00
       239    0.0000000e+00
       240    0.0000000e+00
       241    0.0000000e+00
       242    0.0000000e+00
       243    0.0000000e+00
       244    0.0000000e+00
       245    0.0000000e+00
       246    0.0000000e+00
       247    0.0000000e+00
       248    0.0000000e+00
       249    0.0000000e+00
       250    0.0000000e+00
       251    0.0000000e+00
       252    0.0000000e+00
       253    0.0000000e+00
       254    0.0000000e+00
       255    0.0000000e+00
       256    0.0000000e+00
