         1    9.9999976e-01
         2    9.9999976e-01
         3    9.9999976e-01
         4    9.9999976e-01
         5    9.9999976e-01
         6    9.9999976e-01
         7    9.9999976e-01
         8    9.9999976e-01
         9    9.9999976e-01
        10    9.9999976e-01
        11    9.9999976e-01
        12    9.9999976e-01
        13    9.9999976e-01
        14    9.9999976e-01
        15    9.9999976e-01
        16    9.9999976e-01
        17    9.9999976e-01
        18    9.9999976e-01
        19    9.9999976e-01
        20    9.9999976e-01
        21    9.9999976e-01
        22    9.9999976e-01
        23    9.9999976e-01
        24    9.9999976e-01
        25    9.9999976e-01
        26    9.9999976e-01
        27    9.9999976e-01
        28    9.9999976e-01
        29    9.9999976e-01
        30    9.9999976e-01
        31    9.9999976e-01
        32    9.9999976e-01
        33    9.9999976e-01
        34    9.9999976e-01
        35    9.9999976e-01
        36    9.9999976e-01
        37    9.9999976e-01
        38    9.9999976e-01
        39    9.9999976e-01
        40    9.9999976e-01
        41    9.9999976e-01
        42    9.9999976e-01
        43    9.9999976e-01
        44    9.9999976e-01
        45    9.9999976e-01
        46    9.9999976e-01
        47    9.9999976e-01
        48    9.9999976e-01
        49    9.9999976e-01
        50    9.9999976e-01
        51    9.9999976e-01
        52    9.9999976e-01
        53    9.9999976e-01
        54    9.9999976e-01
        55    9.9999976e-01
        56    9.9999976e-01
        57    9.9999976e-01
        58    9.9999976e-01
        59    9.9999976e-01
        60    9.9999976e-01
        61    9.9999976e-01
        62    9.9999976e-01
        63    9.9999976e-01
        64    9.9999976e-01
        65    9.9999976e-01
        66    9.9999976e-01
        67    9.9999976e-01
        68    9.9999976e-01
        69    9.9999976e-01
        70    9.9999976e-01
        71    9.9999976e-01
        72    9.9999976e-01
        73    9.9999976e-01
        74    9.9999976e-01
        75    9.9999976e-01
        76    9.9999976e-01
        77    9.9999976e-01
        78    9.9999976e-01
        79    9.9999976e-01
        80    9.9999976e-01
        81    9.9999976e-01
        82    9.9999976e-01
        83    9.9999976e-01
        84    9.9999976e-01
        85    9.9999976e-01
        86    9.9999976e-01
        87    9.9999976e-01
        88    9.9999976e-01
        89    9.9999976e-01
        90    9.9999976e-01
        91    9.9999976e-01
        92    9.9999976e-01
        93    9.9999976e-01
        94    9.9999976e-01
        95    9.9999976e-01
        96    9.9999976e-01
        97    9.9999976e-01
        98    9.9999976e-01
        99    9.9999976e-01
       100    9.9999976e-01
       101    9.9999976e-01
       102    9.9999976e-01
       103    9.9999976e-01
       104    9.9999976e-01
       105    9.9999976e-01
       106    9.9999976e-01
       107    9.9999976e-01
       108    9.9999976e-01
       109    9.9999976e-01
       110    9.9999976e-01
       111    9.9999976e-01
       112    9.9999976e-01
       113    9.9999976e-01
       114    9.9999976e-01
       115    9.9999976e-01
       116    9.9999976e-01
       117    9.9999976e-01
       118    9.9999976e-01
       119    9.9999976e-01
       120    9.9999976e-01
       121    9.9999976e-01
       122    9.9999976e-01
       123    9.9999976e-01
       124    9.9999976e-01
       125    9.9999976e-01
       126    9.9999976e-01
       127    9.9999976e-01
       128    9.9999976e-01
       129    9.9999976e-01
       130    9.9999976e-01
       131    9.9999976e-01
       132    9.9999976e-01
       133    9.9999976e-01
       134    9.9999976e-01
       135    9.9999976e-01
       136    9.9999976e-01
       137    9.9999976e-01
       138    9.9999976e-01
       139    9.9999976e-01
       140    9.9999976e-01
       141    9.9999976e-01
       142    9.9999964e-01
       143    9.9999952e-01
       144    9.9999923e-01
       145    9.9999863e-01
       146    9.9999762e-01
       147    9.9999589e-01
       148    9.9999297e-01
       149    9.9998778e-01
       150    9.9997884e-01
       151    9.9996340e-01
       152    9.9993652e-01
       153    9.9989003e-01
       154    9.9980950e-01
       155    9.9966991e-01
       156    9.9942815e-01
       157    9.9900943e-01
       158    9.9828464e-01
       159    9.9703085e-01
       160    9.9486494e-01
       161    9.9113190e-01
       162    9.8472315e-01
       163    9.7379547e-01
       164    9.5537835e-01
       165    9.2494428e-01
       166    8.7627250e-01
       167    8.0243844e-01
       168    6.9915307e-01
       169    5.7033992e-01
       170    4.3129244e-01
       171    3.0282697e-01
       172    1.9983298e-01
       173    1.2597230e-01
       174    7.7000901e-02
       175    4.6153679e-02
       176    2.7333800e-02
       177    1.6071858e-02
       178    9.4098542e-03
       179    5.4956148e-03
       180    3.2049378e-03
       181    1.8674942e-03
       182    1.0876551e-03
       183    6.3329563e-04
       184    3.6868732e-04
       185    2.1462349e-04
       186    1.2493430e-04
       187    7.2724710e-05
       188    4.2333511e-05
       189    2.4642914e-05
       190    1.4345228e-05
       191    8.3508685e-06
       192    4.8614443e-06
       193    2.8301463e-06
       194    1.6476412e-06
       195    9.5923872e-07
       196    5.5847170e-07
       197    3.2515172e-07
       198    1.8931345e-07
       199    1.1022684e-07
       200    6.4180604e-08
       201    3.7370661e-08
       202    2.1760474e-08
       203    1.2671164e-08
       204    7.3786222e-09
       205    4.2967954e-09
       206    2.5022158e-09
       207    1.4571876e-09
       208    8.4862706e-10
       209    4.9422993e-10
       210    2.8784053e-10
       211    1.6764308e-10
       212    9.7640528e-11
       213    5.6870293e-11
       214    3.3124680e-11
       215    1.9294290e-11
       216    1.1238720e-11
       217    6.5466009e-12
       218    3.8135189e-12
       219    2.2215034e-12
       220    1.2941337e-12
       221    7.5391516e-13
       222    4.3921483e-13
       223    2.5588375e-13
       224    1.4908010e-13
       225    8.6857638e-14
       226    5.0606661e-14
       227    2.9486199e-14
       228    1.7180720e-14
       229    1.0010954e-14
       230    5.8333914e-15
       231    3.3992133e-15
       232    1.9808312e-15
       233    1.1543254e-15
       234    6.7269917e-16
       235    3.9203549e-16
       236    2.2847666e-16
       237    1.3315895e-16
       238    7.7608798e-17
       239    4.5233872e-17
       240    2.6365062e-17
       241    1.5367605e-17
       242    8.9576894e-18
       243    5.2215371e-18
       244    3.0437825e-18
       245    1.7743622e-18
       246    1.0343939e-18
       247    6.0304424e-19
       248    3.5159695e-19
       249    2.0502744e-19
       250    1.1960862e-19
       251    6.9859707e-20
       252    4.0942019e-20
       253    2.4231222e-20
       254    1.4744065e-20
       255    9.6517001e-21
       256    7.4358303e-21
