         1    9.9999976e-01
         2    9.9999976e-01
         3    9.9999976e-01
         4    9.9999976e-01
         5    9.9999976e-01
         6    9.9999976e-01
         7    9.9999976e-01
         8    9.9999976e-01
         9    9.9999976e-01
        10    9.9999976e-01
        11    9.9999976e-01
        12    9.9999976e-01
        13    9.9999976e-01
        14    9.9999976e-01
        15    9.9999976e-01
        16    9.9999976e-01
        17    9.9999976e-01
        18    9.9999976e-01
        19    9.9999976e-01
        20    9.9999976e-01
        21    9.9999976e-01
        22    9.9999976e-01
        23    9.9999976e-01
        24    9.9999976e-01
        25    9.9999976e-01
        26    9.9999976e-01
        27    9.9999976e-01
        28    9.9999976e-01
        29    9.9999976e-01
        30    9.9999976e-01
        31    9.9999976e-01
        32    9.9999976e-01
        33    9.9999976e-01
        34    9.9999976e-01
        35    9.9999976e-01
        36    9.9999976e-01
        37    9.9999976e-01
        38    9.9999976e-01
        39    9.9999976e-01
        40    9.9999976e-01
        41    9.9999976e-01
        42    9.9999976e-01
        43    9.9999976e-01
        44    9.9999976e-01
        45    9.9999976e-01
        46    9.9999976e-01
        47    9.9999976e-01
        48    9.9999976e-01
        49    9.9999976e-01
        50    9.9999976e-01
        51    9.9999976e-01
        52    9.9999976e-01
        53    9.9999976e-01
        54    9.9999976e-01
        55    9.9999976e-01
        56    9.9999976e-01
        57    9.9999976e-01
        58    9.9999976e-01
        59    9.9999976e-01
        60    9.9999976e-01
        61    9.9999976e-01
        62    9.9999976e-01
        63    9.9999976e-01
        64    9.9999976e-01
        65    9.9999976e-01
        66    9.9999976e-01
        67    9.9999976e-01
        68    9.9999976e-01
        69    9.9999976e-01
        70    9.9999976e-01
        71    9.9999976e-01
        72    9.9999976e-01
        73    9.9999976e-01
        74    9.9999976e-01
        75    9.9999976e-01
        76    9.9999976e-01
        77    9.9999976e-01
        78    9.9999976e-01
        79    9.9999976e-01
        80    9.9999976e-01
        81    9.9999976e-01
        82    9.9999976e-01
        83    9.9999976e-01
        84    9.9999976e-01
        85    9.9999976e-01
        86    9.9999976e-01
        87    9.9999976e-01
        88    9.9999976e-01
        89    9.9999976e-01
        90    9.9999976e-01
        91    9.9999976e-01
        92    9.9999976e-01
        93    9.9999976e-01
        94    9.9999976e-01
        95    9.9999976e-01
        96    9.9999976e-01
        97    9.9999976e-01
        98    9.9999976e-01
        99    9.9999976e-01
       100    9.9999976e-01
       101    9.9999976e-01
       102    9.9999976e-01
       103    9.9999976e-01
       104    9.9999976e-01
       105    9.9999976e-01
       106    9.9999976e-01
       107    9.9999976e-01
       108    9.9999976e-01
       109    9.9999976e-01
       110    9.9999976e-01
       111    9.9999976e-01
       112    9.9999976e-01
       113    9.9999976e-01
       114    9.9999976e-01
       115    9.9999976e-01
       116    9.9999976e-01
       117    9.9999976e-01
       118    9.9999976e-01
       119    9.9999976e-01
       120    9.9999976e-01
       121    9.9999976e-01
       122    9.9999976e-01
       123    9.9999976e-01
       124    9.9999976e-01
       125    9.9999976e-01
       126    9.9999976e-01
       127    9.9999976e-01
       128    9.9999976e-01
       129    9.9999976e-01
       130    9.9999976e-01
       131    9.9999976e-01
       132    9.9999976e-01
       133    9.9999976e-01
       134    9.9999976e-01
       135    9.9999976e-01
       136    9.9999976e-01
       137    9.9999976e-01
       138    9.9999976e-01
       139    9.9999976e-01
       140    9.9999976e-01
       141    9.9999976e-01
       142    9.9999976e-01
       143    9.9999976e-01
       144    9.9999976e-01
       145    9.9999976e-01
       146    9.9999976e-01
       147    9.9999976e-01
       148    9.9999976e-01
       149    9.9999976e-01
       150    9.9999976e-01
       151    9.9999976e-01
       152    9.9999976e-01
       153    9.9999976e-01
       154    9.9999976e-01
       155    9.9999976e-01
       156    9.9999976e-01
       157    9.9999976e-01
       158    9.9999976e-01
       159    9.9999970e-01
       160    9.9999952e-01
       161    9.9999923e-01
       162    9.9999869e-01
       163    9.9999779e-01
       164    9.9999619e-01
       165    9.9999338e-01
       166    9.9998856e-01
       167    9.9998021e-01
       168    9.9996573e-01
       169    9.9994057e-01
       170    9.9989700e-01
       171    9.9982154e-01
       172    9.9969077e-01
       173    9.9946427e-01
       174    9.9907190e-01
       175    9.9839270e-01
       176    9.9721760e-01
       177    9.9518704e-01
       178    9.9168605e-01
       179    9.8567188e-01
       180    9.7540641e-01
       181    9.5807499e-01
       182    9.2935145e-01
       183    8.8319504e-01
       184    8.1264508e-01
       185    7.1283442e-01
       186    5.8643651e-01
       187    4.4750774e-01
       188    3.1681213e-01
       189    2.1041480e-01
       190    1.3324378e-01
       191    8.1684984e-02
       192    4.9050063e-02
       193    2.9080490e-02
       194    1.7109523e-02
       195    1.0020843e-02
       196    5.8534881e-03
       197    3.4139080e-03
       198    1.9892943e-03
       199    1.1585705e-03
       200    6.7455770e-04
       201    3.9268608e-04
       202    2.2857814e-04
       203    1.3304720e-04
       204    7.7440818e-05
       205    4.5074790e-05
       206    2.6236194e-05
       207    1.5271213e-05
       208    8.8890038e-06
       209    5.1741649e-06
       210    3.0118647e-06
       211    1.7532303e-06
       212    1.0205890e-06
       213    5.9411616e-07
       214    3.4586009e-07
       215    2.0134372e-07
       216    1.1721534e-07
       217    6.8240070e-08
       218    3.9728590e-08
       219    2.3129992e-08
       220    1.3466557e-08
       221    7.8405469e-09
       222    4.5650426e-09
       223    2.6579823e-09
       224    1.5476334e-09
       225    9.0114122e-10
       226    5.2471849e-10
       227    3.0554045e-10
       228    1.7791800e-10
       229    1.0360479e-10
       230    6.0332128e-11
       231    3.5133899e-11
       232    2.0460343e-11
       233    1.1915393e-11
       234    6.9392543e-12
       235    4.0413476e-12
       236    2.3536860e-12
       237    1.3708184e-12
       238    7.9839960e-13
       239    4.6501800e-13
       240    2.7084967e-13
       241    1.5775966e-13
       242    9.1890966e-14
       243    5.3525279e-14
       244    3.1178449e-14
       245    1.8161850e-14
       246    1.0579794e-14
       247    6.1632561e-15
       248    3.5906417e-15
       249    2.0921879e-15
       250    1.2195725e-15
       251    7.1173902e-16
       252    4.1677324e-16
       253    2.4644580e-16
       254    1.4981265e-16
       255    9.7973389e-17
       256    7.5425194e-17
