         1    9.9999976e-01
         2    9.9999976e-01
         3    9.9999976e-01
         4    9.9999976e-01
         5    9.9999976e-01
         6    9.9999976e-01
         7    9.9999976e-01
         8    9.9999976e-01
         9    9.9999976e-01
        10    9.9999976e-01
        11    9.9999976e-01
        12    9.9999976e-01
        13    9.9999976e-01
        14    9.9999976e-01
        15    9.9999976e-01
        16    9.9999976e-01
        17    9.9999976e-01
        18    9.9999976e-01
        19    9.9999976e-01
        20    9.9999976e-01
        21    9.9999976e-01
        22    9.9999976e-01
        23    9.9999976e-01
        24    9.9999976e-01
        25    9.9999976e-01
        26    9.9999976e-01
        27    9.9999976e-01
        28    9.9999976e-01
        29    9.9999976e-01
        30    9.9999976e-01
        31    9.9999976e-01
        32    9.9999976e-01
        33    9.9999976e-01
        34    9.9999976e-01
        35    9.9999976e-01
        36    9.9999976e-01
        37    9.9999976e-01
        38    9.9999976e-01
        39    9.9999976e-01
        40    9.9999976e-01
        41    9.9999976e-01
        42    9.9999976e-01
        43    9.9999976e-01
        44    9.9999976e-01
        45    9.9999976e-01
        46    9.9999976e-01
        47    9.9999976e-01
        48    9.9999976e-01
        49    9.9999976e-01
        50    9.9999976e-01
        51    9.9999976e-01
        52    9.9999976e-01
        53    9.9999976e-01
        54    9.9999976e-01
        55    9.9999976e-01
        56    9.9999976e-01
        57    9.9999976e-01
        58    9.9999976e-01
        59    9.9999976e-01
        60    9.9999976e-01
        61    9.9999976e-01
        62    9.9999976e-01
        63    9.9999976e-01
        64    9.9999976e-01
        65    9.9999976e-01
        66    9.9999976e-01
        67    9.9999976e-01
        68    9.9999976e-01
        69    9.9999976e-01
        70    9.9999976e-01
        71    9.9999976e-01
        72    9.9999976e-01
        73    9.9999976e-01
        74    9.9999976e-01
        75    9.9999976e-01
        76    9.9999976e-01
        77    9.9999976e-01
        78    9.9999976e-01
        79    9.9999976e-01
        80    9.9999976e-01
        81    9.9999976e-01
        82    9.9999976e-01
        83    9.9999976e-01
        84    9.9999976e-01
        85    9.9999976e-01
        86    9.9999976e-01
        87    9.9999976e-01
        88    9.9999976e-01
        89    9.9999976e-01
        90    9.9999976e-01
        91    9.9999976e-01
        92    9.9999976e-01
        93    9.9999976e-01
        94    9.9999976e-01
        95    9.9999976e-01
        96    9.9999976e-01
        97    9.9999976e-01
        98    9.9999976e-01
        99    9.9999976e-01
       100    9.9999976e-01
       101    9.9999976e-01
       102    9.9999976e-01
       103    9.9999976e-01
       104    9.9999976e-01
       105    9.9999976e-01
       106    9.9999976e-01
       107    9.9999976e-01
       108    9.9999976e-01
       109    9.9999976e-01
       110    9.9999976e-01
       111    9.9999976e-01
       112    9.9999976e-01
       113    9.9999976e-01
       114    9.9999976e-01
       115    9.9999976e-01
       116    9.9999970e-01
       117    9.9999958e-01
       118    9.9999934e-01
       119    9.9999887e-01
       120    9.9999803e-01
       121    9.9999666e-01
       122    9.9999422e-01
       123    9.9998999e-01
       124    9.9998266e-01
       125    9.9997002e-01
       126    9.9994808e-01
       127    9.9991000e-01
       128    9.9984413e-01
       129    9.9972993e-01
       130    9.9953222e-01
       131    9.9918973e-01
       132    9.9859685e-01
       133    9.9757105e-01
       134    9.9579817e-01
       135    9.9273962e-01
       136    9.8748034e-01
       137    9.7848696e-01
       138    9.6325475e-01
       139    9.3787193e-01
       140    8.9671069e-01
       141    8.3286852e-01
       142    7.4051929e-01
       143    6.1990958e-01
       144    4.8226976e-01
       145    3.4766078e-01
       146    2.3429728e-01
       147    1.4992896e-01
       148    9.2555366e-02
       149    5.5823315e-02
       150    3.3186942e-02
       151    1.9558683e-02
       152    1.1467503e-02
       153    6.7031914e-03
       154    3.9113644e-03
       155    2.2799908e-03
       156    1.3282694e-03
       157    7.7356800e-04
       158    4.5043789e-04
       159    2.6226067e-04
       160    1.5269165e-04
       161    8.8898421e-05
       162    5.1757939e-05
       163    3.0134805e-05
       164    1.7545704e-05
       165    1.0216114e-05
       166    5.9485892e-06
       167    3.4638265e-06
       168    2.0170307e-06
       169    1.1745817e-06
       170    6.8401948e-07
       171    3.9835319e-07
       172    2.3199721e-07
       173    1.3511759e-07
       174    7.8696566e-08
       175    4.5836817e-08
       176    2.6698565e-08
       177    1.5551642e-08
       178    9.0589847e-09
       179    5.2771290e-09
       180    3.0741916e-09
       181    1.7909323e-09
       182    1.0433799e-09
       183    6.0788441e-10
       184    3.5417241e-10
       185    2.0635914e-10
       186    1.2023973e-10
       187    7.0062844e-11
       188    4.0826578e-11
       189    2.3791058e-11
       190    1.3864371e-11
       191    8.0798311e-12
       192    4.7089082e-12
       193    2.7444416e-12
       194    1.5995718e-12
       195    9.3232973e-13
       196    5.4343991e-13
       197    3.1677417e-13
       198    1.8465638e-13
       199    1.0764537e-13
       200    6.2754218e-14
       201    3.6585352e-14
       202    2.1329877e-14
       203    1.2436161e-14
       204    7.2510586e-15
       205    4.2279870e-15
       206    2.4653762e-15
       207    1.4376401e-15
       208    8.3836817e-16
       209    4.8891917e-16
       210    2.8513943e-16
       211    1.6630126e-16
       212    9.6995582e-17
       213    5.6575289e-17
       214    3.3000470e-17
       215    1.9250064e-17
       216    1.1229570e-17
       217    6.5510839e-18
       218    3.8219276e-18
       219    2.2298273e-18
       220    1.3010070e-18
       221    7.5911564e-19
       222    4.4295165e-19
       223    2.5847887e-19
       224    1.5083923e-19
       225    8.8028716e-20
       226    5.1375429e-20
       227    2.9985265e-20
       228    1.7501764e-20
       229    1.0215921e-20
       230    5.9634193e-21
       231    3.4812526e-21
       232    2.0323494e-21
       233    1.1865449e-21
       234    6.9277674e-22
       235    4.0450700e-22
       236    2.3620151e-22
       237    1.3793155e-22
       238    8.0550682e-23
       239    4.7043521e-23
       240    2.7476148e-23
       241    1.6048618e-23
       242    9.3744475e-24
       243    5.4762144e-24
       244    3.1992086e-24
       245    1.8691020e-24
       246    1.0920784e-24
       247    6.3813148e-25
       248    3.7292029e-25
       249    2.1797738e-25
       250    1.2747132e-25
       251    7.4637464e-26
       252    4.3855579e-26
       253    2.6027350e-26
       254    1.5884511e-26
       255    1.0430522e-26
       256    8.0544070e-27
