         1    9.9999976e-01
         2    9.9999976e-01
         3    9.9999976e-01
         4    9.9999976e-01
         5    9.9999976e-01
         6    9.9999976e-01
         7    9.9999976e-01
         8    9.9999976e-01
         9    9.9999976e-01
        10    9.9999976e-01
        11    9.9999976e-01
        12    9.9999976e-01
        13    9.9999976e-01
        14    9.9999976e-01
        15    9.9999976e-01
        16    9.9999976e-01
        17    9.9999976e-01
        18    9.9999976e-01
        19    9.9999976e-01
        20    9.9999976e-01
        21    9.9999976e-01
        22    9.9999976e-01
        23    9.9999976e-01
        24    9.9999976e-01
        25    9.9999976e-01
        26    9.9999976e-01
        27    9.9999976e-01
        28    9.9999976e-01
        29    9.9999976e-01
        30    9.9999976e-01
        31    9.9999970e-01
        32    9.9999964e-01
        33    9.9999940e-01
        34    9.9999899e-01
        35    9.9999833e-01
        36    9.9999708e-01
        37    9.9999499e-01
        38    9.9999136e-01
        39    9.9998504e-01
        40    9.9997413e-01
        41    9.9995536e-01
        42    9.9992293e-01
        43    9.9986684e-01
        44    9.9976993e-01
        45    9.9960244e-01
        46    9.9931288e-01
        47    9.9881244e-01
        48    9.9794781e-01
        49    9.9645519e-01
        50    9.9388212e-01
        51    9.8945779e-01
        52    9.8188519e-01
        53    9.6902609e-01
        54    9.4748503e-01
        55    9.1221917e-01
        56    8.5663152e-01
        57    7.7414608e-01
        58    6.6236502e-01
        59    5.2861434e-01
        60    3.9084837e-01
        61    2.6913899e-01
        62    1.7504612e-01
        63    1.0929735e-01
        64    6.6432104e-02
        65    3.9703459e-02
        66    2.3488238e-02
        67    1.3812000e-02
        68    8.0937333e-03
        69    4.7335392e-03
        70    2.7653971e-03
        71    1.6147036e-03
        72    9.4259798e-04
        73    5.5022165e-04
        74    3.2119799e-04
        75    1.8752515e-04
        76    1.0950006e-04
        77    6.3951018e-05
        78    3.7356429e-05
        79    2.1825912e-05
        80    1.2754745e-05
        81    7.4553172e-06
        82    4.3587070e-06
        83    2.5488755e-06
        84    1.4908744e-06
        85    8.7224254e-07
        86    5.1043395e-07
        87    2.9877918e-07
        88    1.7493319e-07
        89    1.0244906e-07
        90    6.0015097e-08
        91    3.5166806e-08
        92    2.0612392e-08
        93    1.2085104e-08
        94    7.0876536e-09
        95    4.1580370e-09
        96    2.4401239e-09
        97    1.4324417e-09
        98    8.4117768e-10
        99    4.9413801e-10
       100    2.9037736e-10
       101    1.7070072e-10
       102    1.0038530e-10
       103    5.9056961e-11
       104    3.4756982e-11
       105    2.0463818e-11
       106    1.2053361e-11
       107    7.1024710e-12
       108    4.1869047e-12
       109    2.4692258e-12
       110    1.4568472e-12
       111    8.5991029e-13
       112    5.0778267e-13
       113    2.9997633e-13
       114    1.7728755e-13
       115    1.0482100e-13
       116    6.2000128e-14
       117    3.6686423e-14
       118    2.1715985e-14
       119    1.2858983e-14
       120    7.6168735e-15
       121    4.5131389e-15
       122    2.6748521e-15
       123    1.5857171e-15
       124    9.4024511e-16
       125    5.5760777e-16
       126    3.3072780e-16
       127    1.9617656e-16
       128    1.1636899e-16
       129    6.9027024e-17
       130    4.0942062e-17
       131    2.4280907e-17
       132    1.4397259e-17
       133    8.5347056e-18
       134    5.0578347e-18
       135    2.9962692e-18
       136    1.7742282e-18
       137    1.0500795e-18
       138    6.2114119e-19
       139    3.6718488e-19
       140    2.1690834e-19
       141    1.2803687e-19
       142    7.5514688e-20
       143    4.4497473e-20
       144    2.6194900e-20
       145    1.5404423e-20
       146    9.0488042e-21
       147    5.3091352e-21
       148    3.1110927e-21
       149    1.8206585e-21
       150    1.0639966e-21
       151    6.2089498e-22
       152    3.6176967e-22
       153    2.1045172e-22
       154    1.2222201e-22
       155    7.0858737e-23
       156    4.1006725e-23
       157    2.3686746e-23
       158    1.3655747e-23
       159    7.8569994e-24
       160    4.5112908e-24
       161    2.5847578e-24
       162    1.4776999e-24
       163    8.4289354e-25
       164    4.7968102e-25
       165    2.7233236e-25
       166    1.5423643e-25
       167    8.7134525e-26
       168    4.9100299e-26
       169    2.7595874e-26
       170    1.5468435e-26
       171    8.6470380e-27
       172    4.8204139e-27
       173    2.6796309e-27
       174    1.4853115e-27
       175    8.2090116e-28
       176    4.5234976e-28
       177    2.4851237e-28
       178    1.3611074e-28
       179    7.4317075e-29
       180    4.0449976e-29
       181    2.1946419e-29
       182    1.1868819e-29
       183    6.3978377e-30
       184    3.4373561e-30
       185    1.8406274e-30
       186    9.8229555e-31
       187    5.2244273e-31
       188    2.7691170e-31
       189    1.4626365e-31
       190    7.6985811e-32
       191    4.0378619e-32
       192    2.1103103e-32
       193    1.0989637e-32
       194    5.7023124e-33
       195    2.9480728e-33
       196    1.5185676e-33
       197    7.7934256e-34
       198    3.9848404e-34
       199    2.0298880e-34
       200    1.0301543e-34
       201    5.2082596e-35
       202    2.6232169e-35
       203    1.3161898e-35
       204    6.5786587e-36
       205    3.2755383e-36
       206    1.6246013e-36
       207    8.0264268e-37
       208    3.9500420e-37
       209    1.9363243e-37
       210    9.4546325e-38
       211    4.5982729e-38
       212    2.2275214e-38
       213    1.0747806e-38
       214    5.1651441e-39
       215    2.4723165e-39
       216    1.1786335e-39
       217    5.5963096e-40
       218    2.6464643e-40
       219    1.2464410e-40
       220    5.8466376e-41
       221    2.7314110e-41
       222    1.2708376e-41
       223    5.8896574e-42
       224    2.7185190e-42
       225    1.2499582e-42
       226    5.7172977e-43
       227    2.6064151e-43
       228    1.1770907e-43
       229    5.3249342e-44
       230    2.3822074e-44
       231    1.1210388e-44
       232    4.2038954e-45
       233    0.0000000e+00
       234    0.0000000e+00
       235    0.0000000e+00
       236    0.0000000e+00
       237    0.0000000e+00
       238    0.0000000e+00
       239    0.0000000e+00
       240    0.0000000e+00
       241    0.0000000e+00
       242    0.0000000e+00
       243    0.0000000e+00
       244    0.0000000e+00
       245    0.0000000e+00
       246    0.0000000e+00
       247    0.0000000e+00
       248    0.0000000e+00
       249    0.0000000e+00
       250    0.0000000e+00
       251    0.0000000e+00
       252    0.0000000e+00
       253    0.0000000e+00
       254    0.0000000e+00
       255    0.0000000e+00
       256    0.0000000e+00
