         1    9.9999976e-01
         2    9.9999976e-01
         3    9.9999976e-01
         4    9.9999976e-01
         5    9.9999976e-01
         6    9.9999976e-01
         7    9.9999976e-01
         8    9.9999976e-01
         9    9.9999976e-01
        10    9.9999976e-01
        11    9.9999976e-01
        12    9.9999976e-01
        13    9.9999976e-01
        14    9.9999976e-01
        15    9.9999976e-01
        16    9.9999976e-01
        17    9.9999976e-01
        18    9.9999976e-01
        19    9.9999976e-01
        20    9.9999976e-01
        21    9.9999976e-01
        22    9.9999976e-01
        23    9.9999976e-01
        24    9.9999976e-01
        25    9.9999976e-01
        26    9.9999976e-01
        27    9.9999976e-01
        28    9.9999976e-01
        29    9.9999976e-01
        30    9.9999976e-01
        31    9.9999976e-01
        32    9.9999976e-01
        33    9.9999976e-01
        34    9.9999976e-01
        35    9.9999976e-01
        36    9.9999976e-01
        37    9.9999976e-01
        38    9.9999976e-01
        39    9.9999976e-01
        40    9.9999976e-01
        41    9.9999976e-01
        42    9.9999976e-01
        43    9.9999976e-01
        44    9.9999976e-01
        45    9.9999976e-01
        46    9.9999976e-01
        47    9.9999976e-01
        48    9.9999976e-01
        49    9.9999976e-01
        50    9.9999976e-01
        51    9.9999976e-01
        52    9.9999976e-01
        53    9.9999976e-01
        54    9.9999976e-01
        55    9.9999976e-01
        56    9.9999976e-01
        57    9.9999976e-01
        58    9.9999976e-01
        59    9.9999976e-01
        60    9.9999976e-01
        61    9.9999976e-01
        62    9.9999976e-01
        63    9.9999976e-01
        64    9.9999976e-01
        65    9.9999970e-01
        66    9.9999958e-01
        67    9.9999934e-01
        68    9.9999887e-01
        69    9.9999803e-01
        70    9.9999660e-01
        71    9.9999410e-01
        72    9.9998981e-01
        73    9.9998236e-01
        74    9.9996948e-01
        75    9.9994713e-01
        76    9.9990851e-01
        77    9.9984169e-01
        78    9.9972594e-01
        79    9.9952549e-01
        80    9.9917859e-01
        81    9.9857831e-01
        82    9.9754024e-01
        83    9.9574685e-01
        84    9.9265444e-01
        85    9.8733932e-01
        86    9.7825474e-01
        87    9.6287638e-01
        88    9.3726724e-01
        89    8.9577574e-01
        90    8.3149940e-01
        91    7.3867702e-01
        92    6.1771172e-01
        93    4.8001426e-01
        94    3.4568745e-01
        95    2.3279952e-01
        96    1.4891049e-01
        97    9.1914594e-02
        98    5.5440903e-02
        99    3.2966841e-02
       100    1.9435294e-02
       101    1.1399789e-02
       102    6.6667530e-03
       103    3.8921584e-03
       104    2.2701127e-03
       105    1.3233479e-03
       106    7.7122450e-04
       107    4.4939917e-04
       108    2.6185816e-04
       109    1.5258238e-04
       110    8.8911882e-05
       111    5.1813156e-05
       112    3.0196008e-05
       113    1.7599117e-05
       114    1.0258073e-05
       115    5.9796421e-06
       116    3.4859393e-06
       117    2.0323578e-06
       118    1.1849951e-06
       119    6.9098616e-07
       120    4.0295714e-07
       121    2.3500947e-07
       122    1.3707213e-07
       123    7.9955917e-08
       124    4.6643372e-08
       125    2.7212444e-08
       126    1.5877559e-08
       127    9.2648627e-09
       128    5.4067169e-09
       129    3.1554992e-09
       130    1.8418015e-09
       131    1.0751233e-09
       132    6.2764627e-10
       133    3.6644887e-10
       134    2.1397059e-10
       135    1.2495040e-10
       136    7.2973419e-11
       137    4.2622194e-11
       138    2.4897267e-11
       139    1.4544975e-11
       140    8.4980738e-12
       141    4.9656368e-12
       142    2.9018647e-12
       143    1.6960085e-12
       144    9.9135305e-13
       145    5.7953430e-13
       146    3.3882960e-13
       147    1.9812350e-13
       148    1.1586285e-13
       149    6.7765258e-14
       150    3.9639292e-14
       151    2.3190058e-14
       152    1.3568638e-14
       153    7.9401826e-15
       154    4.6471429e-15
       155    2.7202226e-15
       156    1.5925288e-15
       157    9.3247295e-16
       158    5.4607595e-16
       159    3.1984499e-16
       160    1.8736898e-16
       161    1.0978158e-16
       162    6.4333476e-17
       163    3.7707038e-17
       164    2.2104870e-17
       165    1.2960926e-17
       166    7.6009693e-18
       167    4.4585064e-18
       168    2.6157713e-18
       169    1.5349805e-18
       170    9.0095127e-19
       171    5.2892953e-19
       172    3.1059557e-19
       173    1.8243007e-19
       174    1.0717764e-19
       175    6.2982708e-20
       176    3.7021218e-20
       177    2.1766823e-20
       178    1.2801388e-20
       179    7.5307686e-21
       180    4.4314339e-21
       181    2.6084004e-21
       182    1.5357884e-21
       183    9.0451867e-22
       184    5.3288607e-22
       185    3.1403863e-22
       186    1.8512488e-22
       187    1.0916412e-22
       188    6.4391535e-23
       189    3.7993643e-23
       190    2.2424644e-23
       191    1.3239492e-23
       192    7.8189085e-24
       193    4.6189948e-24
       194    2.7294303e-24
       195    1.6133026e-24
       196    9.5383696e-25
       197    5.6408110e-25
       198    3.3366590e-25
       199    1.9741402e-25
       200    1.1682405e-25
       201    6.9145834e-26
       202    4.0932658e-26
       203    2.4234490e-26
       204    1.4349834e-26
       205    8.4976212e-27
       206    5.0323741e-27
       207    2.9803028e-27
       208    1.7650056e-27
       209    1.0452391e-27
       210    6.1894785e-28
       211    3.6647623e-28
       212    2.1695765e-28
       213    1.2841772e-28
       214    7.5993952e-29
       215    4.4959339e-29
       216    2.6590719e-29
       217    1.5721417e-29
       218    9.2915219e-30
       219    5.4890519e-30
       220    3.2411930e-30
       221    1.9128953e-30
       222    1.1283342e-30
       223    6.6516025e-31
       224    3.9186670e-31
       225    2.3070436e-31
       226    1.3572516e-31
       227    7.9787367e-32
       228    4.6866131e-32
       229    2.7505381e-32
       230    1.6128438e-32
       231    9.4485641e-33
       232    5.5299490e-33
       233    3.2332663e-33
       234    1.8884712e-33
       235    1.1018223e-33
       236    6.4213904e-34
       237    3.7380695e-34
       238    2.1734565e-34
       239    1.2621903e-34
       240    7.3207268e-35
       241    4.2405741e-35
       242    2.4531379e-35
       243    1.4172039e-35
       244    8.1760274e-36
       245    4.7101956e-36
       246    2.7096303e-36
       247    1.5564877e-36
       248    8.9277456e-37
       249    5.1134332e-37
       250    2.9250166e-37
       251    1.6719923e-37
       252    9.5679617e-38
       253    5.5124245e-38
       254    3.2522969e-38
       255    2.0588107e-38
       256    1.5454475e-38
