         1    9.9999976e-01
         2    9.9999976e-01
         3    9.9999976e-01
         4    9.9999976e-01
         5    9.9999976e-01
         6    9.9999976e-01
         7    9.9999976e-01
         8    9.9999976e-01
         9    9.9999976e-01
        10    9.9999976e-01
        11    9.9999976e-01
        12    9.9999976e-01
        13    9.9999976e-01
        14    9.9999976e-01
        15    9.9999976e-01
        16    9.9999976e-01
        17    9.9999976e-01
        18    9.9999976e-01
        19    9.9999976e-01
        20    9.9999976e-01
        21    9.9999976e-01
        22    9.9999976e-01
        23    9.9999976e-01
        24    9.9999976e-01
        25    9.9999976e-01
        26    9.9999976e-01
        27    9.9999976e-01
        28    9.9999976e-01
        29    9.9999976e-01
        30    9.9999976e-01
        31    9.9999976e-01
        32    9.9999976e-01
        33    9.9999976e-01
        34    9.9999976e-01
        35    9.9999976e-01
        36    9.9999976e-01
        37    9.9999976e-01
        38    9.9999976e-01
        39    9.9999976e-01
        40    9.9999976e-01
        41    9.9999976e-01
        42    9.9999976e-01
        43    9.9999976e-01
        44    9.9999976e-01
        45    9.9999976e-01
        46    9.9999976e-01
        47    9.9999976e-01
        48    9.9999976e-01
        49    9.9999976e-01
        50    9.9999976e-01
        51    9.9999976e-01
        52    9.9999976e-01
        53    9.9999976e-01
        54    9.9999976e-01
        55    9.9999976e-01
        56    9.9999976e-01
        57    9.9999976e-01
        58    9.9999976e-01
        59    9.9999976e-01
        60    9.9999976e-01
        61    9.9999976e-01
        62    9.9999976e-01
        63    9.9999976e-01
        64    9.9999976e-01
        65    9.9999976e-01
        66    9.9999976e-01
        67    9.9999976e-01
        68    9.9999976e-01
        69    9.9999976e-01
        70    9.9999976e-01
        71    9.9999976e-01
        72    9.9999976e-01
        73    9.9999976e-01
        74    9.9999976e-01
        75    9.9999976e-01
        76    9.9999976e-01
        77    9.9999976e-01
        78    9.9999976e-01
        79    9.9999976e-01
        80    9.9999976e-01
        81    9.9999976e-01
        82    9.9999976e-01
        83    9.9999976e-01
        84    9.9999976e-01
        85    9.9999976e-01
        86    9.9999976e-01
        87    9.9999976e-01
        88    9.9999976e-01
        89    9.9999976e-01
        90    9.9999976e-01
        91    9.9999976e-01
        92    9.9999976e-01
        93    9.9999976e-01
        94    9.9999976e-01
        95    9.9999976e-01
        96    9.9999976e-01
        97    9.9999976e-01
        98    9.9999976e-01
        99    9.9999976e-01
       100    9.9999976e-01
       101    9.9999976e-01
       102    9.9999976e-01
       103    9.9999976e-01
       104    9.9999976e-01
       105    9.9999976e-01
       106    9.9999976e-01
       107    9.9999976e-01
       108    9.9999976e-01
       109    9.9999976e-01
       110    9.9999976e-01
       111    9.9999976e-01
       112    9.9999976e-01
       113    9.9999976e-01
       114    9.9999976e-01
       115    9.9999976e-01
       116    9.9999976e-01
       117    9.9999976e-01
       118    9.9999976e-01
       119    9.9999976e-01
       120    9.9999976e-01
       121    9.9999976e-01
       122    9.9999976e-01
       123    9.9999976e-01
       124    9.9999976e-01
       125    9.9999976e-01
       126    9.9999976e-01
       127    9.9999976e-01
       128    9.9999976e-01
       129    9.9999976e-01
       130    9.9999976e-01
       131    9.9999976e-01
       132    9.9999976e-01
       133    9.9999970e-01
       134    9.9999958e-01
       135    9.9999934e-01
       136    9.9999893e-01
       137    9.9999815e-01
       138    9.9999684e-01
       139    9.9999452e-01
       140    9.9999046e-01
       141    9.9998349e-01
       142    9.9997139e-01
       143    9.9995041e-01
       144    9.9991405e-01
       145    9.9985111e-01
       146    9.9974203e-01
       147    9.9955314e-01
       148    9.9922585e-01
       149    9.9865931e-01
       150    9.9767888e-01
       151    9.9598408e-01
       152    9.9305964e-01
       153    9.8802882e-01
       154    9.7942084e-01
       155    9.6482611e-01
       156    9.4046360e-01
       157    9.0084523e-01
       158    8.3911765e-01
       159    7.4920982e-01
       160    6.3064551e-01
       161    4.9369889e-01
       162    3.5804445e-01
       163    2.4248679e-01
       164    1.5572326e-01
       165    9.6359059e-02
       166    5.8202568e-02
       167    3.4631409e-02
       168    2.0419950e-02
       169    1.1975539e-02
       170    7.0009576e-03
       171    4.0852274e-03
       172    2.3812780e-03
       173    1.3871947e-03
       174    8.0781936e-04
       175    4.7033606e-04
       176    2.7381603e-04
       177    1.5940028e-04
       178    9.2792368e-05
       179    5.4017713e-05
       180    3.1446001e-05
       181    1.8306384e-05
       182    1.0657350e-05
       183    6.2044919e-06
       184    3.6122196e-06
       185    2.1030678e-06
       186    1.2244578e-06
       187    7.1292834e-07
       188    4.1510646e-07
       189    2.4170450e-07
       190    1.4074134e-07
       191    8.1954028e-08
       192    4.7723319e-08
       193    2.7790909e-08
       194    1.6184028e-08
       195    9.4250208e-09
       196    5.4889568e-09
       197    3.1967535e-09
       198    1.8618316e-09
       199    1.0843851e-09
       200    6.3159489e-10
       201    3.6787953e-10
       202    2.1428151e-10
       203    1.2481760e-10
       204    7.2707465e-11
       205    4.2353988e-11
       206    2.4672991e-11
       207    1.4373466e-11
       208    8.3736238e-12
       209    4.8784037e-12
       210    2.8421980e-12
       211    1.6559354e-12
       212    9.6481688e-13
       213    5.6215861e-13
       214    3.2755591e-13
       215    1.9086428e-13
       216    1.1121837e-13
       217    6.4809879e-14
       218    3.7767539e-14
       219    2.2009443e-14
       220    1.2826625e-14
       221    7.4753021e-15
       222    4.3567055e-15
       223    2.5392231e-15
       224    1.4799831e-15
       225    8.6263281e-16
       226    5.0281543e-16
       227    2.9309256e-16
       228    1.7084983e-16
       229    9.9595113e-17
       230    5.8059767e-17
       231    3.3847483e-17
       232    1.9732925e-17
       233    1.1504577e-17
       234    6.7075509e-18
       235    3.9108541e-18
       236    2.2803086e-18
       237    1.3296281e-18
       238    7.7532068e-19
       239    4.5211330e-19
       240    2.6365017e-19
       241    1.5375310e-19
       242    8.9667451e-20
       243    5.2295114e-20
       244    3.0500230e-20
       245    1.7789403e-20
       246    1.0376183e-20
       247    6.0525234e-21
       248    3.5307845e-21
       249    2.0600632e-21
       250    1.2024799e-21
       251    7.0274022e-22
       252    4.1209715e-22
       253    2.4405289e-22
       254    1.4860275e-22
       255    9.7347241e-23
       256    7.5037787e-23
