         1    9.9999976e-01
         2    9.9999976e-01
         3    9.9999976e-01
         4    9.9999976e-01
         5    9.9999976e-01
         6    9.9999976e-01
         7    9.9999976e-01
         8    9.9999976e-01
         9    9.9999976e-01
        10    9.9999976e-01
        11    9.9999976e-01
        12    9.9999976e-01
        13    9.9999976e-01
        14    9.9999976e-01
        15    9.9999976e-01
        16    9.9999976e-01
        17    9.9999976e-01
        18    9.9999976e-01
        19    9.9999976e-01
        20    9.9999976e-01
        21    9.9999976e-01
        22    9.9999976e-01
        23    9.9999976e-01
        24    9.9999976e-01
        25    9.9999976e-01
        26    9.9999976e-01
        27    9.9999976e-01
        28    9.9999976e-01
        29    9.9999976e-01
        30    9.9999976e-01
        31    9.9999976e-01
        32    9.9999976e-01
        33    9.9999976e-01
        34    9.9999976e-01
        35    9.9999976e-01
        36    9.9999976e-01
        37    9.9999976e-01
        38    9.9999976e-01
        39    9.9999976e-01
        40    9.9999976e-01
        41    9.9999976e-01
        42    9.9999976e-01
        43    9.9999976e-01
        44    9.9999976e-01
        45    9.9999976e-01
        46    9.9999976e-01
        47    9.9999976e-01
        48    9.9999976e-01
        49    9.9999976e-01
        50    9.9999976e-01
        51    9.9999976e-01
        52    9.9999976e-01
        53    9.9999976e-01
        54    9.9999976e-01
        55    9.9999976e-01
        56    9.9999976e-01
        57    9.9999976e-01
        58    9.9999976e-01
        59    9.9999976e-01
        60    9.9999976e-01
        61    9.9999976e-01
        62    9.9999976e-01
        63    9.9999976e-01
        64    9.9999976e-01
        65    9.9999976e-01
        66    9.9999976e-01
        67    9.9999976e-01
        68    9.9999976e-01
        69    9.9999976e-01
        70    9.9999976e-01
        71    9.9999976e-01
        72    9.9999976e-01
        73    9.9999976e-01
        74    9.9999976e-01
        75    9.9999976e-01
        76    9.9999976e-01
        77    9.9999976e-01
        78    9.9999976e-01
        79    9.9999976e-01
        80    9.9999976e-01
        81    9.9999976e-01
        82    9.9999976e-01
        83    9.9999976e-01
        84    9.9999976e-01
        85    9.9999976e-01
        86    9.9999976e-01
        87    9.9999976e-01
        88    9.9999976e-01
        89    9.9999976e-01
        90    9.9999976e-01
        91    9.9999964e-01
        92    9.9999946e-01
        93    9.9999911e-01
        94    9.9999851e-01
        95    9.9999738e-01
        96    9.9999547e-01
        97    9.9999213e-01
        98    9.9998635e-01
        99    9.9997640e-01
       100    9.9995911e-01
       101    9.9992913e-01
       102    9.9987727e-01
       103    9.9978739e-01
       104    9.9963176e-01
       105    9.9936229e-01
       106    9.9889570e-01
       107    9.9808842e-01
       108    9.9669248e-01
       109    9.9428248e-01
       110    9.9013209e-01
       111    9.8301584e-01
       112    9.7090596e-01
       113    9.5056248e-01
       114    9.1712302e-01
       115    8.6410159e-01
       116    7.8473932e-01
       117    6.7588109e-01
       118    5.4361272e-01
       119    4.0505645e-01
       120    2.8072155e-01
       121    1.8340896e-01
       122    1.1483140e-01
       123    6.9887221e-02
       124    4.1781317e-02
       125    2.4708237e-02
       126    1.4517156e-02
       127    8.4969187e-03
       128    4.9622045e-03
       129    2.8942151e-03
       130    1.6868269e-03
       131    9.8273088e-04
       132    5.7240739e-04
       133    3.3337300e-04
       134    1.9415031e-04
       135    1.1306925e-04
       136    6.5850523e-05
       137    3.8351976e-05
       138    2.2337439e-05
       139    1.3010619e-05
       140    7.5784892e-06
       141    4.4145672e-06
       142    2.5716674e-06
       143    1.4981766e-06
       144    8.7283649e-07
       145    5.0853936e-07
       146    2.9630445e-07
       147    1.7265289e-07
       148    1.0060779e-07
       149    5.8628888e-08
       150    3.4167563e-08
       151    1.9913099e-08
       152    1.1606098e-08
       153    6.7648207e-09
       154    3.9432031e-09
       155    2.2986084e-09
       156    1.3399971e-09
       157    7.8120671e-10
       158    4.5546122e-10
       159    2.6555863e-10
       160    1.5484354e-10
       161    9.0292072e-11
       162    5.2653857e-11
       163    3.0706829e-11
       164    1.7908706e-11
       165    1.0445231e-11
       166    6.0925167e-12
       167    3.5538614e-12
       168    2.0731442e-12
       169    1.2094393e-12
       170    7.0560951e-13
       171    4.1169048e-13
       172    2.4021686e-13
       173    1.4017249e-13
       174    8.1799171e-14
       175    4.7737777e-14
       176    2.7861404e-14
       177    1.6261911e-14
       178    9.4922315e-15
       179    5.5410693e-15
       180    3.2348017e-15
       181    1.8885608e-15
       182    1.1026658e-15
       183    6.4385325e-16
       184    3.7597617e-16
       185    2.1956576e-16
       186    1.2823314e-16
       187    7.4897571e-17
       188    4.3748941e-17
       189    2.5556430e-17
       190    1.4930218e-17
       191    8.7230034e-18
       192    5.0968334e-18
       193    2.9783099e-18
       194    1.7405042e-18
       195    1.0172240e-18
       196    5.9455933e-19
       197    3.4754536e-19
       198    2.0317315e-19
       199    1.1878466e-19
       200    6.9453555e-20
       201    4.0613415e-20
       202    2.3751238e-20
       203    1.3891390e-20
       204    8.1254751e-21
       205    4.7533134e-21
       206    2.7809279e-21
       207    1.6271581e-21
       208    9.5217687e-22
       209    5.5725569e-22
       210    3.2616821e-22
       211    1.9093270e-22
       212    1.1178199e-22
       213    6.5451202e-23
       214    3.8328255e-23
       215    2.2448003e-23
       216    1.3149071e-23
       217    7.7032299e-24
       218    4.5134917e-24
       219    2.6449425e-24
       220    1.5501918e-24
       221    9.0870327e-25
       222    5.3275573e-25
       223    3.1239602e-25
       224    1.8321297e-25
       225    1.0746880e-25
       226    6.3050152e-26
       227    3.6997265e-26
       228    2.1713758e-26
       229    1.2746312e-26
       230    7.4837693e-27
       231    4.3948581e-27
       232    2.5814287e-27
       233    1.5165909e-27
       234    8.9119346e-28
       235    5.2380889e-28
       236    3.0794500e-28
       237    1.8108182e-28
       238    1.0650742e-28
       239    6.2659926e-29
       240    3.6872838e-29
       241    2.1703581e-29
       242    1.2778080e-29
       243    7.5250657e-30
       244    4.4326812e-30
       245    2.6117728e-30
       246    1.5392852e-30
       247    9.0745051e-31
       248    5.3513341e-31
       249    3.1570419e-31
       250    1.8638222e-31
       251    1.1020431e-31
       252    6.5418541e-32
       253    3.9249066e-32
       254    2.4237537e-32
       255    1.6109224e-32
       256    1.2551090e-32
