         1    9.9999976e-01
         2    9.9999976e-01
         3    9.9999976e-01
         4    9.9999976e-01
         5    9.9999976e-01
         6    9.9999976e-01
         7    9.9999976e-01
         8    9.9999976e-01
         9    9.9999976e-01
        10    9.9999976e-01
        11    9.9999976e-01
        12    9.9999976e-01
        13    9.9999976e-01
        14    9.9999976e-01
        15    9.9999976e-01
        16    9.9999976e-01
        17    9.9999976e-01
        18    9.9999976e-01
        19    9.9999976e-01
        20    9.9999976e-01
        21    9.9999976e-01
        22    9.9999976e-01
        23    9.9999976e-01
        24    9.9999976e-01
        25    9.9999976e-01
        26    9.9999976e-01
        27    9.9999976e-01
        28    9.9999976e-01
        29    9.9999976e-01
        30    9.9999976e-01
        31    9.9999976e-01
        32    9.9999976e-01
        33    9.9999976e-01
        34    9.9999976e-01
        35    9.9999976e-01
        36    9.9999976e-01
        37    9.9999976e-01
        38    9.9999976e-01
        39    9.9999976e-01
        40    9.9999976e-01
        41    9.9999976e-01
        42    9.9999976e-01
        43    9.9999976e-01
        44    9.9999976e-01
        45    9.9999976e-01
        46    9.9999976e-01
        47    9.9999976e-01
        48    9.9999976e-01
        49    9.9999976e-01
        50    9.9999976e-01
        51    9.9999976e-01
        52    9.9999976e-01
        53    9.9999976e-01
        54    9.9999976e-01
        55    9.9999976e-01
        56    9.9999976e-01
        57    9.9999976e-01
        58    9.9999976e-01
        59    9.9999976e-01
        60    9.9999976e-01
        61    9.9999976e-01
        62    9.9999976e-01
        63    9.9999976e-01
        64    9.9999976e-01
        65    9.9999976e-01
        66    9.9999976e-01
        67    9.9999976e-01
        68    9.9999976e-01
        69    9.9999976e-01
        70    9.9999976e-01
        71    9.9999976e-01
        72    9.9999976e-01
        73    9.9999976e-01
        74    9.9999976e-01
        75    9.9999976e-01
        76    9.9999976e-01
        77    9.9999976e-01
        78    9.9999976e-01
        79    9.9999976e-01
        80    9.9999976e-01
        81    9.9999976e-01
        82    9.9999976e-01
        83    9.9999976e-01
        84    9.9999976e-01
        85    9.9999976e-01
        86    9.9999976e-01
        87    9.9999976e-01
        88    9.9999976e-01
        89    9.9999976e-01
        90    9.9999976e-01
        91    9.9999976e-01
        92    9.9999976e-01
        93    9.9999976e-01
        94    9.9999976e-01
        95    9.9999976e-01
        96    9.9999976e-01
        97    9.9999976e-01
        98    9.9999976e-01
        99    9.9999976e-01
       100    9.9999976e-01
       101    9.9999976e-01
       102    9.9999976e-01
       103    9.9999976e-01
       104    9.9999976e-01
       105    9.9999976e-01
       106    9.9999976e-01
       107    9.9999976e-01
       108    9.9999976e-01
       109    9.9999976e-01
       110    9.9999976e-01
       111    9.9999976e-01
       112    9.9999976e-01
       113    9.9999976e-01
       114    9.9999976e-01
       115    9.9999976e-01
       116    9.9999976e-01
       117    9.9999976e-01
       118    9.9999976e-01
       119    9.9999976e-01
       120    9.9999976e-01
       121    9.9999976e-01
       122    9.9999976e-01
       123    9.9999976e-01
       124    9.9999976e-01
       125    9.9999976e-01
       126    9.9999976e-01
       127    9.9999976e-01
       128    9.9999976e-01
       129    9.9999976e-01
       130    9.9999976e-01
       131    9.9999976e-01
       132    9.9999976e-01
       133    9.9999976e-01
       134    9.9999976e-01
       135    9.9999976e-01
       136    9.9999976e-01
       137    9.9999976e-01
       138    9.9999976e-01
       139    9.9999976e-01
       140    9.9999976e-01
       141    9.9999976e-01
       142    9.9999976e-01
       143    9.9999976e-01
       144    9.9999976e-01
       145    9.9999976e-01
       146    9.9999976e-01
       147    9.9999976e-01
       148    9.9999976e-01
       149    9.9999976e-01
       150    9.9999976e-01
       151    9.9999976e-01
       152    9.9999976e-01
       153    9.9999976e-01
       154    9.9999976e-01
       155    9.9999976e-01
       156    9.9999976e-01
       157    9.9999976e-01
       158    9.9999976e-01
       159    9.9999976e-01
       160    9.9999976e-01
       161    9.9999976e-01
       162    9.9999976e-01
       163    9.9999976e-01
       164    9.9999976e-01
       165    9.9999976e-01
       166    9.9999976e-01
       167    9.9999976e-01
       168    9.9999976e-01
       169    9.9999976e-01
       170    9.9999976e-01
       171    9.9999976e-01
       172    9.9999976e-01
       173    9.9999976e-01
       174    9.9999976e-01
       175    9.9999976e-01
       176    9.9999976e-01
       177    9.9999976e-01
       178    9.9999976e-01
       179    9.9999976e-01
       180    9.9999976e-01
       181    9.9999976e-01
       182    9.9999976e-01
       183    9.9999976e-01
       184    9.9999976e-01
       185    9.9999976e-01
       186    9.9999976e-01
       187    9.9999976e-01
       188    9.9999976e-01
       189    9.9999976e-01
       190    9.9999976e-01
       191    9.9999976e-01
       192    9.9999976e-01
       193    9.9999976e-01
       194    9.9999976e-01
       195    9.9999976e-01
       196    9.9999976e-01
       197    9.9999976e-01
       198    9.9999976e-01
       199    9.9999976e-01
       200    9.9999976e-01
       201    9.9999976e-01
       202    9.9999964e-01
       203    9.9999952e-01
       204    9.9999923e-01
       205    9.9999863e-01
       206    9.9999762e-01
       207    9.9999589e-01
       208    9.9999291e-01
       209    9.9998778e-01
       210    9.9997878e-01
       211    9.9996322e-01
       212    9.9993628e-01
       213    9.9988955e-01
       214    9.9980855e-01
       215    9.9966830e-01
       216    9.9942523e-01
       217    9.9900424e-01
       218    9.9827534e-01
       219    9.9701440e-01
       220    9.9483597e-01
       221    9.9108112e-01
       222    9.8463464e-01
       223    9.7364283e-01
       224    9.5511913e-01
       225    9.2451519e-01
       226    8.7559128e-01
       227    8.0142581e-01
       228    6.9778830e-01
       229    5.6872922e-01
       230    4.2966634e-01
       231    3.0142015e-01
       232    1.9876269e-01
       233    1.2523079e-01
       234    7.6518096e-02
       235    4.5851272e-02
       236    2.7148724e-02
       237    1.5960097e-02
       238    9.3428679e-03
       239    5.4556224e-03
       240    3.1811059e-03
       241    1.8533025e-03
       242    1.0792043e-03
       243    6.2826183e-04
       244    3.6568756e-04
       245    2.1283519e-04
       246    1.2386817e-04
       247    7.2089788e-05
       248    4.1956984e-05
       249    2.4422612e-05
       250    1.4221642e-05
       251    8.2909310e-06
       252    4.8496136e-06
       253    2.8643553e-06
       254    1.7390564e-06
       255    1.1358428e-06
       256    8.7360303e-07
