         1    9.9999976e-01
         2    9.9999976e-01
         3    9.9999976e-01
         4    9.9999976e-01
         5    9.9999976e-01
         6    9.9999976e-01
         7    9.9999976e-01
         8    9.9999976e-01
         9    9.9999976e-01
        10    9.9999976e-01
        11    9.9999976e-01
        12    9.9999976e-01
        13    9.9999976e-01
        14    9.9999976e-01
        15    9.9999976e-01
        16    9.9999976e-01
        17    9.9999976e-01
        18    9.9999976e-01
        19    9.9999976e-01
        20    9.9999976e-01
        21    9.9999976e-01
        22    9.9999976e-01
        23    9.9999976e-01
        24    9.9999976e-01
        25    9.9999976e-01
        26    9.9999976e-01
        27    9.9999976e-01
        28    9.9999976e-01
        29    9.9999976e-01
        30    9.9999976e-01
        31    9.9999976e-01
        32    9.9999976e-01
        33    9.9999976e-01
        34    9.9999976e-01
        35    9.9999976e-01
        36    9.9999976e-01
        37    9.9999976e-01
        38    9.9999976e-01
        39    9.9999976e-01
        40    9.9999976e-01
        41    9.9999976e-01
        42    9.9999976e-01
        43    9.9999976e-01
        44    9.9999976e-01
        45    9.9999976e-01
        46    9.9999976e-01
        47    9.9999976e-01
        48    9.9999976e-01
        49    9.9999976e-01
        50    9.9999976e-01
        51    9.9999976e-01
        52    9.9999976e-01
        53    9.9999976e-01
        54    9.9999976e-01
        55    9.9999976e-01
        56    9.9999976e-01
        57    9.9999964e-01
        58    9.9999946e-01
        59    9.9999917e-01
        60    9.9999851e-01
        61    9.9999750e-01
        62    9.9999565e-01
        63    9.9999243e-01
        64    9.9998689e-01
        65    9.9997735e-01
        66    9.9996078e-01
        67    9.9993211e-01
        68    9.9988252e-01
        69    9.9979669e-01
        70    9.9964809e-01
        71    9.9939090e-01
        72    9.9894583e-01
        73    9.9817604e-01
        74    9.9684554e-01
        75    9.9454898e-01
        76    9.9059445e-01
        77    9.8381287e-01
        78    9.7226650e-01
        79    9.5284683e-01
        80    9.2085558e-01
        81    8.6993629e-01
        82    7.9324698e-01
        83    6.8707526e-01
        84    5.5645686e-01
        85    4.1764736e-01
        86    2.9132715e-01
        87    1.9130251e-01
        88    1.2020704e-01
        89    7.3340148e-02
        90    4.3919921e-02
        91    2.6004203e-02
        92    1.5292582e-02
        93    8.9575751e-03
        94    5.2348101e-03
        95    3.0552270e-03
        96    1.7818516e-03
        97    1.0388041e-03
        98    6.0550327e-04
        99    3.5291567e-04
       100    2.0569633e-04
       101    1.1989488e-04
       102    6.9888134e-05
       103    4.0741874e-05
       104    2.3752913e-05
       105    1.3849475e-05
       106    8.0759155e-06
       107    4.7096983e-06
       108    2.7468698e-06
       109    1.6022385e-06
       110    9.3467577e-07
       111    5.4530551e-07
       112    3.1817376e-07
       113    1.8566706e-07
       114    1.0835571e-07
       115    6.3243490e-08
       116    3.6917079e-08
       117    2.1551967e-08
       118    1.2583319e-08
       119    7.3477238e-09
       120    4.2910187e-09
       121    2.5062168e-09
       122    1.4639570e-09
       123    8.5524432e-10
       124    4.9969512e-10
       125    2.9199398e-10
       126    1.7064657e-10
       127    9.9741750e-11
       128    5.8306006e-11
       129    3.4088468e-11
       130    1.9932455e-11
       131    1.1656667e-11
       132    6.8178826e-12
       133    3.9882980e-12
       134    2.3334041e-12
       135    1.3653945e-12
       136    7.9908627e-13
       137    4.6773327e-13
       138    2.7382531e-13
       139    1.6033249e-13
       140    9.3895337e-14
       141    5.4997510e-14
       142    3.2219636e-14
       143    1.8879002e-14
       144    1.1064215e-14
       145    6.4855631e-15
       146    3.8024436e-15
       147    2.2298134e-15
       148    1.3078788e-15
       149    7.6729533e-16
       150    4.5025291e-16
       151    2.6427274e-16
       152    1.5515044e-16
       153    9.1109048e-17
       154    5.3515674e-17
       155    3.1442313e-17
       156    1.8478432e-17
       157    1.0862656e-17
       158    6.3874883e-18
       159    3.7570796e-18
       160    2.2105469e-18
       161    1.3010106e-18
       162    7.6594252e-19
       163    4.5107425e-19
       164    2.6572875e-19
       165    1.5659192e-19
       166    9.2308535e-20
       167    5.4432342e-20
       168    3.2108159e-20
       169    1.8945977e-20
       170    1.1183076e-20
       171    6.6030868e-21
       172    3.9000710e-21
       173    2.3042798e-21
       174    1.3618584e-21
       175    8.0511644e-22
       176    4.7611363e-22
       177    2.8163208e-22
       178    1.6663515e-22
       179    9.8618127e-23
       180    5.8377316e-23
       181    3.4563653e-23
       182    2.0467891e-23
       183    1.2122536e-23
       184    7.1807358e-24
       185    4.2538946e-24
       186    2.5201893e-24
       187    1.4931174e-24
       188    8.8461412e-25
       189    5.2407935e-25
       190    3.1046089e-25
       191    1.8389346e-25
       192    1.0890740e-25
       193    6.4485478e-26
       194    3.8173426e-26
       195    2.2591023e-26
       196    1.3364929e-26
       197    7.9037569e-27
       198    4.6721489e-27
       199    2.7605502e-27
       200    1.6302346e-27
       201    9.6218728e-28
       202    5.6754931e-28
       203    3.3455040e-28
       204    1.9706659e-28
       205    1.1599454e-28
       206    6.8220489e-29
       207    4.0088957e-29
       208    2.3536793e-29
       209    1.3805833e-29
       210    8.0900508e-30
       211    4.7358038e-30
       212    2.7693061e-30
       213    1.6175741e-30
       214    9.4374545e-31
       215    5.4995188e-31
       216    3.2007792e-31
       217    1.8605028e-31
       218    1.0800185e-31
       219    6.2609650e-32
       220    3.6244652e-32
       221    2.0951870e-32
       222    1.2093772e-32
       223    6.9701988e-33
       224    4.0110464e-33
       225    2.3045396e-33
       226    1.3219344e-33
       227    7.5704297e-34
       228    4.3281459e-34
       229    2.4702465e-34
       230    1.4074151e-34
       231    8.0045052e-35
       232    4.5442723e-35
       233    2.5751304e-35
       234    1.4565552e-35
       235    8.2230974e-36
       236    4.6335427e-36
       237    2.6058462e-36
       238    1.4626187e-36
       239    8.1931226e-37
       240    4.5802931e-37
       241    2.5553610e-37
       242    1.4227102e-37
       243    7.9045313e-38
       244    4.3824993e-38
       245    2.4246247e-38
       246    1.3385524e-38
       247    7.3737264e-39
       248    4.0531717e-39
       249    2.2231334e-39
       250    1.2168610e-39
       251    6.6494275e-40
       252    3.6322637e-40
       253    1.9926324e-40
       254    1.1149011e-40
       255    6.6720024e-41
       256    4.7925809e-41
