         1    9.9999976e-01
         2    9.9999976e-01
         3    9.9999976e-01
         4    9.9999976e-01
         5    9.9999976e-01
         6    9.9999976e-01
         7    9.9999976e-01
         8    9.9999976e-01
         9    9.9999976e-01
        10    9.9999976e-01
        11    9.9999976e-01
        12    9.9999976e-01
        13    9.9999976e-01
        14    9.9999976e-01
        15    9.9999976e-01
        16    9.9999976e-01
        17    9.9999976e-01
        18    9.9999976e-01
        19    9.9999976e-01
        20    9.9999976e-01
        21    9.9999976e-01
        22    9.9999976e-01
        23    9.9999970e-01
        24    9.9999952e-01
        25    9.9999928e-01
        26    9.9999881e-01
        27    9.9999791e-01
        28    9.9999642e-01
        29    9.9999386e-01
        30    9.9998945e-01
        31    9.9998182e-01
        32    9.9996865e-01
        33    9.9994594e-01
        34    9.9990684e-01
        35    9.9983925e-01
        36    9.9972260e-01
        37    9.9952120e-01
        38    9.9917334e-01
        39    9.9857271e-01
        40    9.9753606e-01
        41    9.9574834e-01
        42    9.9267048e-01
        43    9.8738772e-01
        44    9.7836941e-01
        45    9.6311843e-01
        46    9.3773949e-01
        47    8.9663470e-01
        48    8.3294266e-01
        49    7.4086916e-01
        50    6.2063324e-01
        51    4.8334342e-01
        52    3.4891269e-01
        53    2.3551032e-01
        54    1.5095758e-01
        55    9.3352772e-02
        56    5.6406710e-02
        57    3.3598345e-02
        58    1.9841993e-02
        59    1.1659539e-02
        60    6.8319091e-03
        61    3.9969166e-03
        62    2.3364690e-03
        63    1.3653412e-03
        64    7.9777976e-04
        65    4.6617939e-04
        66    2.7245312e-04
        67    1.5926617e-04
        68    9.3124414e-05
        69    5.4465534e-05
        70    3.1864358e-05
        71    1.8647434e-05
        72    1.0916108e-05
        73    6.3922762e-06
        74    3.7444322e-06
        75    2.1941332e-06
        76    1.2861470e-06
        77    7.5417626e-07
        78    4.4239877e-07
        79    2.5960802e-07
        80    1.5240175e-07
        81    8.9502251e-08
        82    5.2584134e-08
        83    3.0906996e-08
        84    1.8173758e-08
        85    1.0691112e-08
        86    6.2920975e-09
        87    3.7048125e-09
        88    2.1824220e-09
        89    1.2862217e-09
        90    7.5840262e-10
        91    4.4739618e-10
        92    2.6405464e-10
        93    1.5592083e-10
        94    9.2113192e-11
        95    5.4443262e-11
        96    3.2193415e-11
        97    1.9045177e-11
        98    1.1271741e-11
        99    6.6738490e-12
       100    3.9530362e-12
       101    2.3422982e-12
       102    1.3883431e-12
       103    8.2315020e-13
       104    4.8817086e-13
       105    2.8957172e-13
       106    1.7179543e-13
       107    1.0193329e-13
       108    6.0484766e-14
       109    3.5890270e-14
       110    2.1295216e-14
       111    1.2633824e-14
       112    7.4938801e-15
       113    4.4439444e-15
       114    2.6344529e-15
       115    1.5611387e-15
       116    9.2467760e-16
       117    5.4740039e-16
       118    3.2385696e-16
       119    1.9147051e-16
       120    1.1311435e-16
       121    6.6767782e-17
       122    3.9374555e-17
       123    2.3196867e-17
       124    1.3651278e-17
       125    8.0243997e-18
       126    4.7109851e-18
       127    2.7620731e-18
       128    1.6171376e-18
       129    9.4538979e-19
       130    5.5181120e-19
       131    3.2155041e-19
       132    1.8704650e-19
       133    1.0860631e-19
       134    6.2940192e-20
       135    3.6402513e-20
       136    2.1010071e-20
       137    1.2099825e-20
       138    6.9526251e-21
       139    3.9856522e-21
       140    2.2792602e-21
       141    1.3001564e-21
       142    7.3972101e-22
       143    4.1973489e-22
       144    2.3750966e-22
       145    1.3401442e-22
       146    7.5396523e-23
       147    4.2290884e-23
       148    2.3648557e-23
       149    1.3182337e-23
       150    7.3245057e-24
       151    4.0563117e-24
       152    2.2388306e-24
       153    1.2314553e-24
       154    6.7498627e-25
       155    3.6865694e-25
       156    2.0061997e-25
       157    1.0877377e-25
       158    5.8755334e-26
       159    3.1616883e-26
       160    1.6947903e-26
       161    9.0493069e-27
       162    4.8127707e-27
       163    2.5493789e-27
       164    1.3449699e-27
       165    7.0665937e-28
       166    3.6974995e-28
       167    1.9265857e-28
       168    9.9961614e-29
       169    5.1644732e-29
       170    2.6567475e-29
       171    1.3607881e-29
       172    6.9395529e-30
       173    3.5233745e-30
       174    1.7809778e-30
       175    8.9622510e-31
       176    4.4897442e-31
       177    2.2390278e-31
       178    1.1115236e-31
       179    5.4927219e-32
       180    2.7018115e-32
       181    1.3228483e-32
       182    6.4467710e-33
       183    3.1270978e-33
       184    1.5097254e-33
       185    7.2544114e-34
       186    3.4693249e-34
       187    1.6512674e-34
       188    7.8218766e-35
       189    3.6873742e-35
       190    1.7299282e-35
       191    8.0767303e-36
       192    3.7525985e-36
       193    1.7350428e-36
       194    7.9829341e-37
       195    3.6549554e-37
       196    1.6651829e-37
       197    7.5491031e-38
       198    3.4054594e-38
       199    1.5286097e-38
       200    6.8273433e-39
       201    3.0341363e-39
       202    1.3416550e-39
       203    5.9028577e-40
       204    2.5840224e-40
       205    1.1254809e-40
       206    4.8772193e-41
       207    2.1027885e-41
       208    9.0201582e-42
       209    3.8493669e-42
       210    1.6339140e-42
       211    6.9084014e-43
       212    2.9006878e-43
       213    1.2191297e-43
       214    5.0446745e-44
       215    2.1019477e-44
       216    8.4077908e-45
       217    2.8025969e-45
       218    0.0000000e+00
       219    0.0000000e+00
       220    0.0000000e+00
       221    0.0000000e+00
       222    0.0000000e+00
       223    0.0000000e+00
       224    0.0000000e+00
       225    0.0000000e+00
       226    0.0000000e+00
       227    0.0000000e+00
       228    0.0000000e+00
       229    0.0000000e+00
       230    0.0000000e+00
       231    0.0000000e+00
       232    0.0000000e+00
       233    0.0000000e+00
       234    0.0000000e+00
       235    0.0000000e+00
       236    0.0000000e+00
       237    0.0000000e+00
       238    0.0000000e+00
       239    0.0000000e+00
       240    0.0000000e+00
       241    0.0000000e+00
       242    0.0000000e+00
       243    0.0000000e+00
       244    0.0000000e+00
       245    0.0000000e+00
       246    0.0000000e+00
       247    0.0000000e+00
       248    0.0000000e+00
       249    0.0000000e+00
       250    0.0000000e+00
       251    0.0000000e+00
       252    0.0000000e+00
       253    0.0000000e+00
       254    0.0000000e+00
       255    0.0000000e+00
       256    0.0000000e+00
