         1    9.9975467e-01
         2    9.9971253e-01
         3    9.9961722e-01
         4    9.9944389e-01
         5    9.9914616e-01
         6    9.9864352e-01
         7    9.9779761e-01
         8    9.9637276e-01
         9    9.9396884e-01
        10    9.8991042e-01
        11    9.8306763e-01
        12    9.7158265e-01
        13    9.5249546e-01
        14    9.2134970e-01
        15    8.7210989e-01
        16    7.9818714e-01
        17    6.9568622e-01
        18    5.6864417e-01
        19    4.3183628e-01
        20    3.0519316e-01
        21    2.0308834e-01
        22    1.2927520e-01
        23    7.9872578e-02
        24    4.8432864e-02
        25    2.9040670e-02
        26    1.7300766e-02
        27    1.0269862e-02
        28    6.0845008e-03
        29    3.6011306e-03
        30    2.1300951e-03
        31    1.2594437e-03
        32    7.4435928e-04
        33    4.3972096e-04
        34    2.5960390e-04
        35    1.5315393e-04
        36    9.0276422e-05
        37    5.3162301e-05
        38    3.1273830e-05
        39    1.8377334e-05
        40    1.0786875e-05
        41    6.3243856e-06
        42    3.7038776e-06
        43    2.1668143e-06
        44    1.2662700e-06
        45    7.3923235e-07
        46    4.3111046e-07
        47    2.5115344e-07
        48    1.4615165e-07
        49    8.4943011e-08
        50    4.9297377e-08
        51    2.8560494e-08
        52    1.6511319e-08
        53    9.5202983e-09
        54    5.4713980e-09
        55    3.1318346e-09
        56    1.7839236e-09
        57    1.0102068e-09
        58    5.6812527e-10
        59    3.1695188e-10
        60    1.7520897e-10
        61    9.5857072e-11
        62    5.1842978e-11
        63    2.7685786e-11
        64    1.4582929e-11
        65    7.5682412e-12
        66    3.8661041e-12
        67    1.9421066e-12
        68    9.5854661e-13
        69    4.6445167e-13
        70    2.2076351e-13
        71    1.0286557e-13
        72    4.6955641e-14
        73    2.0985526e-14
        74    9.1774936e-15
        75    3.9253158e-15
        76    1.6411946e-15
        77    6.7047354e-16
        78    2.6751693e-16
        79    1.0420539e-16
        80    3.9612075e-17
        81    1.4689226e-17
        82    5.3118396e-18
        83    1.8724511e-18
        84    6.4319631e-19
        85    2.1522570e-19
        86    7.0131591e-20
        87    2.2246102e-20
        88    6.8669901e-21
        89    2.0620615e-21
        90    6.0215502e-22
        91    1.7093581e-22
        92    4.7154072e-23
        93    1.2635914e-23
        94    3.2879945e-24
        95    8.3046878e-25
        96    2.0352074e-25
        97    4.8373376e-26
        98    1.1146255e-26
        99    2.4887506e-27
       100    5.3822082e-28
       101    1.1268191e-28
       102    2.2826573e-29
       103    4.4718536e-30
       104    8.4674131e-31
       105    1.5487230e-31
       106    2.7345525e-32
       107    4.6580404e-33
       108    7.6493316e-34
       109    1.2101186e-34
       110    1.8428011e-35
       111    2.6990793e-36
       112    3.7988937e-37
       113    5.1332831e-38
       114    6.6526420e-39
       115    8.2601360e-40
       116    9.8146944e-41
       117    1.1145928e-41
       118    1.2079193e-42
       119    1.2471556e-43
       120    1.2611686e-44
       121    1.4012985e-45
       122    0.0000000e+00
       123    0.0000000e+00
       124    0.0000000e+00
       125    0.0000000e+00
       126    0.0000000e+00
       127    0.0000000e+00
       128    0.0000000e+00
       129    0.0000000e+00
       130    0.0000000e+00
       131    0.0000000e+00
       132    0.0000000e+00
       133    0.0000000e+00
       134    0.0000000e+00
       135    0.0000000e+00
       136    0.0000000e+00
       137    0.0000000e+00
       138    0.0000000e+00
       139    0.0000000e+00
       140    0.0000000e+00
       141    0.0000000e+00
       142    0.0000000e+00
       143    0.0000000e+00
       144    0.0000000e+00
       145    0.0000000e+00
       146    0.0000000e+00
       147    0.0000000e+00
       148    0.0000000e+00
       149    0.0000000e+00
       150    0.0000000e+00
       151    0.0000000e+00
       152    0.0000000e+00
       153    0.0000000e+00
       154    0.0000000e+00
       155    0.0000000e+00
       156    0.0000000e+00
       157    0.0000000e+00
       158    0.0000000e+00
       159    0.0000000e+00
       160    0.0000000e+00
       161    0.0000000e+00
       162    0.0000000e+00
       163    0.0000000e+00
       164    0.0000000e+00
       165    0.0000000e+00
       166    0.0000000e+00
       167    0.0000000e+00
       168    0.0000000e+00
       169    0.0000000e+00
       170    0.0000000e+00
       171    0.0000000e+00
       172    0.0000000e+00
       173    0.0000000e+00
       174    0.0000000e+00
       175    0.0000000e+00
       176    0.0000000e+00
       177    0.0000000e+00
       178    0.0000000e+00
       179    0.0000000e+00
       180    0.0000000e+00
       181    0.0000000e+00
       182    0.0000000e+00
       183    0.0000000e+00
       184    0.0000000e+00
       185    0.0000000e+00
       186    0.0000000e+00
       187    0.0000000e+00
       188    0.0000000e+00
       189    0.0000000e+00
       190    0.0000000e+00
       191    0.0000000e+00
       192    0.0000000e+00
       193    0.0000000e+00
       194    0.0000000e+00
       195    0.0000000e+00
       196    0.0000000e+00
       197    0.0000000e+00
       198    0.0000000e+00
       199    0.0000000e+00
       200    0.0000000e+00
       201    0.0000000e+00
       202    0.0000000e+00
       203    0.0000000e+00
       204    0.0000000e+00
       205    0.0000000e+00
       206    0.0000000e+00
       207    0.0000000e+00
       208    0.0000000e+00
       209    0.0000000e+00
       210    0.0000000e+00
       211    0.0000000e+00
       212    0.0000000e+00
       213    0.0000000e+00
       214    0.0000000e+00
       215    0.0000000e+00
       216    0.0000000e+00
       217    0.0000000e+00
       218    0.0000000e+00
       219    0.0000000e+00
       220    0.0000000e+00
       221    0.0000000e+00
       222    0.0000000e+00
       223    0.0000000e+00
       224    0.0000000e+00
       225    0.0000000e+00
       226    0.0000000e+00
       227    0.0000000e+00
       228    0.0000000e+00
       229    0.0000000e+00
       230    0.0000000e+00
       231    0.0000000e+00
       232    0.0000000e+00
       233    0.0000000e+00
       234    0.0000000e+00
       235    0.0000000e+00
       236    0.0000000e+00
       237    0.0000000e+00
       238    0.0000000e+00
       239    0.0000000e+00
       240    0.0000000e+00
       241    0.0000000e+00
       242    0.0000000e+00
       243    0.0000000e+00
       244    0.0000000e+00
       245    0.0000000e+00
       246    0.0000000e+00
       247    0.0000000e+00
       248    0.0000000e+00
       249    0.0000000e+00
       250    0.0000000e+00
       251    0.0000000e+00
       252    0.0000000e+00
       253    0.0000000e+00
       254    0.0000000e+00
       255    0.0000000e+00
       256    0.0000000e+00
