         1    9.9999624e-01
         2    9.9999565e-01
         3    9.9999422e-01
         4    9.9999166e-01
         5    9.9998724e-01
         6    9.9997991e-01
         7    9.9996758e-01
         8    9.9994689e-01
         9    9.9991214e-01
        10    9.9985337e-01
        11    9.9975389e-01
        12    9.9958491e-01
        13    9.9929726e-01
        14    9.9880660e-01
        15    9.9796855e-01
        16    9.9653596e-01
        17    9.9408710e-01
        18    9.8990649e-01
        19    9.8279274e-01
        20    9.7076637e-01
        21    9.5067483e-01
        22    9.1779512e-01
        23    8.6581737e-01
        24    7.8810024e-01
        25    6.8132925e-01
        26    5.5096716e-01
        27    4.1331860e-01
        28    2.8857881e-01
        29    1.8995844e-01
        30    1.1980705e-01
        31    7.3446386e-02
        32    4.4234402e-02
        33    2.6361542e-02
        34    1.5616462e-02
        35    9.2217037e-03
        36    5.4373508e-03
        37    3.2043844e-03
        38    1.8885832e-03
        39    1.1135412e-03
        40    6.5695168e-04
        41    3.8784204e-04
        42    2.2912996e-04
        43    1.3545909e-04
        44    8.0133701e-05
        45    4.7432408e-05
        46    2.8090100e-05
        47    1.6642136e-05
        48    9.8627397e-06
        49    5.8461583e-06
        50    3.4655932e-06
        51    2.0543139e-06
        52    1.2175483e-06
        53    7.2141358e-07
        54    4.2727871e-07
        55    2.5294102e-07
        56    1.4964533e-07
        57    8.8470969e-08
        58    5.2262816e-08
        59    3.0846273e-08
        60    1.8188466e-08
        61    1.0713712e-08
        62    6.3037899e-09
        63    3.7046559e-09
        64    2.1744149e-09
        65    1.2745166e-09
        66    7.4595341e-10
        67    4.3590154e-10
        68    2.5428126e-10
        69    1.4805339e-10
        70    8.6023716e-11
        71    4.9867797e-11
        72    2.8834910e-11
        73    1.6626318e-11
        74    9.5570539e-12
        75    5.4747405e-12
        76    3.1244000e-12
        77    1.7757333e-12
        78    1.0046977e-12
        79    5.6568411e-13
        80    3.1682930e-13
        81    1.7644957e-13
        82    9.7676878e-14
        83    5.3724583e-14
        84    2.9349590e-14
        85    1.5919188e-14
        86    8.5699236e-15
        87    4.5774486e-15
        88    2.4250460e-15
        89    1.2738919e-15
        90    6.6333670e-16
        91    3.4229750e-16
        92    1.7499583e-16
        93    8.8613172e-17
        94    4.4433866e-17
        95    2.2058683e-17
        96    1.0839385e-17
        97    5.2711398e-18
        98    2.5362929e-18
        99    1.2072968e-18
       100    5.6843045e-19
       101    2.6468066e-19
       102    1.2186674e-19
       103    5.5476121e-20
       104    2.4964786e-20
       105    1.1104426e-20
       106    4.8815664e-21
       107    2.1206431e-21
       108    9.1027773e-22
       109    3.8604043e-22
       110    1.6173368e-22
       111    6.6932147e-23
       112    2.7358662e-23
       113    1.1044378e-23
       114    4.4028662e-24
       115    1.7331661e-24
       116    6.7362573e-25
       117    2.5848492e-25
       118    9.7916220e-26
       119    3.6613595e-26
       120    1.3513389e-26
       121    4.9225121e-27
       122    1.7696055e-27
       123    6.2776948e-28
       124    2.1974810e-28
       125    7.5895928e-29
       126    2.5861132e-29
       127    8.6931986e-30
       128    2.8825843e-30
       129    9.4280534e-31
       130    3.0413516e-31
       131    9.6757091e-32
       132    3.0355484e-32
       133    9.3906629e-33
       134    2.8643502e-33
       135    8.6137572e-34
       136    2.5536485e-34
       137    7.4627114e-35
       138    2.1496302e-35
       139    6.1027629e-36
       140    1.7074516e-36
       141    4.7075234e-37
       142    1.2788545e-37
       143    3.4229148e-38
       144    9.0256471e-39
       145    2.3443835e-39
       146    5.9980058e-40
       147    1.5113845e-40
       148    3.7504352e-41
       149    9.1644920e-42
       150    2.2042425e-42
       151    5.2128303e-43
       152    1.2191297e-43
       153    2.8025969e-44
       154    5.6051939e-45
       155    1.4012985e-45
       156    0.0000000e+00
       157    0.0000000e+00
       158    0.0000000e+00
       159    0.0000000e+00
       160    0.0000000e+00
       161    0.0000000e+00
       162    0.0000000e+00
       163    0.0000000e+00
       164    0.0000000e+00
       165    0.0000000e+00
       166    0.0000000e+00
       167    0.0000000e+00
       168    0.0000000e+00
       169    0.0000000e+00
       170    0.0000000e+00
       171    0.0000000e+00
       172    0.0000000e+00
       173    0.0000000e+00
       174    0.0000000e+00
       175    0.0000000e+00
       176    0.0000000e+00
       177    0.0000000e+00
       178    0.0000000e+00
       179    0.0000000e+00
       180    0.0000000e+00
       181    0.0000000e+00
       182    0.0000000e+00
       183    0.0000000e+00
       184    0.0000000e+00
       185    0.0000000e+00
       186    0.0000000e+00
       187    0.0000000e+00
       188    0.0000000e+00
       189    0.0000000e+00
       190    0.0000000e+00
       191    0.0000000e+00
       192    0.0000000e+00
       193    0.0000000e+00
       194    0.0000000e+00
       195    0.0000000e+00
       196    0.0000000e+00
       197    0.0000000e+00
       198    0.0000000e+00
       199    0.0000000e+00
       200    0.0000000e+00
       201    0.0000000e+00
       202    0.0000000e+00
       203    0.0000000e+00
       204    0.0000000e+00
       205    0.0000000e+00
       206    0.0000000e+00
       207    0.0000000e+00
       208    0.0000000e+00
       209    0.0000000e+00
       210    0.0000000e+00
       211    0.0000000e+00
       212    0.0000000e+00
       213    0.0000000e+00
       214    0.0000000e+00
       215    0.0000000e+00
       216    0.0000000e+00
       217    0.0000000e+00
       218    0.0000000e+00
       219    0.0000000e+00
       220    0.0000000e+00
       221    0.0000000e+00
       222    0.0000000e+00
       223    0.0000000e+00
       224    0.0000000e+00
       225    0.0000000e+00
       226    0.0000000e+00
       227    0.0000000e+00
       228    0.0000000e+00
       229    0.0000000e+00
       230    0.0000000e+00
       231    0.0000000e+00
       232    0.0000000e+00
       233    0.0000000e+00
       234    0.0000000e+00
       235    0.0000000e+00
       236    0.0000000e+00
       237    0.0000000e+00
       238    0.0000000e+00
       239    0.0000000e+00
       240    0.0000000e+00
       241    0.0000000e+00
       242    0.0000000e+00
       243    0.0000000e+00
       244    0.0000000e+00
       245    0.0000000e+00
       246    0.0000000e+00
       247    0.0000000e+00
       248    0.0000000e+00
       249    0.0000000e+00
       250    0.0000000e+00
       251    0.0000000e+00
       252    0.0000000e+00
       253    0.0000000e+00
       254    0.0000000e+00
       255    0.0000000e+00
       256    0.0000000e+00
