         1    9.9999976e-01
         2    9.9999976e-01
         3    9.9999976e-01
         4    9.9999976e-01
         5    9.9999976e-01
         6    9.9999970e-01
         7    9.9999958e-01
         8    9.9999928e-01
         9    9.9999887e-01
        10    9.9999815e-01
        11    9.9999690e-01
        12    9.9999475e-01
        13    9.9999112e-01
        14    9.9998492e-01
        15    9.9997443e-01
        16    9.9995649e-01
        17    9.9992579e-01
        18    9.9987322e-01
        19    9.9978310e-01
        20    9.9962842e-01
        21    9.9936277e-01
        22    9.9890614e-01
        23    9.9812102e-01
        24    9.9677140e-01
        25    9.9445295e-01
        26    9.9047762e-01
        27    9.8368615e-01
        28    9.7216111e-01
        29    9.5283288e-01
        30    9.2106736e-01
        31    8.7059474e-01
        32    7.9464316e-01
        33    6.8945301e-01
        34    5.5979067e-01
        35    4.2151129e-01
        36    2.9509521e-01
        37    1.9450518e-01
        38    1.2267646e-01
        39    7.5126767e-02
        40    4.5162354e-02
        41    2.6847629e-02
        42    1.5856776e-02
        43    9.3314908e-03
        44    5.4810792e-03
        45    3.2166850e-03
        46    1.8873190e-03
        47    1.1074789e-03
        48    6.5009115e-04
        49    3.8178571e-04
        50    2.2434030e-04
        51    1.3190447e-04
        52    7.7605131e-05
        53    4.5688706e-05
        54    2.6916578e-05
        55    1.5868120e-05
        56    9.3610643e-06
        57    5.5260666e-06
        58    3.2643179e-06
        59    1.9295051e-06
        60    1.1412096e-06
        61    6.7536240e-07
        62    3.9989254e-07
        63    2.3689974e-07
        64    1.4040343e-07
        65    8.3244736e-08
        66    4.9371142e-08
        67    2.9288419e-08
        68    1.7377680e-08
        69    1.0311591e-08
        70    6.1187251e-09
        71    3.6304455e-09
        72    2.1536939e-09
        73    1.2773032e-09
        74    7.5726980e-10
        75    4.4876031e-10
        76    2.6579453e-10
        77    1.5732808e-10
        78    9.3058471e-11
        79    5.4999148e-11
        80    3.2476338e-11
        81    1.9157965e-11
        82    1.1289179e-11
        83    6.6445300e-12
        84    3.9058166e-12
        85    2.2927667e-12
        86    1.3438806e-12
        87    7.8643705e-13
        88    4.5942682e-13
        89    2.6789289e-13
        90    1.5589720e-13
        91    9.0528252e-14
        92    5.2448297e-14
        93    3.0311650e-14
        94    1.7472089e-14
        95    1.0042932e-14
        96    5.7554241e-15
        97    3.2878645e-15
        98    1.8719195e-15
        99    1.0619714e-15
       100    6.0021358e-16
       101    3.3789441e-16
       102    1.8943204e-16
       103    1.0573987e-16
       104    5.8756234e-17
       105    3.2495056e-17
       106    1.7883347e-17
       107    9.7919854e-18
       108    5.3334414e-18
       109    2.8892559e-18
       110    1.5564517e-18
       111    8.3365919e-19
       112    4.4389427e-19
       113    2.3493421e-19
       114    1.2357450e-19
       115    6.4590747e-20
       116    3.3544106e-20
       117    1.7306717e-20
       118    8.8698512e-21
       119    4.5151706e-21
       120    2.2826715e-21
       121    1.1459919e-21
       122    5.7127873e-22
       123    2.8275115e-22
       124    1.3893570e-22
       125    6.7770624e-23
       126    3.2813616e-23
       127    1.5769572e-23
       128    7.5215710e-24
       129    3.5603375e-24
       130    1.6723997e-24
       131    7.7952257e-25
       132    3.6052193e-25
       133    1.6543397e-25
       134    7.5315484e-26
       135    3.4016366e-26
       136    1.5241016e-26
       137    6.7739401e-27
       138    2.9864138e-27
       139    1.3059309e-27
       140    5.6641282e-28
       141    2.4365212e-28
       142    1.0394740e-28
       143    4.3979068e-29
       144    1.8452293e-29
       145    7.6773270e-30
       146    3.1674434e-30
       147    1.2957793e-30
       148    5.2560678e-31
       149    2.1138945e-31
       150    8.4291367e-32
       151    3.3323111e-32
       152    1.3060387e-32
       153    5.0745812e-33
       154    1.9546267e-33
       155    7.4633330e-34
       156    2.8248355e-34
       157    1.0598176e-34
       158    3.9412400e-35
       159    1.4527296e-35
       160    5.3072960e-36
       161    1.9216967e-36
       162    6.8961373e-37
       163    2.4525793e-37
       164    8.6441596e-38
       165    3.0191984e-38
       166    1.0450000e-38
       167    3.5841249e-39
       168    1.2180885e-39
       169    4.1019509e-40
       170    1.3686762e-40
       171    4.5247927e-41
       172    1.4821534e-41
       173    4.8106576e-42
       174    1.5470335e-42
       175    4.9325706e-43
       176    1.5554413e-43
       177    4.9045446e-44
       178    1.5414283e-44
       179    4.2038954e-45
       180    0.0000000e+00
       181    0.0000000e+00
       182    0.0000000e+00
       183    0.0000000e+00
       184    0.0000000e+00
       185    0.0000000e+00
       186    0.0000000e+00
       187    0.0000000e+00
       188    0.0000000e+00
       189    0.0000000e+00
       190    0.0000000e+00
       191    0.0000000e+00
       192    0.0000000e+00
       193    0.0000000e+00
       194    0.0000000e+00
       195    0.0000000e+00
       196    0.0000000e+00
       197    0.0000000e+00
       198    0.0000000e+00
       199    0.0000000e+00
       200    0.0000000e+00
       201    0.0000000e+00
       202    0.0000000e+00
       203    0.0000000e+00
       204    0.0000000e+00
       205    0.0000000e+00
       206    0.0000000e+00
       207    0.0000000e+00
       208    0.0000000e+00
       209    0.0000000e+00
       210    0.0000000e+00
       211    0.0000000e+00
       212    0.0000000e+00
       213    0.0000000e+00
       214    0.0000000e+00
       215    0.0000000e+00
       216    0.0000000e+00
       217    0.0000000e+00
       218    0.0000000e+00
       219    0.0000000e+00
       220    0.0000000e+00
       221    0.0000000e+00
       222    0.0000000e+00
       223    0.0000000e+00
       224    0.0000000e+00
       225    0.0000000e+00
       226    0.0000000e+00
       227    0.0000000e+00
       228    0.0000000e+00
       229    0.0000000e+00
       230    0.0000000e+00
       231    0.0000000e+00
       232    0.0000000e+00
       233    0.0000000e+00
       234    0.0000000e+00
       235    0.0000000e+00
       236    0.0000000e+00
       237    0.0000000e+00
       238    0.0000000e+00
       239    0.0000000e+00
       240    0.0000000e+00
       241    0.0000000e+00
       242    0.0000000e+00
       243    0.0000000e+00
       244    0.0000000e+00
       245    0.0000000e+00
       246    0.0000000e+00
       247    0.0000000e+00
       248    0.0000000e+00
       249    0.0000000e+00
       250    0.0000000e+00
       251    0.0000000e+00
       252    0.0000000e+00
       253    0.0000000e+00
       254    0.0000000e+00
       255    0.0000000e+00
       256    0.0000000e+00
