         1    9.9999976e-01
         2    9.9999976e-01
         3    9.9999976e-01
         4    9.9999976e-01
         5    9.9999976e-01
         6    9.9999976e-01
         7    9.9999976e-01
         8    9.9999976e-01
         9    9.9999976e-01
        10    9.9999976e-01
        11    9.9999976e-01
        12    9.9999976e-01
        13    9.9999976e-01
        14    9.9999976e-01
        15    9.9999976e-01
        16    9.9999976e-01
        17    9.9999976e-01
        18    9.9999976e-01
        19    9.9999976e-01
        20    9.9999976e-01
        21    9.9999976e-01
        22    9.9999976e-01
        23    9.9999976e-01
        24    9.9999976e-01
        25    9.9999976e-01
        26    9.9999976e-01
        27    9.9999976e-01
        28    9.9999976e-01
        29    9.9999976e-01
        30    9.9999976e-01
        31    9.9999976e-01
        32    9.9999976e-01
        33    9.9999976e-01
        34    9.9999976e-01
        35    9.9999976e-01
        36    9.9999976e-01
        37    9.9999976e-01
        38    9.9999976e-01
        39    9.9999976e-01
        40    9.9999976e-01
        41    9.9999976e-01
        42    9.9999976e-01
        43    9.9999976e-01
        44    9.9999976e-01
        45    9.9999976e-01
        46    9.9999976e-01
        47    9.9999976e-01
        48    9.9999970e-01
        49    9.9999958e-01
        50    9.9999934e-01
        51    9.9999893e-01
        52    9.9999815e-01
        53    9.9999678e-01
        54    9.9999446e-01
        55    9.9999040e-01
        56    9.9998337e-01
        57    9.9997121e-01
        58    9.9995017e-01
        59    9.9991375e-01
        60    9.9985081e-01
        61    9.9974191e-01
        62    9.9955338e-01
        63    9.9922723e-01
        64    9.9866307e-01
        65    9.9768776e-01
        66    9.9600321e-01
        67    9.9309868e-01
        68    9.8810554e-01
        69    9.7956669e-01
        70    9.6509558e-01
        71    9.4094515e-01
        72    9.0166944e-01
        73    8.4044516e-01
        74    7.5116915e-01
        75    6.3320887e-01
        76    4.9658486e-01
        77    3.6081281e-01
        78    2.4478781e-01
        79    1.5743683e-01
        80    9.7542867e-02
        81    5.8982562e-02
        82    3.5131030e-02
        83    2.0734884e-02
        84    1.2172341e-02
        85    7.1233939e-03
        86    4.1612396e-03
        87    2.4284280e-03
        88    1.4164338e-03
        89    8.2595053e-04
        90    4.8157905e-04
        91    2.8078721e-04
        92    1.6372200e-04
        93    9.5470808e-05
        94    5.5677057e-05
        95    3.2473497e-05
        96    1.8942274e-05
        97    1.1050638e-05
        98    6.4475712e-06
        99    3.7623529e-06
       100    2.1957271e-06
       101    1.2816026e-06
       102    7.4814420e-07
       103    4.3679222e-07
       104    2.5504852e-07
       105    1.4894637e-07
       106    8.6995549e-08
       107    5.0818862e-08
       108    2.9690304e-08
       109    1.7348706e-08
       110    1.0138725e-08
       111    5.9260397e-09
       112    3.4642711e-09
       113    2.0254731e-09
       114    1.1844311e-09
       115    6.9272876e-10
       116    4.0521753e-10
       117    2.3707533e-10
       118    1.3872647e-10
       119    8.1191193e-11
       120    4.7526622e-11
       121    2.7825655e-11
       122    1.6294324e-11
       123    9.5435951e-12
       124    5.5908086e-12
       125    3.2758696e-12
       126    1.9198642e-12
       127    1.1254053e-12
       128    6.5984918e-13
       129    3.8697292e-13
       130    2.2699673e-13
       131    1.3318791e-13
       132    7.8166254e-14
       133    4.5886658e-14
       134    2.6944455e-14
       135    1.5826018e-14
       136    9.2981500e-15
       137    5.4644632e-15
       138    3.2123873e-15
       139    1.8890397e-15
       140    1.1111951e-15
       141    6.5385088e-16
       142    3.8486580e-16
       143    2.2661308e-16
       144    1.3347750e-16
       145    7.8646791e-17
       146    4.6355959e-17
       147    2.7332747e-17
       148    1.6121861e-17
       149    9.5126531e-18
       150    5.6149082e-18
       151    3.3154110e-18
       152    1.9583232e-18
       153    1.1571280e-18
       154    6.8395150e-19
       155    4.0440103e-19
       156    2.3918687e-19
       157    1.4151251e-19
       158    8.3748657e-20
       159    4.9576815e-20
       160    2.9355419e-20
       161    1.7385894e-20
       162    1.0298972e-20
       163    6.1019252e-21
       164    3.6157890e-21
       165    2.1428336e-21
       166    1.2700127e-21
       167    7.5274183e-22
       168    4.4615484e-22
       169    2.6442900e-22
       170    1.5671051e-22
       171    9.2861045e-23
       172    5.5016832e-23
       173    3.2588456e-23
       174    1.9298218e-23
       175    1.1424426e-23
       176    6.7607289e-24
       177    3.9991927e-24
       178    2.3645496e-24
       179    1.3973301e-24
       180    8.2527985e-25
       181    4.8711564e-25
       182    2.8732173e-25
       183    1.6935082e-25
       184    9.9739117e-26
       185    5.8692157e-26
       186    3.4507069e-26
       187    2.0268736e-26
       188    1.1893600e-26
       189    6.9718109e-27
       190    4.0822651e-27
       191    2.3875817e-27
       192    1.3947454e-27
       193    8.1374777e-28
       194    4.7415649e-28
       195    2.7591147e-28
       196    1.6032945e-28
       197    9.3031968e-29
       198    5.3902199e-29
       199    3.1182900e-29
       200    1.8011216e-29
       201    1.0386451e-29
       202    5.9795746e-30
       203    3.4366414e-30
       204    1.9717012e-30
       205    1.1292067e-30
       206    6.4552634e-31
       207    3.6833749e-31
       208    2.0977458e-31
       209    1.1923910e-31
       210    6.7643758e-32
       211    3.8296977e-32
       212    2.1637846e-32
       213    1.2200050e-32
       214    6.8642478e-33
       215    3.8538435e-33
       216    2.1589932e-33
       217    1.2068444e-33
       218    6.7310244e-34
       219    3.7456588e-34
       220    2.0796017e-34
       221    1.1519272e-34
       222    6.3657726e-35
       223    3.5095147e-35
       224    1.9301979e-35
       225    1.0590213e-35
       226    5.7962246e-36
       227    3.1645586e-36
       228    1.7234500e-36
       229    9.3625078e-37
       230    5.0732273e-37
       231    2.7419911e-37
       232    1.4781842e-37
       233    7.9480987e-38
       234    4.2624753e-38
       235    2.2799027e-38
       236    1.2162385e-38
       237    6.4708544e-39
       238    3.4335035e-39
       239    1.8169334e-39
       240    9.5887070e-40
       241    5.0465382e-40
       242    2.6487063e-40
       243    1.3863466e-40
       244    7.2361651e-41
       245    3.7665501e-41
       246    1.9550916e-41
       247    1.0120178e-41
       248    5.2226394e-42
       249    2.6876905e-42
       250    1.3802790e-42
       251    7.0765572e-43
       252    3.6153500e-43
       253    1.8497140e-43
       254    9.6689594e-44
       255    5.3249342e-44
       256    3.6433760e-44
