         1    9.9999976e-01
         2    9.9999976e-01
         3    9.9999976e-01
         4    9.9999976e-01
         5    9.9999976e-01
         6    9.9999976e-01
         7    9.9999976e-01
         8    9.9999976e-01
         9    9.9999976e-01
        10    9.9999976e-01
        11    9.9999976e-01
        12    9.9999976e-01
        13    9.9999976e-01
        14    9.9999976e-01
        15    9.9999976e-01
        16    9.9999976e-01
        17    9.9999976e-01
        18    9.9999976e-01
        19    9.9999976e-01
        20    9.9999976e-01
        21    9.9999976e-01
        22    9.9999976e-01
        23    9.9999976e-01
        24    9.9999976e-01
        25    9.9999976e-01
        26    9.9999976e-01
        27    9.9999976e-01
        28    9.9999976e-01
        29    9.9999976e-01
        30    9.9999976e-01
        31    9.9999976e-01
        32    9.9999976e-01
        33    9.9999976e-01
        34    9.9999976e-01
        35    9.9999976e-01
        36    9.9999976e-01
        37    9.9999976e-01
        38    9.9999976e-01
        39    9.9999976e-01
        40    9.9999976e-01
        41    9.9999976e-01
        42    9.9999976e-01
        43    9.9999976e-01
        44    9.9999976e-01
        45    9.9999976e-01
        46    9.9999976e-01
        47    9.9999976e-01
        48    9.9999976e-01
        49    9.9999976e-01
        50    9.9999976e-01
        51    9.9999976e-01
        52    9.9999976e-01
        53    9.9999976e-01
        54    9.9999976e-01
        55    9.9999976e-01
        56    9.9999976e-01
        57    9.9999976e-01
        58    9.9999976e-01
        59    9.9999976e-01
        60    9.9999976e-01
        61    9.9999976e-01
        62    9.9999976e-01
        63    9.9999976e-01
        64    9.9999976e-01
        65    9.9999976e-01
        66    9.9999976e-01
        67    9.9999976e-01
        68    9.9999976e-01
        69    9.9999976e-01
        70    9.9999976e-01
        71    9.9999976e-01
        72    9.9999976e-01
        73    9.9999976e-01
        74    9.9999976e-01
        75    9.9999976e-01
        76    9.9999976e-01
        77    9.9999976e-01
        78    9.9999976e-01
        79    9.9999976e-01
        80    9.9999976e-01
        81    9.9999976e-01
        82    9.9999976e-01
        83    9.9999976e-01
        84    9.9999976e-01
        85    9.9999976e-01
        86    9.9999976e-01
        87    9.9999976e-01
        88    9.9999976e-01
        89    9.9999976e-01
        90    9.9999976e-01
        91    9.9999976e-01
        92    9.9999976e-01
        93    9.9999976e-01
        94    9.9999976e-01
        95    9.9999976e-01
        96    9.9999976e-01
        97    9.9999976e-01
        98    9.9999976e-01
        99    9.9999976e-01
       100    9.9999976e-01
       101    9.9999976e-01
       102    9.9999976e-01
       103    9.9999976e-01
       104    9.9999976e-01
       105    9.9999976e-01
       106    9.9999976e-01
       107    9.9999976e-01
       108    9.9999976e-01
       109    9.9999976e-01
       110    9.9999976e-01
       111    9.9999976e-01
       112    9.9999976e-01
       113    9.9999976e-01
       114    9.9999976e-01
       115    9.9999976e-01
       116    9.9999976e-01
       117    9.9999976e-01
       118    9.9999976e-01
       119    9.9999976e-01
       120    9.9999976e-01
       121    9.9999976e-01
       122    9.9999976e-01
       123    9.9999976e-01
       124    9.9999976e-01
       125    9.9999964e-01
       126    9.9999946e-01
       127    9.9999917e-01
       128    9.9999857e-01
       129    9.9999750e-01
       130    9.9999571e-01
       131    9.9999255e-01
       132    9.9998713e-01
       133    9.9997771e-01
       134    9.9996138e-01
       135    9.9993306e-01
       136    9.9988407e-01
       137    9.9979907e-01
       138    9.9965197e-01
       139    9.9939710e-01
       140    9.9895573e-01
       141    9.9819183e-01
       142    9.9687064e-01
       143    9.9458873e-01
       144    9.9065715e-01
       145    9.8391122e-01
       146    9.7241902e-01
       147    9.5307964e-01
       148    9.2120135e-01
       149    8.7042707e-01
       150    7.9389518e-01
       151    6.8784404e-01
       152    5.5724490e-01
       153    4.1832709e-01
       154    2.9181877e-01
       155    1.9160467e-01
       156    1.2036619e-01
       157    7.3409893e-02
       158    4.3941233e-02
       159    2.6002694e-02
       160    1.5282325e-02
       161    8.9454921e-03
       162    5.2238638e-03
       163    3.0463755e-03
       164    1.7751388e-03
       165    1.0339195e-03
       166    6.0205098e-04
       167    3.5052770e-04
       168    2.0407197e-04
       169    1.1880466e-04
       170    6.9164402e-05
       171    4.0265826e-05
       172    2.3442228e-05
       173    1.3648072e-05
       174    7.9461206e-06
       175    4.6264836e-06
       176    2.6937628e-06
       177    1.5684849e-06
       178    9.1330145e-07
       179    5.3181537e-07
       180    3.0968530e-07
       181    1.8034054e-07
       182    1.0502174e-07
       183    6.1161501e-08
       184    3.5619692e-08
       185    2.0745093e-08
       186    1.2082416e-08
       187    7.0372894e-09
       188    4.0989283e-09
       189    2.3875282e-09
       190    1.3907211e-09
       191    8.1011187e-10
       192    4.7191451e-10
       193    2.7491293e-10
       194    1.6015499e-10
       195    9.3303809e-11
       196    5.4359055e-11
       197    3.1670732e-11
       198    1.8452620e-11
       199    1.0751565e-11
       200    6.2646854e-12
       201    3.6504025e-12
       202    2.1271405e-12
       203    1.2395546e-12
       204    7.2235257e-13
       205    4.2096600e-13
       206    2.4533476e-13
       207    1.4298335e-13
       208    8.3334781e-14
       209    4.8571512e-14
       210    2.8310763e-14
       211    1.6501986e-14
       212    9.6191255e-15
       213    5.6072488e-15
       214    3.2687302e-15
       215    1.9055635e-15
       216    1.1109202e-15
       217    6.4767580e-16
       218    3.7761377e-16
       219    2.2016766e-16
       220    1.2837335e-16
       221    7.4853466e-17
       222    4.3648048e-17
       223    2.5452693e-17
       224    1.4842902e-17
       225    8.6560580e-18
       226    5.0482159e-18
       227    2.9442332e-18
       228    1.7172092e-18
       229    1.0015925e-18
       230    5.8421926e-19
       231    3.4078298e-19
       232    1.9879124e-19
       233    1.1596692e-19
       234    6.7653248e-20
       235    3.9469446e-20
       236    2.3027749e-20
       237    1.3435696e-20
       238    7.8394799e-21
       239    4.5743880e-21
       240    2.6693011e-21
       241    1.5576908e-21
       242    9.0904251e-22
       243    5.3052610e-22
       244    3.0963444e-22
       245    1.8072266e-22
       246    1.0548689e-22
       247    6.1576034e-23
       248    3.5947265e-23
       249    2.0989405e-23
       250    1.2261085e-23
       251    7.1711093e-24
       252    4.2086751e-24
       253    2.4946328e-24
       254    1.5204011e-24
       255    9.9695827e-25
       256    7.6903732e-25
