         1    9.9999976e-01
         2    9.9999976e-01
         3    9.9999976e-01
         4    9.9999976e-01
         5    9.9999976e-01
         6    9.9999976e-01
         7    9.9999976e-01
         8    9.9999976e-01
         9    9.9999976e-01
        10    9.9999976e-01
        11    9.9999976e-01
        12    9.9999976e-01
        13    9.9999976e-01
        14    9.9999976e-01
        15    9.9999976e-01
        16    9.9999976e-01
        17    9.9999976e-01
        18    9.9999976e-01
        19    9.9999976e-01
        20    9.9999976e-01
        21    9.9999976e-01
        22    9.9999976e-01
        23    9.9999976e-01
        24    9.9999976e-01
        25    9.9999976e-01
        26    9.9999976e-01
        27    9.9999976e-01
        28    9.9999976e-01
        29    9.9999976e-01
        30    9.9999976e-01
        31    9.9999976e-01
        32    9.9999976e-01
        33    9.9999976e-01
        34    9.9999976e-01
        35    9.9999976e-01
        36    9.9999976e-01
        37    9.9999976e-01
        38    9.9999976e-01
        39    9.9999976e-01
        40    9.9999976e-01
        41    9.9999976e-01
        42    9.9999976e-01
        43    9.9999976e-01
        44    9.9999976e-01
        45    9.9999976e-01
        46    9.9999976e-01
        47    9.9999976e-01
        48    9.9999976e-01
        49    9.9999976e-01
        50    9.9999976e-01
        51    9.9999976e-01
        52    9.9999976e-01
        53    9.9999976e-01
        54    9.9999976e-01
        55    9.9999976e-01
        56    9.9999976e-01
        57    9.9999976e-01
        58    9.9999976e-01
        59    9.9999976e-01
        60    9.9999976e-01
        61    9.9999976e-01
        62    9.9999976e-01
        63    9.9999976e-01
        64    9.9999976e-01
        65    9.9999976e-01
        66    9.9999976e-01
        67    9.9999976e-01
        68    9.9999976e-01
        69    9.9999976e-01
        70    9.9999976e-01
        71    9.9999976e-01
        72    9.9999976e-01
        73    9.9999976e-01
        74    9.9999976e-01
        75    9.9999976e-01
        76    9.9999976e-01
        77    9.9999976e-01
        78    9.9999976e-01
        79    9.9999976e-01
        80    9.9999976e-01
        81    9.9999976e-01
        82    9.9999976e-01
        83    9.9999976e-01
        84    9.9999976e-01
        85    9.9999976e-01
        86    9.9999976e-01
        87    9.9999976e-01
        88    9.9999976e-01
        89    9.9999976e-01
        90    9.9999976e-01
        91    9.9999976e-01
        92    9.9999976e-01
        93    9.9999976e-01
        94    9.9999976e-01
        95    9.9999976e-01
        96    9.9999976e-01
        97    9.9999976e-01
        98    9.9999976e-01
        99    9.9999976e-01
       100    9.9999976e-01
       101    9.9999976e-01
       102    9.9999976e-01
       103    9.9999976e-01
       104    9.9999976e-01
       105    9.9999976e-01
       106    9.9999976e-01
       107    9.9999976e-01
       108    9.9999976e-01
       109    9.9999976e-01
       110    9.9999976e-01
       111    9.9999976e-01
       112    9.9999976e-01
       113    9.9999976e-01
       114    9.9999976e-01
       115    9.9999976e-01
       116    9.9999976e-01
       117    9.9999976e-01
       118    9.9999976e-01
       119    9.9999976e-01
       120    9.9999976e-01
       121    9.9999976e-01
       122    9.9999976e-01
       123    9.9999976e-01
       124    9.9999976e-01
       125    9.9999976e-01
       126    9.9999976e-01
       127    9.9999976e-01
       128    9.9999976e-01
       129    9.9999976e-01
       130    9.9999976e-01
       131    9.9999976e-01
       132    9.9999976e-01
       133    9.9999976e-01
       134    9.9999976e-01
       135    9.9999976e-01
       136    9.9999976e-01
       137    9.9999976e-01
       138    9.9999976e-01
       139    9.9999976e-01
       140    9.9999976e-01
       141    9.9999976e-01
       142    9.9999976e-01
       143    9.9999976e-01
       144    9.9999976e-01
       145    9.9999976e-01
       146    9.9999976e-01
       147    9.9999976e-01
       148    9.9999976e-01
       149    9.9999976e-01
       150    9.9999976e-01
       151    9.9999976e-01
       152    9.9999976e-01
       153    9.9999976e-01
       154    9.9999976e-01
       155    9.9999976e-01
       156    9.9999976e-01
       157    9.9999976e-01
       158    9.9999976e-01
       159    9.9999976e-01
       160    9.9999976e-01
       161    9.9999976e-01
       162    9.9999976e-01
       163    9.9999976e-01
       164    9.9999976e-01
       165    9.9999976e-01
       166    9.9999976e-01
       167    9.9999976e-01
       168    9.9999976e-01
       169    9.9999976e-01
       170    9.9999976e-01
       171    9.9999976e-01
       172    9.9999976e-01
       173    9.9999976e-01
       174    9.9999976e-01
       175    9.9999976e-01
       176    9.9999970e-01
       177    9.9999958e-01
       178    9.9999928e-01
       179    9.9999881e-01
       180    9.9999797e-01
       181    9.9999642e-01
       182    9.9999386e-01
       183    9.9998939e-01
       184    9.9998164e-01
       185    9.9996823e-01
       186    9.9994493e-01
       187    9.9990451e-01
       188    9.9983454e-01
       189    9.9971324e-01
       190    9.9950320e-01
       191    9.9913931e-01
       192    9.9850929e-01
       193    9.9741918e-01
       194    9.9553502e-01
       195    9.9228507e-01
       196    9.8669857e-01
       197    9.7715235e-01
       198    9.6100485e-01
       199    9.3415862e-01
       200    8.9079404e-01
       201    8.2395983e-01
       202    7.2821867e-01
       203    6.0487455e-01
       204    4.6646616e-01
       205    3.3347580e-01
       206    2.2321296e-01
       207    1.4213111e-01
       208    8.7449439e-02
       209    5.2629985e-02
       210    3.1245235e-02
       211    1.8397724e-02
       212    1.0780181e-02
       213    6.2985872e-03
       214    3.6739537e-03
       215    2.1409311e-03
       216    1.2468920e-03
       217    7.2596647e-04
       218    4.2259719e-04
       219    2.4597699e-04
       220    1.4316634e-04
       221    8.3325482e-05
       222    4.8496706e-05
       223    2.8225932e-05
       224    1.6428134e-05
       225    9.5616651e-06
       226    5.5652540e-06
       227    3.2392390e-06
       228    1.8854191e-06
       229    1.0974376e-06
       230    6.3879122e-07
       231    3.7183065e-07
       232    2.1644055e-07
       233    1.2599095e-07
       234    7.3341077e-08
       235    4.2693575e-08
       236    2.4853355e-08
       237    1.4468209e-08
       238    8.4227096e-09
       239    4.9033870e-09
       240    2.8546168e-09
       241    1.6619073e-09
       242    9.6754937e-10
       243    5.6330923e-10
       244    3.2796552e-10
       245    1.9094909e-10
       246    1.1117742e-10
       247    6.4733566e-11
       248    3.7693734e-11
       249    2.1951952e-11
       250    1.2789467e-11
       251    7.4599068e-12
       252    4.3658892e-12
       253    2.5801277e-12
       254    1.5674576e-12
       255    1.0244138e-12
       256    7.8827130e-13
