         1    9.9999976e-01
         2    9.9999976e-01
         3    9.9999976e-01
         4    9.9999976e-01
         5    9.9999976e-01
         6    9.9999976e-01
         7    9.9999976e-01
         8    9.9999976e-01
         9    9.9999976e-01
        10    9.9999976e-01
        11    9.9999976e-01
        12    9.9999976e-01
        13    9.9999976e-01
        14    9.9999976e-01
        15    9.9999976e-01
        16    9.9999976e-01
        17    9.9999976e-01
        18    9.9999976e-01
        19    9.9999976e-01
        20    9.9999976e-01
        21    9.9999976e-01
        22    9.9999976e-01
        23    9.9999976e-01
        24    9.9999976e-01
        25    9.9999976e-01
        26    9.9999976e-01
        27    9.9999976e-01
        28    9.9999976e-01
        29    9.9999976e-01
        30    9.9999976e-01
        31    9.9999976e-01
        32    9.9999976e-01
        33    9.9999976e-01
        34    9.9999976e-01
        35    9.9999976e-01
        36    9.9999976e-01
        37    9.9999976e-01
        38    9.9999976e-01
        39    9.9999976e-01
        40    9.9999976e-01
        41    9.9999976e-01
        42    9.9999976e-01
        43    9.9999976e-01
        44    9.9999976e-01
        45    9.9999976e-01
        46    9.9999976e-01
        47    9.9999976e-01
        48    9.9999976e-01
        49    9.9999976e-01
        50    9.9999976e-01
        51    9.9999976e-01
        52    9.9999976e-01
        53    9.9999976e-01
        54    9.9999976e-01
        55    9.9999976e-01
        56    9.9999976e-01
        57    9.9999976e-01
        58    9.9999976e-01
        59    9.9999976e-01
        60    9.9999976e-01
        61    9.9999976e-01
        62    9.9999976e-01
        63    9.9999976e-01
        64    9.9999976e-01
        65    9.9999976e-01
        66    9.9999976e-01
        67    9.9999976e-01
        68    9.9999976e-01
        69    9.9999976e-01
        70    9.9999976e-01
        71    9.9999976e-01
        72    9.9999976e-01
        73    9.9999976e-01
        74    9.9999976e-01
        75    9.9999976e-01
        76    9.9999976e-01
        77    9.9999976e-01
        78    9.9999976e-01
        79    9.9999976e-01
        80    9.9999976e-01
        81    9.9999976e-01
        82    9.9999976e-01
        83    9.9999976e-01
        84    9.9999976e-01
        85    9.9999976e-01
        86    9.9999976e-01
        87    9.9999976e-01
        88    9.9999976e-01
        89    9.9999976e-01
        90    9.9999976e-01
        91    9.9999976e-01
        92    9.9999976e-01
        93    9.9999976e-01
        94    9.9999976e-01
        95    9.9999976e-01
        96    9.9999976e-01
        97    9.9999976e-01
        98    9.9999976e-01
        99    9.9999976e-01
       100    9.9999976e-01
       101    9.9999976e-01
       102    9.9999976e-01
       103    9.9999976e-01
       104    9.9999976e-01
       105    9.9999976e-01
       106    9.9999976e-01
       107    9.9999976e-01
       108    9.9999976e-01
       109    9.9999976e-01
       110    9.9999976e-01
       111    9.9999976e-01
       112    9.9999976e-01
       113    9.9999976e-01
       114    9.9999976e-01
       115    9.9999976e-01
       116    9.9999976e-01
       117    9.9999976e-01
       118    9.9999976e-01
       119    9.9999976e-01
       120    9.9999976e-01
       121    9.9999976e-01
       122    9.9999976e-01
       123    9.9999976e-01
       124    9.9999976e-01
       125    9.9999976e-01
       126    9.9999976e-01
       127    9.9999976e-01
       128    9.9999976e-01
       129    9.9999976e-01
       130    9.9999976e-01
       131    9.9999976e-01
       132    9.9999976e-01
       133    9.9999976e-01
       134    9.9999976e-01
       135    9.9999976e-01
       136    9.9999976e-01
       137    9.9999976e-01
       138    9.9999976e-01
       139    9.9999976e-01
       140    9.9999976e-01
       141    9.9999976e-01
       142    9.9999976e-01
       143    9.9999976e-01
       144    9.9999976e-01
       145    9.9999976e-01
       146    9.9999976e-01
       147    9.9999976e-01
       148    9.9999976e-01
       149    9.9999976e-01
       150    9.9999976e-01
       151    9.9999976e-01
       152    9.9999976e-01
       153    9.9999976e-01
       154    9.9999976e-01
       155    9.9999976e-01
       156    9.9999976e-01
       157    9.9999976e-01
       158    9.9999976e-01
       159    9.9999976e-01
       160    9.9999976e-01
       161    9.9999976e-01
       162    9.9999976e-01
       163    9.9999976e-01
       164    9.9999976e-01
       165    9.9999976e-01
       166    9.9999976e-01
       167    9.9999976e-01
       168    9.9999964e-01
       169    9.9999946e-01
       170    9.9999905e-01
       171    9.9999839e-01
       172    9.9999720e-01
       173    9.9999517e-01
       174    9.9999166e-01
       175    9.9998552e-01
       176    9.9997491e-01
       177    9.9995649e-01
       178    9.9992460e-01
       179    9.9986935e-01
       180    9.9977350e-01
       181    9.9960762e-01
       182    9.9932015e-01
       183    9.9882239e-01
       184    9.9796081e-01
       185    9.9647093e-01
       186    9.9389845e-01
       187    9.8946893e-01
       188    9.8187757e-01
       189    9.6897209e-01
       190    9.4733250e-01
       191    9.1187942e-01
       192    8.5597438e-01
       193    7.7302545e-01
       194    6.6070324e-01
       195    5.2651763e-01
       196    3.8861999e-01
       197    2.6711476e-01
       198    1.7342073e-01
       199    1.0809987e-01
       200    6.5597489e-02
       201    3.9141200e-02
       202    2.3117073e-02
       203    1.3569925e-02
       204    7.9370085e-03
       205    4.6325545e-03
       206    2.7005477e-03
       207    1.5731701e-03
       208    9.1605925e-04
       209    5.3330080e-04
       210    3.1043202e-04
       211    1.8068927e-04
       212    1.0516833e-04
       213    6.1211525e-05
       214    3.5627239e-05
       215    2.0736474e-05
       216    1.2069606e-05
       217    7.0251854e-06
       218    4.0891173e-06
       219    2.3801742e-06
       220    1.3854651e-06
       221    8.0647362e-07
       222    4.6945345e-07
       223    2.7327681e-07
       224    1.5908195e-07
       225    9.2607664e-08
       226    5.3911432e-08
       227    3.1385042e-08
       228    1.8271431e-08
       229    1.0637273e-08
       230    6.1929279e-09
       231    3.6055348e-09
       232    2.0991882e-09
       233    1.2221963e-09
       234    7.1160444e-10
       235    4.1432799e-10
       236    2.4124477e-10
       237    1.4046871e-10
       238    8.1791719e-11
       239    4.7626337e-11
       240    2.7732759e-11
       241    1.6149053e-11
       242    9.4039264e-12
       243    5.4762037e-12
       244    3.1890285e-12
       245    1.8571462e-12
       246    1.0815441e-12
       247    6.2987907e-13
       248    3.6685778e-13
       249    2.1369960e-13
       250    1.2453352e-13
       251    7.2656176e-14
       252    4.2532465e-14
       253    2.5142227e-14
       254    1.5278535e-14
       255    9.9882210e-15
       256    7.6874550e-15
