         1    9.9999976e-01
         2    9.9999976e-01
         3    9.9999976e-01
         4    9.9999976e-01
         5    9.9999976e-01
         6    9.9999976e-01
         7    9.9999976e-01
         8    9.9999976e-01
         9    9.9999976e-01
        10    9.9999976e-01
        11    9.9999976e-01
        12    9.9999976e-01
        13    9.9999976e-01
        14    9.9999976e-01
        15    9.9999976e-01
        16    9.9999976e-01
        17    9.9999976e-01
        18    9.9999976e-01
        19    9.9999976e-01
        20    9.9999976e-01
        21    9.9999976e-01
        22    9.9999976e-01
        23    9.9999976e-01
        24    9.9999976e-01
        25    9.9999976e-01
        26    9.9999976e-01
        27    9.9999976e-01
        28    9.9999976e-01
        29    9.9999976e-01
        30    9.9999976e-01
        31    9.9999976e-01
        32    9.9999976e-01
        33    9.9999976e-01
        34    9.9999976e-01
        35    9.9999976e-01
        36    9.9999976e-01
        37    9.9999976e-01
        38    9.9999976e-01
        39    9.9999976e-01
        40    9.9999976e-01
        41    9.9999976e-01
        42    9.9999976e-01
        43    9.9999976e-01
        44    9.9999976e-01
        45    9.9999976e-01
        46    9.9999976e-01
        47    9.9999976e-01
        48    9.9999976e-01
        49    9.9999976e-01
        50    9.9999976e-01
        51    9.9999976e-01
        52    9.9999976e-01
        53    9.9999976e-01
        54    9.9999976e-01
        55    9.9999976e-01
        56    9.9999976e-01
        57    9.9999976e-01
        58    9.9999976e-01
        59    9.9999976e-01
        60    9.9999976e-01
        61    9.9999976e-01
        62    9.9999976e-01
        63    9.9999976e-01
        64    9.9999976e-01
        65    9.9999976e-01
        66    9.9999976e-01
        67    9.9999976e-01
        68    9.9999976e-01
        69    9.9999976e-01
        70    9.9999976e-01
        71    9.9999976e-01
        72    9.9999976e-01
        73    9.9999976e-01
        74    9.9999976e-01
        75    9.9999976e-01
        76    9.9999976e-01
        77    9.9999976e-01
        78    9.9999976e-01
        79    9.9999976e-01
        80    9.9999976e-01
        81    9.9999976e-01
        82    9.9999970e-01
        83    9.9999958e-01
        84    9.9999934e-01
        85    9.9999887e-01
        86    9.9999797e-01
        87    9.9999654e-01
        88    9.9999398e-01
        89    9.9998963e-01
        90    9.9998206e-01
        91    9.9996889e-01
        92    9.9994612e-01
        93    9.9990666e-01
        94    9.9983835e-01
        95    9.9972004e-01
        96    9.9951518e-01
        97    9.9916053e-01
        98    9.9854666e-01
        99    9.9748486e-01
       100    9.9565035e-01
       101    9.9248666e-01
       102    9.8704892e-01
       103    9.7775632e-01
       104    9.6203202e-01
       105    9.3586695e-01
       106    8.9353400e-01
       107    8.2810742e-01
       108    7.3396844e-01
       109    6.1192209e-01
       110    4.7388977e-01
       111    3.4015509e-01
       112    2.2845028e-01
       113    1.4583342e-01
       114    8.9888752e-02
       115    5.4166965e-02
       116    3.2187819e-02
       117    1.8966706e-02
       118    1.1120578e-02
       119    6.5012500e-03
       120    3.7943216e-03
       121    2.2123489e-03
       122    1.2892572e-03
       123    7.5110345e-04
       124    4.3751913e-04
       125    2.5484027e-04
       126    1.4843429e-04
       127    8.6458567e-05
       128    5.0361272e-05
       129    2.9336243e-05
       130    1.7089682e-05
       131    9.9560402e-06
       132    5.8004730e-06
       133    3.3795957e-06
       134    1.9692056e-06
       135    1.1474735e-06
       136    6.6868211e-07
       137    3.8969273e-07
       138    2.2711754e-07
       139    1.3237468e-07
       140    7.7158745e-08
       141    4.4977114e-08
       142    2.6219496e-08
       143    1.5285638e-08
       144    8.9118828e-09
       145    5.1961555e-09
       146    3.0298548e-09
       147    1.7668053e-09
       148    1.0303457e-09
       149    6.0090366e-10
       150    3.5047298e-10
       151    2.0442419e-10
       152    1.1924450e-10
       153    6.9562148e-11
       154    4.0582277e-11
       155    2.3677124e-11
       156    1.3814999e-11
       157    8.0612522e-12
       158    4.7041824e-12
       159    2.7453400e-12
       160    1.6022814e-12
       161    9.3521718e-13
       162    5.4590566e-13
       163    3.1867976e-13
       164    1.8604740e-13
       165    1.0862389e-13
       166    6.3424953e-14
       167    3.7036377e-14
       168    2.1628720e-14
       169    1.2631870e-14
       170    7.3780144e-15
       171    4.3096986e-15
       172    2.5176214e-15
       173    1.4708576e-15
       174    8.5938576e-16
       175    5.0216179e-16
       176    2.9345245e-16
       177    1.7150278e-16
       178    1.0024083e-16
       179    5.8594775e-17
       180    3.4254270e-17
       181    2.0026867e-17
       182    1.1709937e-17
       183    6.8476298e-18
       184    4.0047106e-18
       185    2.3423298e-18
       186    1.3701627e-18
       187    8.0157555e-19
       188    4.6899269e-19
       189    2.7443420e-19
       190    1.6060614e-19
       191    9.4002433e-20
       192    5.5026310e-20
       193    3.2214950e-20
       194    1.8862610e-20
       195    1.1045995e-20
       196    6.4694632e-21
       197    3.7896024e-21
       198    2.2201524e-21
       199    1.3008805e-21
       200    7.6235876e-22
       201    4.4683858e-22
       202    2.6194688e-22
       203    1.5358511e-22
       204    9.0065897e-23
       205    5.2826190e-23
       206    3.0989747e-23
       207    1.8183140e-23
       208    1.0670977e-23
       209    6.2636329e-24
       210    3.6773717e-24
       211    2.1594363e-24
       212    1.2683446e-24
       213    7.4512734e-25
       214    4.3784714e-25
       215    2.5734497e-25
       216    1.5129070e-25
       217    8.8964029e-26
       218    5.2326826e-26
       219    3.0785349e-26
       220    1.8116545e-26
       221    1.0663994e-26
       222    6.2788371e-27
       223    3.6978949e-27
       224    2.1784467e-27
       225    1.2836809e-27
       226    7.5663312e-28
       227    4.4609959e-28
       228    2.6308504e-28
       229    1.5519496e-28
       230    9.1574604e-29
       231    5.4048901e-29
       232    3.1908825e-29
       233    1.8842752e-29
       234    1.1129720e-29
       235    6.5754679e-30
       236    3.8856833e-30
       237    2.2966850e-30
       238    1.3577606e-30
       239    8.0283556e-31
       240    4.7479359e-31
       241    2.8083456e-31
       242    1.6613292e-31
       243    9.8290565e-32
       244    5.8158059e-32
       245    3.4414446e-32
       246    2.0365545e-32
       247    1.2052307e-32
       248    7.1329218e-33
       249    4.2220234e-33
       250    2.5000318e-33
       251    1.4821609e-33
       252    8.8185678e-34
       253    5.3010580e-34
       254    3.2785706e-34
       255    2.1814592e-34
       256    1.7006437e-34
