         1    9.9999976e-01
         2    9.9999976e-01
         3    9.9999976e-01
         4    9.9999976e-01
         5    9.9999976e-01
         6    9.9999976e-01
         7    9.9999976e-01
         8    9.9999976e-01
         9    9.9999976e-01
        10    9.9999976e-01
        11    9.9999976e-01
        12    9.9999976e-01
        13    9.9999976e-01
        14    9.9999976e-01
        15    9.9999976e-01
        16    9.9999976e-01
        17    9.9999976e-01
        18    9.9999976e-01
        19    9.9999976e-01
        20    9.9999976e-01
        21    9.9999976e-01
        22    9.9999976e-01
        23    9.9999976e-01
        24    9.9999976e-01
        25    9.9999976e-01
        26    9.9999976e-01
        27    9.9999976e-01
        28    9.9999976e-01
        29    9.9999976e-01
        30    9.9999976e-01
        31    9.9999976e-01
        32    9.9999976e-01
        33    9.9999976e-01
        34    9.9999976e-01
        35    9.9999976e-01
        36    9.9999976e-01
        37    9.9999976e-01
        38    9.9999976e-01
        39    9.9999976e-01
        40    9.9999976e-01
        41    9.9999976e-01
        42    9.9999976e-01
        43    9.9999976e-01
        44    9.9999976e-01
        45    9.9999976e-01
        46    9.9999976e-01
        47    9.9999976e-01
        48    9.9999976e-01
        49    9.9999976e-01
        50    9.9999976e-01
        51    9.9999976e-01
        52    9.9999976e-01
        53    9.9999976e-01
        54    9.9999976e-01
        55    9.9999976e-01
        56    9.9999976e-01
        57    9.9999976e-01
        58    9.9999976e-01
        59    9.9999976e-01
        60    9.9999976e-01
        61    9.9999976e-01
        62    9.9999976e-01
        63    9.9999976e-01
        64    9.9999976e-01
        65    9.9999976e-01
        66    9.9999976e-01
        67    9.9999976e-01
        68    9.9999976e-01
        69    9.9999976e-01
        70    9.9999976e-01
        71    9.9999976e-01
        72    9.9999976e-01
        73    9.9999976e-01
        74    9.9999976e-01
        75    9.9999976e-01
        76    9.9999976e-01
        77    9.9999976e-01
        78    9.9999976e-01
        79    9.9999976e-01
        80    9.9999976e-01
        81    9.9999976e-01
        82    9.9999976e-01
        83    9.9999976e-01
        84    9.9999976e-01
        85    9.9999976e-01
        86    9.9999976e-01
        87    9.9999976e-01
        88    9.9999976e-01
        89    9.9999976e-01
        90    9.9999976e-01
        91    9.9999976e-01
        92    9.9999976e-01
        93    9.9999976e-01
        94    9.9999976e-01
        95    9.9999976e-01
        96    9.9999976e-01
        97    9.9999976e-01
        98    9.9999976e-01
        99    9.9999976e-01
       100    9.9999976e-01
       101    9.9999976e-01
       102    9.9999976e-01
       103    9.9999976e-01
       104    9.9999976e-01
       105    9.9999976e-01
       106    9.9999976e-01
       107    9.9999976e-01
       108    9.9999976e-01
       109    9.9999976e-01
       110    9.9999976e-01
       111    9.9999976e-01
       112    9.9999976e-01
       113    9.9999976e-01
       114    9.9999976e-01
       115    9.9999976e-01
       116    9.9999976e-01
       117    9.9999976e-01
       118    9.9999976e-01
       119    9.9999976e-01
       120    9.9999976e-01
       121    9.9999976e-01
       122    9.9999976e-01
       123    9.9999976e-01
       124    9.9999976e-01
       125    9.9999976e-01
       126    9.9999976e-01
       127    9.9999976e-01
       128    9.9999976e-01
       129    9.9999976e-01
       130    9.9999976e-01
       131    9.9999976e-01
       132    9.9999976e-01
       133    9.9999976e-01
       134    9.9999976e-01
       135    9.9999976e-01
       136    9.9999976e-01
       137    9.9999976e-01
       138    9.9999976e-01
       139    9.9999976e-01
       140    9.9999976e-01
       141    9.9999976e-01
       142    9.9999976e-01
       143    9.9999976e-01
       144    9.9999976e-01
       145    9.9999976e-01
       146    9.9999976e-01
       147    9.9999976e-01
       148    9.9999976e-01
       149    9.9999976e-01
       150    9.9999970e-01
       151    9.9999964e-01
       152    9.9999940e-01
       153    9.9999899e-01
       154    9.9999827e-01
       155    9.9999702e-01
       156    9.9999481e-01
       157    9.9999100e-01
       158    9.9998444e-01
       159    9.9997306e-01
       160    9.9995327e-01
       161    9.9991906e-01
       162    9.9985969e-01
       163    9.9975693e-01
       164    9.9957889e-01
       165    9.9927050e-01
       166    9.9873638e-01
       167    9.9781215e-01
       168    9.9621409e-01
       169    9.9345583e-01
       170    9.8870873e-01
       171    9.8057991e-01
       172    9.6678019e-01
       173    9.4369590e-01
       174    9.0602428e-01
       175    8.4699774e-01
       176    7.6027578e-01
       177    6.4449584e-01
       178    5.0867051e-01
       179    3.7185216e-01
       180    2.5351351e-01
       181    1.6359672e-01
       182    1.0155998e-01
       183    6.1469272e-02
       184    3.6620110e-02
       185    2.1607980e-02
       186    1.2677319e-02
       187    7.4127568e-03
       188    4.3259216e-03
       189    2.5216360e-03
       190    1.4689302e-03
       191    8.5537729e-04
       192    4.9799366e-04
       193    2.8989528e-04
       194    1.6874622e-04
       195    9.8223805e-05
       196    5.7173856e-05
       197    3.3279823e-05
       198    1.9371806e-05
       199    1.1276295e-05
       200    6.5640356e-06
       201    3.8210628e-06
       202    2.2243671e-06
       203    1.2949054e-06
       204    7.5383957e-07
       205    4.3886325e-07
       206    2.5549889e-07
       207    1.4875044e-07
       208    8.6603833e-08
       209    5.0422624e-08
       210    2.9357789e-08
       211    1.7093493e-08
       212    9.9528599e-09
       213    5.7952811e-09
       214    3.3745104e-09
       215    1.9649735e-09
       216    1.1442272e-09
       217    6.6631173e-10
       218    3.8801842e-10
       219    2.2596280e-10
       220    1.3159256e-10
       221    7.6636454e-11
       222    4.4632305e-11
       223    2.5993992e-11
       224    1.5139324e-11
       225    8.8175882e-12
       226    5.1357404e-12
       227    2.9913433e-12
       228    1.7423659e-12
       229    1.0148982e-12
       230    5.9117435e-13
       231    3.4436478e-13
       232    2.0060050e-13
       233    1.1685717e-13
       234    6.8075198e-14
       235    3.9658167e-14
       236    2.3103971e-14
       237    1.3460181e-14
       238    7.8419759e-15
       239    4.5688872e-15
       240    2.6619865e-15
       241    1.5509998e-15
       242    9.0370803e-16
       243    5.2656894e-16
       244    3.0682670e-16
       245    1.7878972e-16
       246    1.0418494e-16
       247    6.0713429e-17
       248    3.5383031e-17
       249    2.0624046e-17
       250    1.2026333e-17
       251    7.0210495e-18
       252    4.1128429e-18
       253    2.4329541e-18
       254    1.4796005e-18
       255    9.6803903e-19
       256    7.4548939e-19
