    20    1.0000000e+00    1.1470062e+01     11    1.4700627e+00
    40    2.0000000e+00    1.2942863e+01     12    1.4728002e+00
    60    3.0000000e+00    1.4444561e+01     14    1.5016985e+00
    80    4.0000000e+00    1.5963298e+01     15    1.5187370e+00
   100    5.0000000e+00    1.7501756e+01     17    1.5384576e+00
   120    6.0000000e+00    1.9054423e+01     19    1.5526675e+00
   140    7.0000000e+00    2.0615973e+01     20    1.5615497e+00
   160    8.0000000e+00    2.2194454e+01     22    1.5784808e+00
   180    9.0000000e+00    2.3773558e+01     23    1.5791047e+00
   200    1.0000000e+01    2.5370269e+01     25    1.5967107e+00
   220    1.1000000e+01    2.6967740e+01     26    1.5974711e+00
   240    1.2000000e+01    2.8574716e+01     28    1.6069753e+00
   260    1.3000000e+01    3.0191191e+01     30    1.6164759e+00
   280    1.4000000e+01    3.1804928e+01     31    1.6137365e+00
   300    1.5000000e+01    3.3432392e+01     33    1.6274644e+00
   320    1.6000000e+01    3.5061243e+01     35    1.6288504e+00
   340    1.7000000e+01    3.6691003e+01     36    1.6297599e+00
   360    1.8000000e+01    3.8332240e+01     38    1.6412378e+00
   380    1.9000000e+01    3.9970098e+01     39    1.6378581e+00
   400    2.0000000e+01    4.1613901e+01     41    1.6438025e+00
   420    2.1000000e+01    4.3265212e+01     43    1.6513113e+00
   440    2.2000000e+01    4.4911383e+01     44    1.6461709e+00
   460    2.3000000e+01    4.6565783e+01     46    1.6544000e+00
   480    2.4000000e+01    4.8225029e+01     48    1.6592458e+00
   500    2.5000000e+01    4.9878676e+01     49    1.6536469e+00
   520    2.6000000e+01    5.1541167e+01     51    1.6624908e+00
   540    2.7000000e+01    5.3207059e+01     53    1.6658923e+00
   560    2.8000000e+01    5.4867185e+01     54    1.6601261e+00
   580    2.9000000e+01    5.6536028e+01     56    1.6688427e+00
   600    3.0000000e+01    5.8207701e+01     58    1.6716731e+00
   620    3.1000000e+01    5.9873400e+01     59    1.6656995e+00
   640    3.2000000e+01    6.1547289e+01     61    1.6738886e+00
   660    3.3000000e+01    6.3224099e+01     63    1.6768099e+00
   680    3.4000000e+01    6.4894710e+01     64    1.6706108e+00
   700    3.5000000e+01    6.6572553e+01     66    1.6778431e+00
   720    3.6000000e+01    6.8253925e+01     68    1.6813719e+00
   740    3.7000000e+01    6.9929090e+01     69    1.6751655e+00
   760    3.8000000e+01    7.1609924e+01     71    1.6808335e+00
   780    3.9000000e+01    7.3295283e+01     73    1.6853592e+00
   800    4.0000000e+01    7.4974996e+01     74    1.6797130e+00
   820    4.1000000e+01    7.6657889e+01     76    1.6828926e+00
   840    4.2000000e+01    7.8346624e+01     78    1.6887352e+00
   860    4.3000000e+01    8.0031212e+01     80    1.6845879e+00
   880    4.4000000e+01    8.1715269e+01     81    1.6840568e+00
   900    4.5000000e+01    8.3406718e+01     83    1.6914491e+00
   920    4.6000000e+01    8.5095868e+01     85    1.6891499e+00
   940    4.7000000e+01    8.6781154e+01     86    1.6852864e+00
   960    4.8000000e+01    8.8474560e+01     88    1.6934064e+00
   980    4.9000000e+01    9.0167719e+01     90    1.6931590e+00
  1000    5.0000000e+01    9.1854861e+01     91    1.6871418e+00
  1020    5.1000000e+01    9.3549381e+01     93    1.6945196e+00
  1040    5.2000000e+01    9.5245865e+01     95    1.6964841e+00
  1060    5.3000000e+01    9.6935888e+01     96    1.6900231e+00
  1080    5.4000000e+01    9.8630597e+01     98    1.6947088e+00
  1100    5.5000000e+01    1.0032963e+02    100    1.6990307e+00
  1120    5.6000000e+01    1.0202394e+02    102    1.6943086e+00
  1140    5.7000000e+01    1.0371783e+02    103    1.6938939e+00
  1160    5.8000000e+01    1.0541851e+02    105    1.7006823e+00
  1180    5.9000000e+01    1.0711709e+02    107    1.6985796e+00
  1200    6.0000000e+01    1.0881084e+02    108    1.6937483e+00
  1220    6.1000000e+01    1.1051218e+02    110    1.7013372e+00
  1240    6.2000000e+01    1.1221413e+02    112    1.7019556e+00
  1260    6.3000000e+01    1.1390954e+02    113    1.6954073e+00
  1280    6.4000000e+01    1.1561044e+02    115    1.7009006e+00
  1300    6.5000000e+01    1.1731476e+02    117    1.7043203e+00
  1320    6.6000000e+01    1.1901397e+02    119    1.6992126e+00
  1340    6.7000000e+01    1.2071324e+02    120    1.6992708e+00
  1360    6.8000000e+01    1.2241885e+02    122    1.7056009e+00
  1380    6.9000000e+01    1.2412231e+02    124    1.7034617e+00
  1400    7.0000000e+01    1.2582069e+02    125    1.6983831e+00
  1420    7.1000000e+01    1.2752636e+02    127    1.7056736e+00
  1440    7.2000000e+01    1.2923293e+02    129    1.7065613e+00
  1460    7.3000000e+01    1.3093295e+02    130    1.7000275e+00
  1480    7.4000000e+01    1.3263742e+02    132    1.7044658e+00
  1500    7.5000000e+01    1.3434587e+02    134    1.7084531e+00
  1520    7.6000000e+01    1.3605012e+02    136    1.7042476e+00
  1540    7.7000000e+01    1.3775226e+02    137    1.7021375e+00
  1560    7.8000000e+01    1.3946129e+02    139    1.7090351e+00
  1580    7.9000000e+01    1.4116934e+02    141    1.7080456e+00
  1600    8.0000000e+01    1.4287118e+02    142    1.7018465e+00
  1620    8.1000000e+01    1.4457939e+02    144    1.7082057e+00
  1640    8.2000000e+01    1.4628988e+02    146    1.7104903e+00
  1660    8.3000000e+01    1.4799467e+02    147    1.7047860e+00
  1680    8.4000000e+01    1.4970056e+02    149    1.7058919e+00
  1700    8.5000000e+01    1.5141207e+02    151    1.7115090e+00
  1720    8.6000000e+01    1.5312120e+02    153    1.7091370e+00
  1740    8.7000000e+01    1.5482526e+02    154    1.7040584e+00
  1760    8.8000000e+01    1.5653628e+02    156    1.7110142e+00
  1780    8.9000000e+01    1.5824834e+02    158    1.7120619e+00
  1800    9.0000000e+01    1.5995398e+02    159    1.7056445e+00
  1820    9.1000000e+01    1.6166296e+02    161    1.7089769e+00
  1840    9.2000000e+01    1.6337637e+02    163    1.7134153e+00
  1860    9.3000000e+01    1.6508647e+02    165    1.7100974e+00
  1880    9.4000000e+01    1.6679267e+02    166    1.7061975e+00
  1900    9.5000000e+01    1.6850588e+02    168    1.7132115e+00
  1920    9.6000000e+01    1.7021922e+02    170    1.7133425e+00
  1940    9.7000000e+01    1.7192605e+02    171    1.7068232e+00
  1960    9.8000000e+01    1.7363737e+02    173    1.7113198e+00
  1980    9.9000000e+01    1.7535235e+02    175    1.7149869e+00
  2000    1.0000000e+02    1.7706337e+02    177    1.7110142e+00
  2020    1.0100000e+02    1.7877150e+02    178    1.7081329e+00
  2040    1.0200000e+02    1.8048644e+02    180    1.7149432e+00
  2060    1.0300000e+02    1.8220099e+02    182    1.7145503e+00
  2080    1.0400000e+02    1.8390905e+02    183    1.7080602e+00
  2100    1.0500000e+02    1.8562216e+02    185    1.7131097e+00
  2120    1.0600000e+02    1.8733852e+02    187    1.7163547e+00
  2140    1.0700000e+02    1.8905052e+02    189    1.7120037e+00
  2160    1.0800000e+02    1.9076026e+02    190    1.7097336e+00
  2180    1.0900000e+02    1.9247661e+02    192    1.7163547e+00
  2200    1.1000000e+02    1.9419230e+02    194    1.7156854e+00
  2220    1.1100000e+02    1.9590155e+02    195    1.7092534e+00
  2240    1.1200000e+02    1.9761607e+02    197    1.7145212e+00
  2260    1.1300000e+02    1.9933360e+02    199    1.7175335e+00
  2280    1.1400000e+02    2.0104670e+02    201    1.7130951e+00
  2300    1.1500000e+02    2.0275773e+02    202    1.7110287e+00
  2320    1.1600000e+02    2.0447525e+02    204    1.7175189e+00
  2340    1.1700000e+02    2.0619205e+02    206    1.7168059e+00
  2360    1.1800000e+02    2.0790244e+02    207    1.7103885e+00
  2380    1.1900000e+02    2.0961803e+02    209    1.7155835e+00
  2400    1.2000000e+02    2.1133665e+02    211    1.7186248e+00
  2420    1.2100000e+02    2.1305092e+02    213    1.7142738e+00
  2440    1.2200000e+02    2.1476288e+02    214    1.7119601e+00
  2460    1.2300000e+02    2.1648138e+02    216    1.7184939e+00
  2480    1.2400000e+02    2.1819930e+02    218    1.7179264e+00
  2500    1.2500000e+02    2.1991078e+02    219    1.7114799e+00
  2520    1.2600000e+02    2.2162715e+02    221    1.7163693e+00
  2540    1.2700000e+02    2.2334677e+02    223    1.7196144e+00
  2560    1.2800000e+02    2.2506231e+02    225    1.7155398e+00
  2580    1.2900000e+02    2.2677495e+02    226    1.7126440e+00
  2600    1.3000000e+02    2.2849423e+02    228    1.7192797e+00
  2620    1.3100000e+02    2.3021326e+02    230    1.7190323e+00
  2640    1.3200000e+02    2.3192582e+02    231    1.7125567e+00
  2660    1.3300000e+02    2.3364271e+02    233    1.7168932e+00
  2680    1.3400000e+02    2.3536319e+02    235    1.7204729e+00
  2700    1.3500000e+02    2.3708005e+02    237    1.7168641e+00
  2720    1.3600000e+02    2.3879323e+02    238    1.7131824e+00
  2740    1.3700000e+02    2.4051311e+02    240    1.7198763e+00
  2760    1.3800000e+02    2.4223323e+02    242    1.7201237e+00
  2780    1.3900000e+02    2.4394697e+02    243    1.7137354e+00
  2800    1.4000000e+02    2.4566444e+02    245    1.7174752e+00
  2820    1.4100000e+02    2.4738762e+02    247    1.7231796e+00
  2840    1.4200000e+02    2.4911849e+02    249    1.7308630e+00
  2860    1.4300000e+02    2.5091495e+02    250    1.7964630e+00
  2880    1.4400000e+02    2.5335947e+02    253    2.4445180e+00
  2900    1.4500000e+02    2.5335947e+02    255    0.0000000e+00
  2920    1.4600000e+02    2.5335947e+02    255    0.0000000e+00
  2940    1.4700000e+02    2.5335947e+02    255    0.0000000e+00
  2960    1.4800000e+02    2.5335947e+02    255    0.0000000e+00
  2980    1.4900000e+02    2.5335947e+02    255    0.0000000e+00
  3000    1.5000000e+02    2.5335947e+02    255    0.0000000e+00
