   2.7012441e+00    9.5113251e+00
   2.9001999e+00    5.2794185e+00
   3.1049333e+00    5.1761688e+00
   3.3156518e+00    5.4411110e+00
   3.5316775e+00    5.6291907e+00
   3.7522175e+00    5.6743227e+00
   3.9765391e+00    5.5889831e+00
   4.2042498e+00    5.4987318e+00
   4.4348135e+00    5.3272952e+00
   4.6677965e+00    5.1026791e+00
   4.9028563e+00    4.8487307e+00
   5.1397201e+00    4.5813220e+00
   5.3781682e+00    4.3109134e+00
   5.6180229e+00    4.0446375e+00
   5.8591386e+00    3.7869843e+00
   6.1013948e+00    3.5406147e+00
   6.3446905e+00    3.3069695e+00
   6.5889412e+00    3.0869955e+00
   6.8340728e+00    2.8800433e+00
   7.0800229e+00    2.6865926e+00
   7.3267356e+00    2.5054511e+00
   7.5741641e+00    2.3369854e+00
   7.8222647e+00    2.1795993e+00
   8.0709988e+00    2.0327364e+00
   8.3203322e+00    1.8959513e+00
   8.5702350e+00    1.7688591e+00
   8.8206762e+00    1.6493341e+00
   9.0716330e+00    1.5390111e+00
   9.3230792e+00    1.4350099e+00
   9.5749938e+00    1.3382250e+00
   9.8273576e+00    1.2481889e+00
   1.0080150e+01    1.1631671e+00
   1.0333355e+01    1.0843244e+00
   1.0586955e+01    1.0097668e+00
   1.0840935e+01    9.4011624e-01
   1.1095281e+01    8.7502270e-01
   1.1349979e+01    8.1313396e-01
   1.1605018e+01    7.5596958e-01
   1.1860384e+01    7.0158845e-01
   1.2116066e+01    6.5017778e-01
   1.2372056e+01    6.0306329e-01
   1.2628341e+01    5.5768672e-01
   1.2884914e+01    5.1543303e-01
   1.3141766e+01    4.7559226e-01
   1.3398888e+01    4.3852508e-01
   1.3656272e+01    4.0321757e-01
   1.3913913e+01    3.7079165e-01
   1.4171802e+01    3.3992879e-01
   1.4429934e+01    3.1143304e-01
   1.4688300e+01    2.8401187e-01
   1.4946900e+01    2.5992847e-01
   1.5205726e+01    2.3720094e-01
   1.5464771e+01    2.1564850e-01
   1.5724036e+01    1.9684174e-01
   1.5983513e+01    1.7924239e-01
   1.6243199e+01    1.6334867e-01
   1.6503091e+01    1.4904645e-01
   1.6763166e+01    1.2921567e-01
   1.7023411e+01    1.0652490e-01
   1.7283819e+01    8.4356502e-02
   1.7544387e+01    6.3296683e-02
   1.7805114e+01    4.3919963e-02
   1.8065994e+01    2.4741578e-02
   1.8327026e+01    7.7632845e-03
   1.8588205e+01    9.2171004e-03
   1.8849532e+01    2.4188045e-02
   1.9111003e+01    3.8610034e-02
   1.9372617e+01    5.1191033e-02
   1.9634374e+01    6.2683712e-02
   1.9896270e+01    7.3166044e-02
   2.0158304e+01    8.2704947e-02
   2.0420479e+01    8.9967433e-02
   2.0682790e+01    9.7104326e-02
   2.0945237e+01    1.0278265e-01
   2.1207825e+01    1.0567187e-01
   2.1470549e+01    1.0859197e-01
   2.1733413e+01    1.0882605e-01
   2.1996413e+01    1.0919106e-01
   2.2259544e+01    1.1043287e-01
   2.2522767e+01    1.2569492e-01
   2.2786078e+01    1.4051564e-01
   2.3049477e+01    1.5492816e-01
   2.3312963e+01    1.6825245e-01
   2.3576538e+01    1.7987371e-01
   2.3840204e+01    1.8979341e-01
   2.4103958e+01    2.0012929e-01
   2.4367806e+01    2.0677927e-01
   2.4631745e+01    2.1390123e-01
   2.4895780e+01    2.1807505e-01
   2.5159912e+01    2.2140651e-01
   2.5424140e+01    2.2391804e-01
   2.5688470e+01    2.2357370e-01
   2.5952902e+01    2.2246649e-01
   2.6217438e+01    2.1994041e-01
   2.6482083e+01    2.1460880e-01
   2.6746837e+01    2.0859453e-01
   2.7011687e+01    2.0671576e-01
   2.7276590e+01    2.2069752e-01
   2.7541544e+01    2.3470751e-01
   2.7806551e+01    2.4740197e-01
   2.8071614e+01    2.5810413e-01
   2.8336734e+01    2.6821211e-01
   2.8601917e+01    2.7497493e-01
   2.8867164e+01    2.8119875e-01
   2.9132478e+01    2.8547668e-01
   2.9397859e+01    2.8923838e-01
   2.9663319e+01    2.8836087e-01
   2.9928853e+01    2.8834410e-01
   3.0194471e+01    2.8442259e-01
   3.0460173e+01    2.8002219e-01
   3.0725965e+01    2.7241975e-01
   3.0991851e+01    2.6368761e-01
   3.1257827e+01    2.5520909e-01
   3.1523839e+01    2.6687354e-01
   3.1789878e+01    2.8222130e-01
   3.2055948e+01    2.9440678e-01
   3.2322059e+01    3.0346221e-01
   3.2588207e+01    3.1348029e-01
   3.2854397e+01    3.2037973e-01
   3.3120636e+01    3.2553236e-01
   3.3386928e+01    3.2757893e-01
   3.3653276e+01    3.2928319e-01
   3.3919689e+01    3.2652451e-01
   3.4186163e+01    3.2479552e-01
   3.4452714e+01    3.1727049e-01
   3.4719335e+01    3.1215671e-01
   3.4986042e+01    2.9989545e-01
   3.5252837e+01    2.8734392e-01
   3.5519668e+01    2.9364243e-01
   3.5786514e+01    3.0783483e-01
   3.6053374e+01    3.2174878e-01
   3.6320260e+01    3.3125993e-01
   3.6587164e+01    3.4323840e-01
   3.6854108e+01    3.4673242e-01
   3.7121081e+01    3.5407224e-01
   3.7388098e+01    3.5567484e-01
   3.7655165e+01    3.5429802e-01
   3.7922284e+01    3.5266637e-01
   3.8189461e+01    3.4806848e-01
   3.8456703e+01    3.4050666e-01
   3.8724018e+01    3.2998370e-01
   3.8991406e+01    3.1924326e-01
   3.9258870e+01    3.0691050e-01
   3.9526345e+01    3.1892653e-01
   3.9793820e+01    3.3482291e-01
   4.0061306e+01    3.4641229e-01
   4.0328803e+01    3.5779884e-01
   4.0596322e+01    3.6487723e-01
   4.0863866e+01    3.7038780e-01
   4.1131443e+01    3.7298733e-01
