         1    9.9999905e-01
         2    9.9999905e-01
         3    9.9999905e-01
         4    9.9999905e-01
         5    9.9999905e-01
         6    9.9999905e-01
         7    9.9999905e-01
         8    9.9999905e-01
         9    9.9999905e-01
        10    9.9999905e-01
        11    9.9999905e-01
        12    9.9999905e-01
        13    9.9999905e-01
        14    9.9999905e-01
        15    9.9999905e-01
        16    9.9999905e-01
        17    9.9999905e-01
        18    9.9999905e-01
        19    9.9999905e-01
        20    9.9999905e-01
        21    9.9999905e-01
        22    9.9999905e-01
        23    9.9999905e-01
        24    9.9999905e-01
        25    9.9999905e-01
        26    9.9999905e-01
        27    9.9999905e-01
        28    9.9999905e-01
        29    9.9999905e-01
        30    9.9999905e-01
        31    9.9999905e-01
        32    9.9999905e-01
        33    9.9999905e-01
        34    9.9999905e-01
        35    9.9999905e-01
        36    9.9999905e-01
        37    9.9999905e-01
        38    9.9999905e-01
        39    9.9999905e-01
        40    9.9999905e-01
        41    9.9999905e-01
        42    9.9999905e-01
        43    9.9999905e-01
        44    9.9999905e-01
        45    9.9999905e-01
        46    9.9999905e-01
        47    9.9999905e-01
        48    9.9999905e-01
        49    9.9999905e-01
        50    9.9999905e-01
        51    9.9999905e-01
        52    9.9999905e-01
        53    9.9999905e-01
        54    9.9999905e-01
        55    9.9999905e-01
        56    9.9999905e-01
        57    9.9999905e-01
        58    9.9999905e-01
        59    9.9999905e-01
        60    9.9999905e-01
        61    9.9999905e-01
        62    9.9999905e-01
        63    9.9999905e-01
        64    9.9999905e-01
        65    9.9999905e-01
        66    9.9999905e-01
        67    9.9999905e-01
        68    9.9999905e-01
        69    9.9999905e-01
        70    9.9999905e-01
        71    9.9999905e-01
        72    9.9999905e-01
        73    9.9999905e-01
        74    9.9999905e-01
        75    9.9999905e-01
        76    9.9999905e-01
        77    9.9999905e-01
        78    9.9999905e-01
        79    9.9999905e-01
        80    9.9999905e-01
        81    9.9999899e-01
        82    9.9999887e-01
        83    9.9999869e-01
        84    9.9999851e-01
        85    9.9999815e-01
        86    9.9999768e-01
        87    9.9999702e-01
        88    9.9999613e-01
        89    9.9999493e-01
        90    9.9999338e-01
        91    9.9999136e-01
        92    9.9998868e-01
        93    9.9998510e-01
        94    9.9998045e-01
        95    9.9997431e-01
        96    9.9996626e-01
        97    9.9995559e-01
        98    9.9994165e-01
        99    9.9992323e-01
       100    9.9989903e-01
       101    9.9986720e-01
       102    9.9982536e-01
       103    9.9977028e-01
       104    9.9969786e-01
       105    9.9960256e-01
       106    9.9947721e-01
       107    9.9931234e-01
       108    9.9909556e-01
       109    9.9881041e-01
       110    9.9843544e-01
       111    9.9794251e-01
       112    9.9729460e-01
       113    9.9644327e-01
       114    9.9532509e-01
       115    9.9385732e-01
       116    9.9193221e-01
       117    9.8940969e-01
       118    9.8610902e-01
       119    9.8179764e-01
       120    9.7617930e-01
       121    9.6888000e-01
       122    9.5943451e-01
       123    9.4727433e-01
       124    9.3172276e-01
       125    9.1200238e-01
       126    8.8726389e-01
       127    8.5664827e-01
       128    8.1939065e-01
       129    7.7496910e-01
       130    7.2328585e-01
       131    6.6484284e-01
       132    6.0085392e-01
       133    5.3322560e-01
       134    4.6437123e-01
       135    3.9688253e-01
       136    3.3314738e-01
       137    2.7502990e-01
       138    2.2369750e-01
       139    1.7961308e-01
       140    1.4265247e-01
       141    1.1228094e-01
       142    8.7731458e-02
       143    6.8149649e-02
       144    5.2694380e-02
       145    4.0597051e-02
       146    3.1189339e-02
       147    2.3909969e-02
       148    1.8299239e-02
       149    1.3987493e-02
       150    1.0681515e-02
       151    8.1510739e-03
       152    6.2167756e-03
       153    4.7396342e-03
       154    3.6124389e-03
       155    2.7527583e-03
       156    2.0973696e-03
       157    1.5978732e-03
       158    1.2172678e-03
       159    9.2729734e-04
       160    7.0639950e-04
       161    5.3813064e-04
       162    4.0995554e-04
       163    3.1232162e-04
       164    2.3795076e-04
       165    1.8129875e-04
       166    1.3814254e-04
       167    1.0526572e-04
       168    8.0218568e-05
       169    6.1135390e-05
       170    4.6595243e-05
       171    3.5515888e-05
       172    2.7073038e-05
       173    2.0638850e-05
       174    1.5735088e-05
       175    1.1997450e-05
       176    9.1484135e-06
       177    6.9765474e-06
       178    5.3207673e-06
       179    4.0583350e-06
       180    3.0957251e-06
       181    2.3616681e-06
       182    1.8018488e-06
       183    1.3748709e-06
       184    1.0491817e-06
       185    8.0072959e-07
       186    6.1117936e-07
       187    4.6655222e-07
       188    3.5619021e-07
       189    2.7196629e-07
       190    2.0768300e-07
       191    1.5861379e-07
       192    1.2115365e-07
       193    9.2552682e-08
       194    7.0713114e-08
       195    5.4034462e-08
       196    4.1295543e-08
       197    3.1564472e-08
       198    2.4130062e-08
       199    1.8449493e-08
       200    1.4108412e-08
       201    1.0790489e-08
       202    8.2541982e-09
       203    6.3151129e-09
       204    4.8323825e-09
       205    3.6984269e-09
       206    2.8310647e-09
       207    2.1675097e-09
       208    1.6597869e-09
       209    1.2712325e-09
       210    9.7382358e-10
       211    7.4613882e-10
       212    5.7180011e-10
       213    4.3828355e-10
       214    3.3601105e-10
       215    2.5765601e-10
       216    1.9761333e-10
       217    1.5159406e-10
       218    1.1631580e-10
       219    8.9266067e-11
       220    6.8521293e-11
       221    5.2608553e-11
       222    4.0399774e-11
       223    3.1030817e-11
       224    2.3839595e-11
       225    1.8318739e-11
       226    1.4079353e-11
       227    1.0823295e-11
       228    8.3219464e-12
       229    6.3999691e-12
       230    4.9228547e-12
       231    3.7873970e-12
       232    2.9143894e-12
       233    2.2430313e-12
       234    1.7266407e-12
       235    1.3293680e-12
       236    1.0236760e-12
       237    7.8840840e-13
       238    6.0730723e-13
       239    4.6787639e-13
       240    3.6050890e-13
       241    2.7781754e-13
       242    2.1412062e-13
       243    1.6504743e-13
       244    1.2723501e-13
       245    9.8095252e-14
       246    7.5636017e-14
       247    5.8323606e-14
       248    4.4977012e-14
       249    3.4686690e-14
       250    2.6752011e-14
       251    2.0633201e-14
       252    1.5914335e-14
       253    1.2274879e-14
       254    9.4677709e-15
       255    7.3025573e-15
       256    5.6324049e-15
       257    4.3440940e-15
       258    3.3503166e-15
       259    2.5837383e-15
       260    1.9924250e-15
       261    1.5363173e-15
       262    1.1845138e-15
       263    9.1317574e-16
       264    7.0391180e-16
       265    5.4253355e-16
       266    4.1809417e-16
       267    3.2214812e-16
       268    2.4817949e-16
       269    1.9116119e-16
       270    1.4721499e-16
       271    1.1334901e-16
       272    8.7255273e-17
       273    6.7153540e-17
       274    5.1670707e-17
       275    3.9747818e-17
       276    3.0568258e-17
       277    2.3502373e-17
       278    1.8064736e-17
       279    1.3881156e-17
       280    1.0663239e-17
       281    8.1887481e-18
       282    6.2864606e-18
       283    4.8244813e-18
       284    3.7012325e-18
       285    2.8385009e-18
       286    2.1760771e-18
       287    1.6676225e-18
       288    1.2774834e-18
       289    9.7823362e-19
       290    7.4878240e-19
       291    5.7291506e-19
       292    4.3816982e-19
       293    3.3497178e-19
       294    2.5596678e-19
       295    1.9550812e-19
       296    1.4926151e-19
       297    1.1390139e-19
       298    8.6876944e-20
       299    6.6232442e-20
       300    5.0468913e-20
       301    3.8437978e-20
       302    2.9260176e-20
       303    2.2262279e-20
       304    1.6929146e-20
       305    1.2866780e-20
       306    9.7739613e-21
       307    7.4205129e-21
       308    5.6306237e-21
       309    4.2700707e-21
       310    3.2364308e-21
       311    2.4515858e-21
       312    1.8559839e-21
       313    1.4042503e-21
       314    1.0618298e-21
       315    8.0242113e-22
       316    6.0601567e-22
       317    4.5740023e-22
       318    3.4501421e-22
       319    2.6007749e-22
       320    1.9592546e-22
       321    1.4750216e-22
       322    1.1097434e-22
       323    8.3437370e-23
       324    6.2691660e-23
       325    4.7072510e-23
       326    3.5320818e-23
       327    2.6484834e-23
       328    1.9845603e-23
       329    1.4860360e-23
       330    1.1119615e-23
       331    8.3146350e-24
       332    6.2127955e-24
       333    4.6389427e-24
       334    3.4612791e-24
       335    2.5806999e-24
       336    1.9227349e-24
       337    1.4314624e-24
       338    1.0649199e-24
       339    7.9164075e-25
       340    5.8804606e-25
       341    4.3648004e-25
       342    3.2373165e-25
       343    2.3992280e-25
       344    1.7767301e-25
       345    1.3147189e-25
       346    9.7208420e-26
       347    7.1817854e-26
       348    5.3017172e-26
       349    3.9106987e-26
       350    2.8823320e-26
       351    2.1226756e-26
       352    1.5619654e-26
       353    1.1484328e-26
       354    8.4369282e-27
       355    6.1930704e-27
       356    4.5422276e-27
       357    3.3286741e-27
       358    2.4373142e-27
       359    1.7831507e-27
       360    1.3034646e-27
       361    9.5201433e-28
       362    6.9473527e-28
       363    5.0655342e-28
       364    3.6902838e-28
       365    2.6860955e-28
       366    1.9534793e-28
       367    1.4194513e-28
       368    1.0305168e-28
       369    7.4750012e-29
       370    5.4173593e-29
       371    3.9226808e-29
       372    2.8378924e-29
       373    2.0512815e-29
       374    1.4813912e-29
       375    1.0688781e-29
       376    7.7054734e-30
       377    5.5498602e-30
       378    3.9936975e-30
       379    2.8712933e-30
       380    2.0624724e-30
       381    1.4801502e-30
       382    1.0612788e-30
       383    7.6025295e-31
       384    5.4411499e-31
       385    3.8906858e-31
       386    2.7794801e-31
       387    1.9838183e-31
       388    1.4146214e-31
       389    1.0078076e-31
       390    7.1732033e-32
       391    5.1008891e-32
       392    3.6238892e-32
       393    2.5721685e-32
       394    1.8239734e-32
       395    1.2922048e-32
       396    9.1461241e-33
       397    6.4674781e-33
       398    4.5690312e-33
       399    3.2248075e-33
       400    2.2739097e-33
       401    1.6018862e-33
       402    1.1274008e-33
       403    7.9270683e-34
       404    5.5684407e-34
       405    3.9078754e-34
       406    2.7398909e-34
       407    1.9191572e-34
       408    1.3429873e-34
       409    9.3889426e-35
       410    6.5575894e-35
       411    4.5756614e-35
       412    3.1896649e-35
       413    2.2213508e-35
       414    1.5455019e-35
       415    1.0742408e-35
       416    7.4595541e-36
       417    5.1749087e-36
       418    3.5864972e-36
       419    2.4832230e-36
       420    1.7176628e-36
       421    1.1869610e-36
       422    8.1942804e-37
       423    5.6514587e-37
       424    3.8939031e-37
       425    2.6803042e-37
       426    1.8431337e-37
       427    1.2662020e-37
       428    8.6900448e-38
       429    5.9581776e-38
       430    4.0810965e-38
       431    2.7926197e-38
       432    1.9090521e-38
       433    1.3037502e-38
       434    8.8949032e-39
       435    6.0625833e-39
       436    4.1280375e-39
       437    2.8080087e-39
       438    1.9081888e-39
       439    1.2954262e-39
       440    8.7855949e-40
       441    5.9524636e-40
       442    4.0289153e-40
       443    2.7242363e-40
       444    1.8402132e-40
       445    1.2418027e-40
       446    8.3714972e-41
       447    5.6378441e-41
       448    3.7928946e-41
       449    2.5491020e-41
       450    1.7114058e-41
       451    1.1478036e-41
       452    7.6889247e-42
       453    5.1455680e-42
       454    3.4387864e-42
       455    2.2953269e-42
       456    1.5302179e-42
       457    1.0187440e-42
       458    6.7682716e-43
       459    4.4841551e-43
       460    2.9567398e-43
       461    1.9478049e-43
       462    1.2751816e-43
       463    8.2676609e-44
       464    5.1848043e-44
       465    3.2229865e-44
       466    1.9618179e-44
       467    9.8090893e-45
       468    4.2038954e-45
       469    0.0000000e+00
       470    0.0000000e+00
       471    0.0000000e+00
       472    0.0000000e+00
       473    0.0000000e+00
       474    0.0000000e+00
       475    0.0000000e+00
       476    0.0000000e+00
       477    0.0000000e+00
       478    0.0000000e+00
       479    0.0000000e+00
       480    0.0000000e+00
       481    0.0000000e+00
       482    0.0000000e+00
       483    0.0000000e+00
       484    0.0000000e+00
       485    0.0000000e+00
       486    0.0000000e+00
       487    0.0000000e+00
       488    0.0000000e+00
       489    0.0000000e+00
       490    0.0000000e+00
       491    0.0000000e+00
       492    0.0000000e+00
       493    0.0000000e+00
       494    0.0000000e+00
       495    0.0000000e+00
       496    0.0000000e+00
       497    0.0000000e+00
       498    0.0000000e+00
       499    0.0000000e+00
       500    0.0000000e+00
       501    0.0000000e+00
       502    0.0000000e+00
       503    0.0000000e+00
       504    0.0000000e+00
       505    0.0000000e+00
       506    0.0000000e+00
       507    0.0000000e+00
       508    0.0000000e+00
       509    0.0000000e+00
       510    0.0000000e+00
       511    0.0000000e+00
       512    0.0000000e+00
       513    0.0000000e+00
       514    0.0000000e+00
       515    0.0000000e+00
       516    0.0000000e+00
       517    0.0000000e+00
       518    0.0000000e+00
       519    0.0000000e+00
       520    0.0000000e+00
       521    0.0000000e+00
       522    0.0000000e+00
       523    0.0000000e+00
       524    0.0000000e+00
       525    0.0000000e+00
       526    0.0000000e+00
       527    0.0000000e+00
       528    0.0000000e+00
       529    0.0000000e+00
       530    0.0000000e+00
       531    0.0000000e+00
       532    0.0000000e+00
       533    0.0000000e+00
       534    0.0000000e+00
       535    0.0000000e+00
       536    0.0000000e+00
       537    0.0000000e+00
       538    0.0000000e+00
       539    0.0000000e+00
       540    0.0000000e+00
       541    0.0000000e+00
       542    0.0000000e+00
       543    0.0000000e+00
       544    0.0000000e+00
       545    0.0000000e+00
       546    0.0000000e+00
       547    0.0000000e+00
       548    0.0000000e+00
       549    0.0000000e+00
       550    0.0000000e+00
       551    0.0000000e+00
       552    0.0000000e+00
       553    0.0000000e+00
       554    0.0000000e+00
       555    0.0000000e+00
       556    0.0000000e+00
       557    0.0000000e+00
       558    0.0000000e+00
       559    0.0000000e+00
       560    0.0000000e+00
       561    0.0000000e+00
       562    0.0000000e+00
       563    0.0000000e+00
       564    0.0000000e+00
       565    0.0000000e+00
       566    0.0000000e+00
       567    0.0000000e+00
       568    0.0000000e+00
       569    0.0000000e+00
       570    0.0000000e+00
       571    0.0000000e+00
       572    0.0000000e+00
       573    0.0000000e+00
       574    0.0000000e+00
       575    0.0000000e+00
       576    0.0000000e+00
       577    0.0000000e+00
       578    0.0000000e+00
       579    0.0000000e+00
       580    0.0000000e+00
       581    0.0000000e+00
       582    0.0000000e+00
       583    0.0000000e+00
       584    0.0000000e+00
       585    0.0000000e+00
       586    0.0000000e+00
       587    0.0000000e+00
       588    0.0000000e+00
       589    0.0000000e+00
       590    0.0000000e+00
       591    0.0000000e+00
       592    0.0000000e+00
       593    0.0000000e+00
       594    0.0000000e+00
       595    0.0000000e+00
       596    0.0000000e+00
       597    0.0000000e+00
       598    0.0000000e+00
       599    0.0000000e+00
       600    0.0000000e+00
       601    0.0000000e+00
       602    0.0000000e+00
       603    0.0000000e+00
       604    0.0000000e+00
       605    0.0000000e+00
       606    0.0000000e+00
       607    0.0000000e+00
       608    0.0000000e+00
       609    0.0000000e+00
       610    0.0000000e+00
       611    0.0000000e+00
       612    0.0000000e+00
       613    0.0000000e+00
       614    0.0000000e+00
       615    0.0000000e+00
       616    0.0000000e+00
       617    0.0000000e+00
       618    0.0000000e+00
       619    0.0000000e+00
       620    0.0000000e+00
       621    0.0000000e+00
       622    0.0000000e+00
       623    0.0000000e+00
       624    0.0000000e+00
       625    0.0000000e+00
       626    0.0000000e+00
       627    0.0000000e+00
       628    0.0000000e+00
       629    0.0000000e+00
       630    0.0000000e+00
       631    0.0000000e+00
       632    0.0000000e+00
       633    0.0000000e+00
       634    0.0000000e+00
       635    0.0000000e+00
       636    0.0000000e+00
       637    0.0000000e+00
       638    0.0000000e+00
       639    0.0000000e+00
       640    0.0000000e+00
       641    0.0000000e+00
       642    0.0000000e+00
       643    0.0000000e+00
       644    0.0000000e+00
       645    0.0000000e+00
       646    0.0000000e+00
       647    0.0000000e+00
       648    0.0000000e+00
       649    0.0000000e+00
       650    0.0000000e+00
       651    0.0000000e+00
       652    0.0000000e+00
       653    0.0000000e+00
       654    0.0000000e+00
       655    0.0000000e+00
       656    0.0000000e+00
       657    0.0000000e+00
       658    0.0000000e+00
       659    0.0000000e+00
       660    0.0000000e+00
       661    0.0000000e+00
       662    0.0000000e+00
       663    0.0000000e+00
       664    0.0000000e+00
       665    0.0000000e+00
       666    0.0000000e+00
       667    0.0000000e+00
       668    0.0000000e+00
       669    0.0000000e+00
       670    0.0000000e+00
       671    0.0000000e+00
       672    0.0000000e+00
       673    0.0000000e+00
       674    0.0000000e+00
       675    0.0000000e+00
       676    0.0000000e+00
       677    0.0000000e+00
       678    0.0000000e+00
       679    0.0000000e+00
       680    0.0000000e+00
       681    0.0000000e+00
       682    0.0000000e+00
       683    0.0000000e+00
       684    0.0000000e+00
       685    0.0000000e+00
       686    0.0000000e+00
       687    0.0000000e+00
       688    0.0000000e+00
       689    0.0000000e+00
       690    0.0000000e+00
       691    0.0000000e+00
       692    0.0000000e+00
       693    0.0000000e+00
       694    0.0000000e+00
       695    0.0000000e+00
       696    0.0000000e+00
       697    0.0000000e+00
       698    0.0000000e+00
       699    0.0000000e+00
       700    0.0000000e+00
       701    0.0000000e+00
       702    0.0000000e+00
       703    0.0000000e+00
       704    0.0000000e+00
       705    0.0000000e+00
       706    0.0000000e+00
       707    0.0000000e+00
       708    0.0000000e+00
       709    0.0000000e+00
       710    0.0000000e+00
       711    0.0000000e+00
       712    0.0000000e+00
       713    0.0000000e+00
       714    0.0000000e+00
       715    0.0000000e+00
       716    0.0000000e+00
       717    0.0000000e+00
       718    0.0000000e+00
       719    0.0000000e+00
       720    0.0000000e+00
       721    0.0000000e+00
       722    0.0000000e+00
       723    0.0000000e+00
       724    0.0000000e+00
       725    0.0000000e+00
       726    0.0000000e+00
       727    0.0000000e+00
       728    0.0000000e+00
       729    0.0000000e+00
       730    0.0000000e+00
       731    0.0000000e+00
       732    0.0000000e+00
       733    0.0000000e+00
       734    0.0000000e+00
       735    0.0000000e+00
       736    0.0000000e+00
       737    0.0000000e+00
       738    0.0000000e+00
       739    0.0000000e+00
       740    0.0000000e+00
       741    0.0000000e+00
       742    0.0000000e+00
       743    0.0000000e+00
       744    0.0000000e+00
       745    0.0000000e+00
       746    0.0000000e+00
       747    0.0000000e+00
       748    0.0000000e+00
       749    0.0000000e+00
       750    0.0000000e+00
       751    0.0000000e+00
       752    0.0000000e+00
       753    0.0000000e+00
       754    0.0000000e+00
       755    0.0000000e+00
       756    0.0000000e+00
       757    0.0000000e+00
       758    0.0000000e+00
       759    0.0000000e+00
       760    0.0000000e+00
       761    0.0000000e+00
       762    0.0000000e+00
       763    0.0000000e+00
       764    0.0000000e+00
       765    0.0000000e+00
       766    0.0000000e+00
       767    0.0000000e+00
       768    0.0000000e+00
       769    0.0000000e+00
       770    0.0000000e+00
       771    0.0000000e+00
       772    0.0000000e+00
       773    0.0000000e+00
       774    0.0000000e+00
       775    0.0000000e+00
       776    0.0000000e+00
       777    0.0000000e+00
       778    0.0000000e+00
       779    0.0000000e+00
       780    0.0000000e+00
       781    0.0000000e+00
       782    0.0000000e+00
       783    0.0000000e+00
       784    0.0000000e+00
       785    0.0000000e+00
       786    0.0000000e+00
       787    0.0000000e+00
       788    0.0000000e+00
       789    0.0000000e+00
       790    0.0000000e+00
       791    0.0000000e+00
       792    0.0000000e+00
       793    0.0000000e+00
       794    0.0000000e+00
       795    0.0000000e+00
       796    0.0000000e+00
       797    0.0000000e+00
       798    0.0000000e+00
       799    0.0000000e+00
       800    0.0000000e+00
       801    0.0000000e+00
       802    0.0000000e+00
       803    0.0000000e+00
       804    0.0000000e+00
       805    0.0000000e+00
       806    0.0000000e+00
       807    0.0000000e+00
       808    0.0000000e+00
       809    0.0000000e+00
       810    0.0000000e+00
       811    0.0000000e+00
       812    0.0000000e+00
       813    0.0000000e+00
       814    0.0000000e+00
       815    0.0000000e+00
       816    0.0000000e+00
       817    0.0000000e+00
       818    0.0000000e+00
       819    0.0000000e+00
       820    0.0000000e+00
       821    0.0000000e+00
       822    0.0000000e+00
       823    0.0000000e+00
       824    0.0000000e+00
       825    0.0000000e+00
       826    0.0000000e+00
       827    0.0000000e+00
       828    0.0000000e+00
       829    0.0000000e+00
       830    0.0000000e+00
       831    0.0000000e+00
       832    0.0000000e+00
       833    0.0000000e+00
       834    0.0000000e+00
       835    0.0000000e+00
       836    0.0000000e+00
       837    0.0000000e+00
       838    0.0000000e+00
       839    0.0000000e+00
       840    0.0000000e+00
       841    0.0000000e+00
       842    0.0000000e+00
       843    0.0000000e+00
       844    0.0000000e+00
       845    0.0000000e+00
       846    0.0000000e+00
       847    0.0000000e+00
       848    0.0000000e+00
       849    0.0000000e+00
       850    0.0000000e+00
       851    0.0000000e+00
       852    0.0000000e+00
       853    0.0000000e+00
       854    0.0000000e+00
       855    0.0000000e+00
       856    0.0000000e+00
       857    0.0000000e+00
       858    0.0000000e+00
       859    0.0000000e+00
       860    0.0000000e+00
       861    0.0000000e+00
       862    0.0000000e+00
       863    0.0000000e+00
       864    0.0000000e+00
       865    0.0000000e+00
       866    0.0000000e+00
       867    0.0000000e+00
       868    0.0000000e+00
       869    0.0000000e+00
       870    0.0000000e+00
       871    0.0000000e+00
       872    0.0000000e+00
       873    0.0000000e+00
       874    0.0000000e+00
       875    0.0000000e+00
       876    0.0000000e+00
       877    0.0000000e+00
       878    0.0000000e+00
       879    0.0000000e+00
       880    0.0000000e+00
       881    0.0000000e+00
       882    0.0000000e+00
       883    0.0000000e+00
       884    0.0000000e+00
       885    0.0000000e+00
       886    0.0000000e+00
       887    0.0000000e+00
       888    0.0000000e+00
       889    0.0000000e+00
       890    0.0000000e+00
       891    0.0000000e+00
       892    0.0000000e+00
       893    0.0000000e+00
       894    0.0000000e+00
       895    0.0000000e+00
       896    0.0000000e+00
       897    0.0000000e+00
       898    0.0000000e+00
       899    0.0000000e+00
       900    0.0000000e+00
       901    0.0000000e+00
       902    0.0000000e+00
       903    0.0000000e+00
       904    0.0000000e+00
       905    0.0000000e+00
       906    0.0000000e+00
       907    0.0000000e+00
       908    0.0000000e+00
       909    0.0000000e+00
       910    0.0000000e+00
       911    0.0000000e+00
       912    0.0000000e+00
       913    0.0000000e+00
       914    0.0000000e+00
       915    0.0000000e+00
       916    0.0000000e+00
       917    0.0000000e+00
       918    0.0000000e+00
       919    0.0000000e+00
       920    0.0000000e+00
       921    0.0000000e+00
       922    0.0000000e+00
       923    0.0000000e+00
       924    0.0000000e+00
       925    0.0000000e+00
       926    0.0000000e+00
       927    0.0000000e+00
       928    0.0000000e+00
       929    0.0000000e+00
       930    0.0000000e+00
       931    0.0000000e+00
       932    0.0000000e+00
       933    0.0000000e+00
       934    0.0000000e+00
       935    0.0000000e+00
       936    0.0000000e+00
       937    0.0000000e+00
       938    0.0000000e+00
       939    0.0000000e+00
       940    0.0000000e+00
       941    0.0000000e+00
       942    0.0000000e+00
       943    0.0000000e+00
       944    0.0000000e+00
       945    0.0000000e+00
       946    0.0000000e+00
       947    0.0000000e+00
       948    0.0000000e+00
       949    0.0000000e+00
       950    0.0000000e+00
       951    0.0000000e+00
       952    0.0000000e+00
       953    0.0000000e+00
       954    0.0000000e+00
       955    0.0000000e+00
       956    0.0000000e+00
       957    0.0000000e+00
       958    0.0000000e+00
       959    0.0000000e+00
       960    0.0000000e+00
       961    0.0000000e+00
       962    0.0000000e+00
       963    0.0000000e+00
       964    0.0000000e+00
       965    0.0000000e+00
       966    0.0000000e+00
       967    0.0000000e+00
       968    0.0000000e+00
       969    0.0000000e+00
       970    0.0000000e+00
       971    0.0000000e+00
       972    0.0000000e+00
       973    0.0000000e+00
       974    0.0000000e+00
       975    0.0000000e+00
       976    0.0000000e+00
       977    0.0000000e+00
       978    0.0000000e+00
       979    0.0000000e+00
       980    0.0000000e+00
       981    0.0000000e+00
       982    0.0000000e+00
       983    0.0000000e+00
       984    0.0000000e+00
       985    0.0000000e+00
       986    0.0000000e+00
       987    0.0000000e+00
       988    0.0000000e+00
       989    0.0000000e+00
       990    0.0000000e+00
       991    0.0000000e+00
       992    0.0000000e+00
       993    0.0000000e+00
       994    0.0000000e+00
       995    0.0000000e+00
       996    0.0000000e+00
       997    0.0000000e+00
       998    0.0000000e+00
       999    0.0000000e+00
      1000    0.0000000e+00
      1001    0.0000000e+00
      1002    0.0000000e+00
      1003    0.0000000e+00
      1004    0.0000000e+00
      1005    0.0000000e+00
      1006    0.0000000e+00
      1007    0.0000000e+00
      1008    0.0000000e+00
      1009    0.0000000e+00
      1010    0.0000000e+00
      1011    0.0000000e+00
      1012    0.0000000e+00
      1013    0.0000000e+00
      1014    0.0000000e+00
      1015    0.0000000e+00
      1016    0.0000000e+00
      1017    0.0000000e+00
      1018    0.0000000e+00
      1019    0.0000000e+00
      1020    0.0000000e+00
      1021    0.0000000e+00
      1022    0.0000000e+00
      1023    0.0000000e+00
      1024    0.0000000e+00
