         1    9.9999905e-01
         2    9.9999905e-01
         3    9.9999905e-01
         4    9.9999905e-01
         5    9.9999905e-01
         6    9.9999905e-01
         7    9.9999905e-01
         8    9.9999905e-01
         9    9.9999905e-01
        10    9.9999905e-01
        11    9.9999905e-01
        12    9.9999905e-01
        13    9.9999905e-01
        14    9.9999905e-01
        15    9.9999905e-01
        16    9.9999905e-01
        17    9.9999905e-01
        18    9.9999905e-01
        19    9.9999905e-01
        20    9.9999905e-01
        21    9.9999905e-01
        22    9.9999905e-01
        23    9.9999905e-01
        24    9.9999905e-01
        25    9.9999905e-01
        26    9.9999905e-01
        27    9.9999905e-01
        28    9.9999905e-01
        29    9.9999905e-01
        30    9.9999905e-01
        31    9.9999905e-01
        32    9.9999905e-01
        33    9.9999905e-01
        34    9.9999905e-01
        35    9.9999905e-01
        36    9.9999905e-01
        37    9.9999905e-01
        38    9.9999905e-01
        39    9.9999905e-01
        40    9.9999905e-01
        41    9.9999905e-01
        42    9.9999905e-01
        43    9.9999905e-01
        44    9.9999905e-01
        45    9.9999905e-01
        46    9.9999905e-01
        47    9.9999905e-01
        48    9.9999905e-01
        49    9.9999905e-01
        50    9.9999905e-01
        51    9.9999905e-01
        52    9.9999905e-01
        53    9.9999905e-01
        54    9.9999905e-01
        55    9.9999905e-01
        56    9.9999905e-01
        57    9.9999905e-01
        58    9.9999905e-01
        59    9.9999905e-01
        60    9.9999905e-01
        61    9.9999905e-01
        62    9.9999905e-01
        63    9.9999905e-01
        64    9.9999905e-01
        65    9.9999905e-01
        66    9.9999905e-01
        67    9.9999905e-01
        68    9.9999905e-01
        69    9.9999905e-01
        70    9.9999905e-01
        71    9.9999905e-01
        72    9.9999905e-01
        73    9.9999905e-01
        74    9.9999905e-01
        75    9.9999905e-01
        76    9.9999905e-01
        77    9.9999905e-01
        78    9.9999905e-01
        79    9.9999905e-01
        80    9.9999905e-01
        81    9.9999905e-01
        82    9.9999905e-01
        83    9.9999905e-01
        84    9.9999905e-01
        85    9.9999905e-01
        86    9.9999905e-01
        87    9.9999905e-01
        88    9.9999905e-01
        89    9.9999905e-01
        90    9.9999905e-01
        91    9.9999905e-01
        92    9.9999899e-01
        93    9.9999887e-01
        94    9.9999869e-01
        95    9.9999845e-01
        96    9.9999803e-01
        97    9.9999750e-01
        98    9.9999672e-01
        99    9.9999577e-01
       100    9.9999452e-01
       101    9.9999285e-01
       102    9.9999058e-01
       103    9.9998766e-01
       104    9.9998379e-01
       105    9.9997866e-01
       106    9.9997193e-01
       107    9.9996310e-01
       108    9.9995148e-01
       109    9.9993622e-01
       110    9.9991608e-01
       111    9.9988961e-01
       112    9.9985480e-01
       113    9.9980897e-01
       114    9.9974871e-01
       115    9.9966943e-01
       116    9.9956512e-01
       117    9.9942791e-01
       118    9.9924743e-01
       119    9.9901003e-01
       120    9.9869776e-01
       121    9.9828714e-01
       122    9.9774724e-01
       123    9.9703759e-01
       124    9.9610519e-01
       125    9.9488074e-01
       126    9.9327368e-01
       127    9.9116623e-01
       128    9.8840594e-01
       129    9.8479569e-01
       130    9.8008311e-01
       131    9.7394723e-01
       132    9.6598476e-01
       133    9.5569676e-01
       134    9.4247830e-01
       135    9.2561686e-01
       136    9.0430576e-01
       137    8.7768328e-01
       138    8.4490770e-01
       139    8.0527681e-01
       140    7.5839007e-01
       141    7.0433354e-01
       142    6.4384186e-01
       143    5.7837266e-01
       144    5.1003313e-01
       145    4.4133970e-01
       146    3.7485844e-01
       147    3.1283140e-01
       148    2.5689939e-01
       149    2.0798589e-01
       150    1.6633841e-01
       151    1.3167319e-01
       152    1.0335798e-01
       153    8.0581754e-02
       154    6.2485162e-02
       155    4.8246346e-02
       156    3.7128396e-02
       157    2.8498910e-02
       158    2.1831758e-02
       159    1.6698979e-02
       160    1.2758200e-02
       161    9.7388877e-03
       162    7.4292310e-03
       163    5.6645502e-03
       164    4.3174732e-03
       165    3.2898730e-03
       166    2.5063779e-03
       167    1.9092237e-03
       168    1.4542168e-03
       169    1.1075877e-03
       170    8.4355823e-04
       171    6.4246362e-04
       172    4.8931135e-04
       173    3.7267507e-04
       174    2.8384931e-04
       175    2.1620256e-04
       176    1.6468417e-04
       177    1.2544775e-04
       178    9.5564275e-05
       179    7.2803326e-05
       180    5.5466528e-05
       181    4.2260617e-05
       182    3.2200802e-05
       183    2.4537159e-05
       184    1.8698613e-05
       185    1.4250257e-05
       186    1.0860877e-05
       187    8.2782153e-06
       188    6.3101370e-06
       189    4.8102956e-06
       190    3.6672154e-06
       191    2.7959761e-06
       192    2.1318838e-06
       193    1.6256516e-06
       194    1.2397271e-06
       195    9.4549699e-07
       196    7.2115813e-07
       197    5.5009542e-07
       198    4.1964651e-07
       199    3.2016084e-07
       200    2.4428275e-07
       201    1.8640534e-07
       202    1.4225448e-07
       203    1.0857170e-07
       204    8.2872702e-08
       205    6.3263279e-08
       206    4.8299029e-08
       207    3.6878461e-08
       208    2.8161525e-08
       209    2.1507489e-08
       210    1.6427624e-08
       211    1.2549101e-08
       212    9.5874837e-09
       213    7.3257520e-09
       214    5.5983067e-09
       215    4.2787756e-09
       216    3.2707106e-09
       217    2.5004947e-09
       218    1.9119317e-09
       219    1.4621200e-09
       220    1.1183022e-09
       221    8.5546531e-10
       222    6.5450673e-10
       223    5.0083626e-10
       224    3.8330875e-10
       225    2.9340966e-10
       226    2.2463334e-10
       227    1.7200831e-10
       228    1.3173505e-10
       229    1.0090932e-10
       230    7.7310824e-11
       231    5.9241986e-11
       232    4.5404642e-11
       233    3.4805922e-11
       234    2.6686355e-11
       235    2.0464885e-11
       236    1.5696906e-11
       237    1.2042152e-11
       238    9.2401685e-12
       239    7.0915604e-12
       240    5.4436490e-12
       241    4.1795053e-12
       242    3.2095641e-12
       243    2.4652077e-12
       244    1.8938559e-12
       245    1.4552103e-12
       246    1.1183800e-12
       247    8.5968038e-13
       248    6.6094856e-13
       249    5.0825327e-13
       250    3.9090682e-13
       251    3.0070827e-13
       252    2.3136354e-13
       253    1.7804099e-13
       254    1.3703093e-13
       255    1.0548448e-13
       256    8.1213356e-14
       257    6.2536388e-14
       258    4.8161711e-14
       259    3.7096408e-14
       260    2.8577194e-14
       261    2.2017195e-14
       262    1.6965070e-14
       263    1.3073660e-14
       264    1.0075877e-14
       265    7.7662071e-15
       266    5.9864816e-15
       267    4.6149485e-15
       268    3.5578734e-15
       269    2.7430791e-15
       270    2.1149790e-15
       271    1.6307569e-15
       272    1.2574288e-15
       273    9.6958062e-16
       274    7.4762924e-16
       275    5.7648189e-16
       276    4.4450574e-16
       277    3.4273357e-16
       278    2.6425218e-16
       279    2.0373159e-16
       280    1.5706200e-16
       281    1.2107429e-16
       282    9.3324548e-17
       283    7.1928020e-17
       284    5.5431117e-17
       285    4.2712755e-17
       286    3.2908269e-17
       287    2.5350770e-17
       288    1.9525898e-17
       289    1.5036954e-17
       290    1.1577981e-17
       291    8.9130250e-18
       292    6.8601260e-18
       293    5.2789674e-18
       294    4.0613567e-18
       295    3.1238772e-18
       296    2.4022204e-18
       297    1.8468145e-18
       298    1.4194524e-18
       299    1.0906892e-18
       300    8.3783692e-19
       301    6.4341608e-19
       302    4.9396254e-19
       303    3.7910680e-19
       304    2.9086434e-19
       305    2.2308816e-19
       306    1.7104708e-19
       307    1.3110037e-19
       308    1.0044709e-19
       309    7.6932896e-20
       310    5.8901205e-20
       311    4.5078545e-20
       312    3.4486207e-20
       313    2.6372250e-20
       314    2.0159114e-20
       315    1.5403329e-20
       316    1.1764492e-20
       317    8.9813906e-21
       318    6.8536583e-21
       319    5.2276482e-21
       320    3.9855836e-21
       321    3.0372172e-21
       322    2.3134218e-21
       323    1.7612689e-21
       324    1.3402481e-21
       325    1.0193662e-21
       326    7.7492152e-22
       327    5.8879563e-22
       328    4.4714444e-22
       329    3.3939421e-22
       330    2.5747289e-22
       331    1.9522083e-22
       332    1.4793996e-22
       333    1.1204867e-22
       334    8.4817801e-23
       335    6.4168754e-23
       336    4.8519228e-23
       337    3.6665286e-23
       338    2.7691375e-23
       339    2.0901608e-23
       340    1.5767324e-23
       341    1.1887127e-23
       342    8.9564088e-24
       343    6.7441383e-24
       344    5.0751891e-24
       345    3.8168818e-24
       346    2.8687560e-24
       347    2.1547880e-24
       348    1.6174812e-24
       349    1.2133759e-24
       350    9.0964231e-25
       351    6.8149551e-25
       352    5.1023479e-25
       353    3.8175947e-25
       354    2.8544343e-25
       355    2.1328422e-25
       356    1.5925893e-25
       357    1.1883740e-25
       358    8.8614496e-26
       359    6.6032348e-26
       360    4.9170782e-26
       361    3.6589285e-26
       362    2.7207917e-26
       363    2.0217588e-26
       364    1.5012544e-26
       365    1.1139566e-26
       366    8.2597997e-27
       367    6.1200676e-27
       368    4.5313407e-27
       369    3.3525810e-27
       370    2.4786333e-27
       371    1.8311503e-27
       372    1.3518011e-27
       373    9.9718817e-28
       374    7.3504753e-28
       375    5.4140977e-28
       376    3.9848100e-28
       377    2.9306132e-28
       378    2.1536608e-28
       379    1.5814757e-28
       380    1.1604135e-28
       381    8.5079827e-29
       382    6.2330797e-29
       383    4.5628855e-29
       384    3.3376131e-29
       385    2.4394428e-29
       386    1.7815669e-29
       387    1.3000776e-29
       388    9.4796175e-30
       389    6.9066188e-30
       390    5.0279636e-30
       391    3.6573752e-30
       392    2.6582539e-30
       393    1.9305091e-30
       394    1.4008595e-30
       395    1.0156953e-30
       396    7.3582989e-31
       397    5.3264207e-31
       398    3.8524450e-31
       399    2.7840650e-31
       400    2.0103109e-31
       401    1.4503973e-31
       402    1.0455618e-31
       403    7.5309603e-32
       404    5.4198594e-32
       405    3.8972816e-32
       406    2.8000816e-32
       407    2.0100826e-32
       408    1.4417516e-32
       409    1.0332359e-32
       410    7.3984402e-33
       411    5.2931192e-33
       412    3.7836691e-33
       413    2.7023636e-33
       414    1.9284251e-33
       415    1.3749579e-33
       416    9.7949628e-34
       417    6.9717574e-34
       418    4.9580056e-34
       419    3.5228679e-34
       420    2.5009763e-34
       421    1.7739686e-34
       422    1.2572011e-34
       423    8.9019539e-35
       424    6.2977735e-35
       425    4.4515285e-35
       426    3.1437721e-35
       427    2.2182583e-35
       428    1.5638378e-35
       429    1.1015119e-35
       430    7.7518256e-36
       431    5.4504894e-36
       432    3.8289806e-36
       433    2.6874869e-36
       434    1.8846231e-36
       435    1.3204352e-36
       436    9.2432256e-37
       437    6.4646252e-37
       438    4.5172692e-37
       439    3.1537036e-37
       440    2.1997713e-37
       441    1.5330118e-37
       442    1.0673926e-37
       443    7.4252866e-38
       444    5.1607407e-38
       445    3.5836053e-38
       446    2.4862062e-38
       447    1.7233065e-38
       448    1.1934270e-38
       449    8.2572731e-39
       450    5.7080071e-39
       451    3.9422029e-39
       452    2.7201922e-39
       453    1.8752793e-39
       454    1.2916272e-39
       455    8.8881839e-40
       456    6.1107403e-40
       457    4.1973653e-40
       458    2.8804671e-40
       459    1.9749340e-40
       460    1.3528276e-40
       461    9.2582388e-41
       462    6.3300856e-41
       463    4.3241268e-41
       464    2.9509944e-41
       465    2.0119843e-41
       466    1.3704699e-41
       467    9.3256413e-42
       468    6.3380730e-42
       469    4.3033876e-42
       470    2.9189047e-42
       471    1.9772321e-42
       472    1.3382400e-42
       473    9.0243621e-43
       474    6.0816353e-43
       475    4.0917915e-43
       476    2.7325320e-43
       477    1.8216880e-43
       478    1.2191297e-43
       479    7.9874012e-44
       480    5.0446745e-44
       481    3.2229865e-44
       482    1.9618179e-44
       483    9.8090893e-45
       484    4.2038954e-45
       485    0.0000000e+00
       486    0.0000000e+00
       487    0.0000000e+00
       488    0.0000000e+00
       489    0.0000000e+00
       490    0.0000000e+00
       491    0.0000000e+00
       492    0.0000000e+00
       493    0.0000000e+00
       494    0.0000000e+00
       495    0.0000000e+00
       496    0.0000000e+00
       497    0.0000000e+00
       498    0.0000000e+00
       499    0.0000000e+00
       500    0.0000000e+00
       501    0.0000000e+00
       502    0.0000000e+00
       503    0.0000000e+00
       504    0.0000000e+00
       505    0.0000000e+00
       506    0.0000000e+00
       507    0.0000000e+00
       508    0.0000000e+00
       509    0.0000000e+00
       510    0.0000000e+00
       511    0.0000000e+00
       512    0.0000000e+00
       513    0.0000000e+00
       514    0.0000000e+00
       515    0.0000000e+00
       516    0.0000000e+00
       517    0.0000000e+00
       518    0.0000000e+00
       519    0.0000000e+00
       520    0.0000000e+00
       521    0.0000000e+00
       522    0.0000000e+00
       523    0.0000000e+00
       524    0.0000000e+00
       525    0.0000000e+00
       526    0.0000000e+00
       527    0.0000000e+00
       528    0.0000000e+00
       529    0.0000000e+00
       530    0.0000000e+00
       531    0.0000000e+00
       532    0.0000000e+00
       533    0.0000000e+00
       534    0.0000000e+00
       535    0.0000000e+00
       536    0.0000000e+00
       537    0.0000000e+00
       538    0.0000000e+00
       539    0.0000000e+00
       540    0.0000000e+00
       541    0.0000000e+00
       542    0.0000000e+00
       543    0.0000000e+00
       544    0.0000000e+00
       545    0.0000000e+00
       546    0.0000000e+00
       547    0.0000000e+00
       548    0.0000000e+00
       549    0.0000000e+00
       550    0.0000000e+00
       551    0.0000000e+00
       552    0.0000000e+00
       553    0.0000000e+00
       554    0.0000000e+00
       555    0.0000000e+00
       556    0.0000000e+00
       557    0.0000000e+00
       558    0.0000000e+00
       559    0.0000000e+00
       560    0.0000000e+00
       561    0.0000000e+00
       562    0.0000000e+00
       563    0.0000000e+00
       564    0.0000000e+00
       565    0.0000000e+00
       566    0.0000000e+00
       567    0.0000000e+00
       568    0.0000000e+00
       569    0.0000000e+00
       570    0.0000000e+00
       571    0.0000000e+00
       572    0.0000000e+00
       573    0.0000000e+00
       574    0.0000000e+00
       575    0.0000000e+00
       576    0.0000000e+00
       577    0.0000000e+00
       578    0.0000000e+00
       579    0.0000000e+00
       580    0.0000000e+00
       581    0.0000000e+00
       582    0.0000000e+00
       583    0.0000000e+00
       584    0.0000000e+00
       585    0.0000000e+00
       586    0.0000000e+00
       587    0.0000000e+00
       588    0.0000000e+00
       589    0.0000000e+00
       590    0.0000000e+00
       591    0.0000000e+00
       592    0.0000000e+00
       593    0.0000000e+00
       594    0.0000000e+00
       595    0.0000000e+00
       596    0.0000000e+00
       597    0.0000000e+00
       598    0.0000000e+00
       599    0.0000000e+00
       600    0.0000000e+00
       601    0.0000000e+00
       602    0.0000000e+00
       603    0.0000000e+00
       604    0.0000000e+00
       605    0.0000000e+00
       606    0.0000000e+00
       607    0.0000000e+00
       608    0.0000000e+00
       609    0.0000000e+00
       610    0.0000000e+00
       611    0.0000000e+00
       612    0.0000000e+00
       613    0.0000000e+00
       614    0.0000000e+00
       615    0.0000000e+00
       616    0.0000000e+00
       617    0.0000000e+00
       618    0.0000000e+00
       619    0.0000000e+00
       620    0.0000000e+00
       621    0.0000000e+00
       622    0.0000000e+00
       623    0.0000000e+00
       624    0.0000000e+00
       625    0.0000000e+00
       626    0.0000000e+00
       627    0.0000000e+00
       628    0.0000000e+00
       629    0.0000000e+00
       630    0.0000000e+00
       631    0.0000000e+00
       632    0.0000000e+00
       633    0.0000000e+00
       634    0.0000000e+00
       635    0.0000000e+00
       636    0.0000000e+00
       637    0.0000000e+00
       638    0.0000000e+00
       639    0.0000000e+00
       640    0.0000000e+00
       641    0.0000000e+00
       642    0.0000000e+00
       643    0.0000000e+00
       644    0.0000000e+00
       645    0.0000000e+00
       646    0.0000000e+00
       647    0.0000000e+00
       648    0.0000000e+00
       649    0.0000000e+00
       650    0.0000000e+00
       651    0.0000000e+00
       652    0.0000000e+00
       653    0.0000000e+00
       654    0.0000000e+00
       655    0.0000000e+00
       656    0.0000000e+00
       657    0.0000000e+00
       658    0.0000000e+00
       659    0.0000000e+00
       660    0.0000000e+00
       661    0.0000000e+00
       662    0.0000000e+00
       663    0.0000000e+00
       664    0.0000000e+00
       665    0.0000000e+00
       666    0.0000000e+00
       667    0.0000000e+00
       668    0.0000000e+00
       669    0.0000000e+00
       670    0.0000000e+00
       671    0.0000000e+00
       672    0.0000000e+00
       673    0.0000000e+00
       674    0.0000000e+00
       675    0.0000000e+00
       676    0.0000000e+00
       677    0.0000000e+00
       678    0.0000000e+00
       679    0.0000000e+00
       680    0.0000000e+00
       681    0.0000000e+00
       682    0.0000000e+00
       683    0.0000000e+00
       684    0.0000000e+00
       685    0.0000000e+00
       686    0.0000000e+00
       687    0.0000000e+00
       688    0.0000000e+00
       689    0.0000000e+00
       690    0.0000000e+00
       691    0.0000000e+00
       692    0.0000000e+00
       693    0.0000000e+00
       694    0.0000000e+00
       695    0.0000000e+00
       696    0.0000000e+00
       697    0.0000000e+00
       698    0.0000000e+00
       699    0.0000000e+00
       700    0.0000000e+00
       701    0.0000000e+00
       702    0.0000000e+00
       703    0.0000000e+00
       704    0.0000000e+00
       705    0.0000000e+00
       706    0.0000000e+00
       707    0.0000000e+00
       708    0.0000000e+00
       709    0.0000000e+00
       710    0.0000000e+00
       711    0.0000000e+00
       712    0.0000000e+00
       713    0.0000000e+00
       714    0.0000000e+00
       715    0.0000000e+00
       716    0.0000000e+00
       717    0.0000000e+00
       718    0.0000000e+00
       719    0.0000000e+00
       720    0.0000000e+00
       721    0.0000000e+00
       722    0.0000000e+00
       723    0.0000000e+00
       724    0.0000000e+00
       725    0.0000000e+00
       726    0.0000000e+00
       727    0.0000000e+00
       728    0.0000000e+00
       729    0.0000000e+00
       730    0.0000000e+00
       731    0.0000000e+00
       732    0.0000000e+00
       733    0.0000000e+00
       734    0.0000000e+00
       735    0.0000000e+00
       736    0.0000000e+00
       737    0.0000000e+00
       738    0.0000000e+00
       739    0.0000000e+00
       740    0.0000000e+00
       741    0.0000000e+00
       742    0.0000000e+00
       743    0.0000000e+00
       744    0.0000000e+00
       745    0.0000000e+00
       746    0.0000000e+00
       747    0.0000000e+00
       748    0.0000000e+00
       749    0.0000000e+00
       750    0.0000000e+00
       751    0.0000000e+00
       752    0.0000000e+00
       753    0.0000000e+00
       754    0.0000000e+00
       755    0.0000000e+00
       756    0.0000000e+00
       757    0.0000000e+00
       758    0.0000000e+00
       759    0.0000000e+00
       760    0.0000000e+00
       761    0.0000000e+00
       762    0.0000000e+00
       763    0.0000000e+00
       764    0.0000000e+00
       765    0.0000000e+00
       766    0.0000000e+00
       767    0.0000000e+00
       768    0.0000000e+00
       769    0.0000000e+00
       770    0.0000000e+00
       771    0.0000000e+00
       772    0.0000000e+00
       773    0.0000000e+00
       774    0.0000000e+00
       775    0.0000000e+00
       776    0.0000000e+00
       777    0.0000000e+00
       778    0.0000000e+00
       779    0.0000000e+00
       780    0.0000000e+00
       781    0.0000000e+00
       782    0.0000000e+00
       783    0.0000000e+00
       784    0.0000000e+00
       785    0.0000000e+00
       786    0.0000000e+00
       787    0.0000000e+00
       788    0.0000000e+00
       789    0.0000000e+00
       790    0.0000000e+00
       791    0.0000000e+00
       792    0.0000000e+00
       793    0.0000000e+00
       794    0.0000000e+00
       795    0.0000000e+00
       796    0.0000000e+00
       797    0.0000000e+00
       798    0.0000000e+00
       799    0.0000000e+00
       800    0.0000000e+00
       801    0.0000000e+00
       802    0.0000000e+00
       803    0.0000000e+00
       804    0.0000000e+00
       805    0.0000000e+00
       806    0.0000000e+00
       807    0.0000000e+00
       808    0.0000000e+00
       809    0.0000000e+00
       810    0.0000000e+00
       811    0.0000000e+00
       812    0.0000000e+00
       813    0.0000000e+00
       814    0.0000000e+00
       815    0.0000000e+00
       816    0.0000000e+00
       817    0.0000000e+00
       818    0.0000000e+00
       819    0.0000000e+00
       820    0.0000000e+00
       821    0.0000000e+00
       822    0.0000000e+00
       823    0.0000000e+00
       824    0.0000000e+00
       825    0.0000000e+00
       826    0.0000000e+00
       827    0.0000000e+00
       828    0.0000000e+00
       829    0.0000000e+00
       830    0.0000000e+00
       831    0.0000000e+00
       832    0.0000000e+00
       833    0.0000000e+00
       834    0.0000000e+00
       835    0.0000000e+00
       836    0.0000000e+00
       837    0.0000000e+00
       838    0.0000000e+00
       839    0.0000000e+00
       840    0.0000000e+00
       841    0.0000000e+00
       842    0.0000000e+00
       843    0.0000000e+00
       844    0.0000000e+00
       845    0.0000000e+00
       846    0.0000000e+00
       847    0.0000000e+00
       848    0.0000000e+00
       849    0.0000000e+00
       850    0.0000000e+00
       851    0.0000000e+00
       852    0.0000000e+00
       853    0.0000000e+00
       854    0.0000000e+00
       855    0.0000000e+00
       856    0.0000000e+00
       857    0.0000000e+00
       858    0.0000000e+00
       859    0.0000000e+00
       860    0.0000000e+00
       861    0.0000000e+00
       862    0.0000000e+00
       863    0.0000000e+00
       864    0.0000000e+00
       865    0.0000000e+00
       866    0.0000000e+00
       867    0.0000000e+00
       868    0.0000000e+00
       869    0.0000000e+00
       870    0.0000000e+00
       871    0.0000000e+00
       872    0.0000000e+00
       873    0.0000000e+00
       874    0.0000000e+00
       875    0.0000000e+00
       876    0.0000000e+00
       877    0.0000000e+00
       878    0.0000000e+00
       879    0.0000000e+00
       880    0.0000000e+00
       881    0.0000000e+00
       882    0.0000000e+00
       883    0.0000000e+00
       884    0.0000000e+00
       885    0.0000000e+00
       886    0.0000000e+00
       887    0.0000000e+00
       888    0.0000000e+00
       889    0.0000000e+00
       890    0.0000000e+00
       891    0.0000000e+00
       892    0.0000000e+00
       893    0.0000000e+00
       894    0.0000000e+00
       895    0.0000000e+00
       896    0.0000000e+00
       897    0.0000000e+00
       898    0.0000000e+00
       899    0.0000000e+00
       900    0.0000000e+00
       901    0.0000000e+00
       902    0.0000000e+00
       903    0.0000000e+00
       904    0.0000000e+00
       905    0.0000000e+00
       906    0.0000000e+00
       907    0.0000000e+00
       908    0.0000000e+00
       909    0.0000000e+00
       910    0.0000000e+00
       911    0.0000000e+00
       912    0.0000000e+00
       913    0.0000000e+00
       914    0.0000000e+00
       915    0.0000000e+00
       916    0.0000000e+00
       917    0.0000000e+00
       918    0.0000000e+00
       919    0.0000000e+00
       920    0.0000000e+00
       921    0.0000000e+00
       922    0.0000000e+00
       923    0.0000000e+00
       924    0.0000000e+00
       925    0.0000000e+00
       926    0.0000000e+00
       927    0.0000000e+00
       928    0.0000000e+00
       929    0.0000000e+00
       930    0.0000000e+00
       931    0.0000000e+00
       932    0.0000000e+00
       933    0.0000000e+00
       934    0.0000000e+00
       935    0.0000000e+00
       936    0.0000000e+00
       937    0.0000000e+00
       938    0.0000000e+00
       939    0.0000000e+00
       940    0.0000000e+00
       941    0.0000000e+00
       942    0.0000000e+00
       943    0.0000000e+00
       944    0.0000000e+00
       945    0.0000000e+00
       946    0.0000000e+00
       947    0.0000000e+00
       948    0.0000000e+00
       949    0.0000000e+00
       950    0.0000000e+00
       951    0.0000000e+00
       952    0.0000000e+00
       953    0.0000000e+00
       954    0.0000000e+00
       955    0.0000000e+00
       956    0.0000000e+00
       957    0.0000000e+00
       958    0.0000000e+00
       959    0.0000000e+00
       960    0.0000000e+00
       961    0.0000000e+00
       962    0.0000000e+00
       963    0.0000000e+00
       964    0.0000000e+00
       965    0.0000000e+00
       966    0.0000000e+00
       967    0.0000000e+00
       968    0.0000000e+00
       969    0.0000000e+00
       970    0.0000000e+00
       971    0.0000000e+00
       972    0.0000000e+00
       973    0.0000000e+00
       974    0.0000000e+00
       975    0.0000000e+00
       976    0.0000000e+00
       977    0.0000000e+00
       978    0.0000000e+00
       979    0.0000000e+00
       980    0.0000000e+00
       981    0.0000000e+00
       982    0.0000000e+00
       983    0.0000000e+00
       984    0.0000000e+00
       985    0.0000000e+00
       986    0.0000000e+00
       987    0.0000000e+00
       988    0.0000000e+00
       989    0.0000000e+00
       990    0.0000000e+00
       991    0.0000000e+00
       992    0.0000000e+00
       993    0.0000000e+00
       994    0.0000000e+00
       995    0.0000000e+00
       996    0.0000000e+00
       997    0.0000000e+00
       998    0.0000000e+00
       999    0.0000000e+00
      1000    0.0000000e+00
      1001    0.0000000e+00
      1002    0.0000000e+00
      1003    0.0000000e+00
      1004    0.0000000e+00
      1005    0.0000000e+00
      1006    0.0000000e+00
      1007    0.0000000e+00
      1008    0.0000000e+00
      1009    0.0000000e+00
      1010    0.0000000e+00
      1011    0.0000000e+00
      1012    0.0000000e+00
      1013    0.0000000e+00
      1014    0.0000000e+00
      1015    0.0000000e+00
      1016    0.0000000e+00
      1017    0.0000000e+00
      1018    0.0000000e+00
      1019    0.0000000e+00
      1020    0.0000000e+00
      1021    0.0000000e+00
      1022    0.0000000e+00
      1023    0.0000000e+00
      1024    0.0000000e+00
