         1    9.9999905e-01
         2    9.9999905e-01
         3    9.9999905e-01
         4    9.9999905e-01
         5    9.9999905e-01
         6    9.9999905e-01
         7    9.9999905e-01
         8    9.9999905e-01
         9    9.9999905e-01
        10    9.9999905e-01
        11    9.9999905e-01
        12    9.9999905e-01
        13    9.9999905e-01
        14    9.9999905e-01
        15    9.9999905e-01
        16    9.9999905e-01
        17    9.9999905e-01
        18    9.9999905e-01
        19    9.9999905e-01
        20    9.9999905e-01
        21    9.9999905e-01
        22    9.9999905e-01
        23    9.9999899e-01
        24    9.9999887e-01
        25    9.9999863e-01
        26    9.9999833e-01
        27    9.9999791e-01
        28    9.9999732e-01
        29    9.9999654e-01
        30    9.9999547e-01
        31    9.9999416e-01
        32    9.9999237e-01
        33    9.9999011e-01
        34    9.9998707e-01
        35    9.9998307e-01
        36    9.9997789e-01
        37    9.9997109e-01
        38    9.9996221e-01
        39    9.9995053e-01
        40    9.9993521e-01
        41    9.9991518e-01
        42    9.9988896e-01
        43    9.9985451e-01
        44    9.9980932e-01
        45    9.9975008e-01
        46    9.9967235e-01
        47    9.9957037e-01
        48    9.9943656e-01
        49    9.9926090e-01
        50    9.9903041e-01
        51    9.9872792e-01
        52    9.9833089e-01
        53    9.9780989e-01
        54    9.9712622e-01
        55    9.9622941e-01
        56    9.9505341e-01
        57    9.9351209e-01
        58    9.9149340e-01
        59    9.8885220e-01
        60    9.8540103e-01
        61    9.8089969e-01
        62    9.7504228e-01
        63    9.6744400e-01
        64    9.5762736e-01
        65    9.4501162e-01
        66    9.2890859e-01
        67    9.0853328e-01
        68    8.8303649e-01
        69    8.5157168e-01
        70    8.1340456e-01
        71    7.6806611e-01
        72    7.1553361e-01
        73    6.5639979e-01
        74    5.9196866e-01
        75    5.2421570e-01
        76    4.5558149e-01
        77    3.8863379e-01
        78    3.2569128e-01
        79    2.6852262e-01
        80    2.1819647e-01
        81    1.7509267e-01
        82    1.3902900e-01
        83    1.0943870e-01
        84    8.5543931e-02
        85    6.6494256e-02
        86    5.1460959e-02
        87    3.9691538e-02
        88    3.0534351e-02
        89    2.3443591e-02
        90    1.7972987e-02
        91    1.3764051e-02
        92    1.0532561e-02
        93    8.0553778e-03
        94    6.1585950e-03
        95    4.7074202e-03
        96    3.5978074e-03
        97    2.7496915e-03
        98    2.1016016e-03
        99    1.6064245e-03
       100    1.2280950e-03
       101    9.3903136e-04
       102    7.1815209e-04
       103    5.4935197e-04
       104    4.2033035e-04
       105    3.2169430e-04
       106    2.4627146e-04
       107    1.8858527e-04
       108    1.4445363e-04
       109    1.1068269e-04
       110    8.4832944e-05
       111    6.5040760e-05
       112    4.9882128e-05
       113    3.8268772e-05
       114    2.9368759e-05
       115    2.2545984e-05
       116    1.7313943e-05
       117    1.3300446e-05
       118    1.0220678e-05
       119    7.8566218e-06
       120    6.0413463e-06
       121    4.6469913e-06
       122    3.5755961e-06
       123    2.7520809e-06
       124    2.1188850e-06
       125    1.6318635e-06
       126    1.2571496e-06
       127    9.6875226e-07
       128    7.4671817e-07
       129    5.7572356e-07
       130    4.4399636e-07
       131    3.4248947e-07
       132    2.6424789e-07
       133    2.0392287e-07
       134    1.5739967e-07
       135    1.2151173e-07
       136    9.3821413e-08
       137    7.2451542e-08
       138    5.5956122e-08
       139    4.3220922e-08
       140    3.3387117e-08
       141    2.5792549e-08
       142    1.9926537e-08
       143    1.5395131e-08
       144    1.1894347e-08
       145    9.1895700e-09
       146    7.0996822e-09
       147    5.4848326e-09
       148    4.2370192e-09
       149    3.2728176e-09
       150    2.5277811e-09
       151    1.9521147e-09
       152    1.5073408e-09
       153    1.1637240e-09
       154    8.9828317e-10
       155    6.9325590e-10
       156    5.3491334e-10
       157    4.1264389e-10
       158    3.1824546e-10
       159    2.4537858e-10
       160    1.8914358e-10
       161    1.4575384e-10
       162    1.1228324e-10
       163    8.6470803e-11
       164    6.6569743e-11
       165    5.1230704e-11
       166    3.9411509e-11
       167    3.0307378e-11
       168    2.3296979e-11
       169    1.7900702e-11
       170    1.3748425e-11
       171    1.0554596e-11
       172    8.0989607e-12
       173    6.2116813e-12
       174    4.7618350e-12
       175    3.6485298e-12
       176    2.7940417e-12
       177    2.1385146e-12
       178    1.6358697e-12
       179    1.2506482e-12
       180    9.5557384e-13
       181    7.2967343e-13
       182    5.5682726e-13
       183    4.2465136e-13
       184    3.2363606e-13
       185    2.4648239e-13
       186    1.8759079e-13
       187    1.4266775e-13
       188    1.0842284e-13
       189    8.2335709e-14
       190    6.2476974e-14
       191    4.7370477e-14
       192    3.5887502e-14
       193    2.7165522e-14
       194    2.0545836e-14
       195    1.5525729e-14
       196    1.1721798e-14
       197    8.8418271e-15
       198    6.6632613e-15
       199    5.0167242e-15
       200    3.7734081e-15
       201    2.8354303e-15
       202    2.1284697e-15
       203    1.5961397e-15
       204    1.1956964e-15
       205    8.9476569e-16
       206    6.6884871e-16
       207    4.9942296e-16
       208    3.7249732e-16
       209    2.7751338e-16
       210    2.0651085e-16
       211    1.5349433e-16
       212    1.1395271e-16
       213    8.4495242e-17
       214    6.2575988e-17
       215    4.6285368e-17
       216    3.4192675e-17
       217    2.5227184e-17
       218    1.8588477e-17
       219    1.3678907e-17
       220    1.0052749e-17
       221    7.3779821e-18
       222    5.4075841e-18
       223    3.9579980e-18
       224    2.8929993e-18
       225    2.1116188e-18
       226    1.5391155e-18
       227    1.1202365e-18
       228    8.1418933e-19
       229    5.9089833e-19
       230    4.2821951e-19
       231    3.0987119e-19
       232    2.2389887e-19
       233    1.6153758e-19
       234    1.1637010e-19
       235    8.3704842e-20
       236    6.0116896e-20
       237    4.3109671e-20
       238    3.0866028e-20
       239    2.2065329e-20
       240    1.5749236e-20
       241    1.1223387e-20
       242    7.9854570e-21
       243    5.6726136e-21
       244    4.0231892e-21
       245    2.8487731e-21
       246    2.0139184e-21
       247    1.4214090e-21
       248    1.0015809e-21
       249    7.0459501e-22
       250    4.9485323e-22
       251    3.4697122e-22
       252    2.4287773e-22
       253    1.6972905e-22
       254    1.1841210e-22
       255    8.2471634e-23
       256    5.7342810e-23
       257    3.9803075e-23
       258    2.7581310e-23
       259    1.9079693e-23
       260    1.3175998e-23
       261    9.0834123e-24
       262    6.2512308e-24
       263    4.2946803e-24
       264    2.9453891e-24
       265    2.0165032e-24
       266    1.3781532e-24
       267    9.4023493e-25
       268    6.4034433e-25
       269    4.3533856e-25
       270    2.9544401e-25
       271    2.0015015e-25
       272    1.3535288e-25
       273    9.1370954e-26
       274    6.1571000e-26
       275    4.1416177e-26
       276    2.7809162e-26
       277    1.8639246e-26
       278    1.2470668e-26
       279    8.3285731e-27
       280    5.5522553e-27
       281    3.6947479e-27
       282    2.4542302e-27
       283    1.6272698e-27
       284    1.0770013e-27
       285    7.1151484e-28
       286    4.6920377e-28
       287    3.0884997e-28
       288    2.0292753e-28
       289    1.3308848e-28
       290    8.7125411e-29
       291    5.6931548e-29
       292    3.7133323e-29
       293    2.4175538e-29
       294    1.5710462e-29
       295    1.0190632e-29
       296    6.5979900e-30
       297    4.2640224e-30
       298    2.7505761e-30
       299    1.7710190e-30
       300    1.1381963e-30
       301    7.3013735e-31
       302    4.6750308e-31
       303    2.9878309e-31
       304    1.9059798e-31
       305    1.2135855e-31
       306    7.7127905e-32
       307    4.8926129e-32
       308    3.0978293e-32
       309    1.9577654e-32
       310    1.2349504e-32
       311    7.7754110e-33
       312    4.8863137e-33
       313    3.0649452e-33
       314    1.9188755e-33
       315    1.1990928e-33
       316    7.4789391e-34
       317    4.6559435e-34
       318    2.8930450e-34
       319    1.7942453e-34
       320    1.1106747e-34
       321    6.8622995e-35
       322    4.2318434e-35
       323    2.6047494e-35
       324    1.6002143e-35
       325    9.8121808e-36
       326    6.0052002e-36
       327    3.6682878e-36
       328    2.2365193e-36
       329    1.3609891e-36
       330    8.2662556e-37
       331    5.0111173e-37
       332    3.0320146e-37
       333    1.8310426e-37
       334    1.1036605e-37
       335    6.6395999e-38
       336    3.9867322e-38
       337    2.3892436e-38
       338    1.4291294e-38
       339    8.5319795e-39
       340    5.0838716e-39
       341    3.0234682e-39
       342    1.7946584e-39
       343    1.0632212e-39
       344    6.2867994e-40
       345    3.7102179e-40
       346    2.1853950e-40
       347    1.2847665e-40
       348    7.5384252e-41
       349    4.4145106e-41
       350    2.5802109e-41
       351    1.5049946e-41
       352    8.7609180e-42
       353    5.0909173e-42
       354    2.9511346e-42
       355    1.7067815e-42
       356    9.8511282e-43
       357    5.6612458e-43
       358    3.2510124e-43
       359    1.8497140e-43
       360    1.0509738e-43
       361    5.8854536e-44
       362    3.2229865e-44
       363    1.6815582e-44
       364    8.4077908e-45
       365    2.8025969e-45
       366    0.0000000e+00
       367    0.0000000e+00
       368    0.0000000e+00
       369    0.0000000e+00
       370    0.0000000e+00
       371    0.0000000e+00
       372    0.0000000e+00
       373    0.0000000e+00
       374    0.0000000e+00
       375    0.0000000e+00
       376    0.0000000e+00
       377    0.0000000e+00
       378    0.0000000e+00
       379    0.0000000e+00
       380    0.0000000e+00
       381    0.0000000e+00
       382    0.0000000e+00
       383    0.0000000e+00
       384    0.0000000e+00
       385    0.0000000e+00
       386    0.0000000e+00
       387    0.0000000e+00
       388    0.0000000e+00
       389    0.0000000e+00
       390    0.0000000e+00
       391    0.0000000e+00
       392    0.0000000e+00
       393    0.0000000e+00
       394    0.0000000e+00
       395    0.0000000e+00
       396    0.0000000e+00
       397    0.0000000e+00
       398    0.0000000e+00
       399    0.0000000e+00
       400    0.0000000e+00
       401    0.0000000e+00
       402    0.0000000e+00
       403    0.0000000e+00
       404    0.0000000e+00
       405    0.0000000e+00
       406    0.0000000e+00
       407    0.0000000e+00
       408    0.0000000e+00
       409    0.0000000e+00
       410    0.0000000e+00
       411    0.0000000e+00
       412    0.0000000e+00
       413    0.0000000e+00
       414    0.0000000e+00
       415    0.0000000e+00
       416    0.0000000e+00
       417    0.0000000e+00
       418    0.0000000e+00
       419    0.0000000e+00
       420    0.0000000e+00
       421    0.0000000e+00
       422    0.0000000e+00
       423    0.0000000e+00
       424    0.0000000e+00
       425    0.0000000e+00
       426    0.0000000e+00
       427    0.0000000e+00
       428    0.0000000e+00
       429    0.0000000e+00
       430    0.0000000e+00
       431    0.0000000e+00
       432    0.0000000e+00
       433    0.0000000e+00
       434    0.0000000e+00
       435    0.0000000e+00
       436    0.0000000e+00
       437    0.0000000e+00
       438    0.0000000e+00
       439    0.0000000e+00
       440    0.0000000e+00
       441    0.0000000e+00
       442    0.0000000e+00
       443    0.0000000e+00
       444    0.0000000e+00
       445    0.0000000e+00
       446    0.0000000e+00
       447    0.0000000e+00
       448    0.0000000e+00
       449    0.0000000e+00
       450    0.0000000e+00
       451    0.0000000e+00
       452    0.0000000e+00
       453    0.0000000e+00
       454    0.0000000e+00
       455    0.0000000e+00
       456    0.0000000e+00
       457    0.0000000e+00
       458    0.0000000e+00
       459    0.0000000e+00
       460    0.0000000e+00
       461    0.0000000e+00
       462    0.0000000e+00
       463    0.0000000e+00
       464    0.0000000e+00
       465    0.0000000e+00
       466    0.0000000e+00
       467    0.0000000e+00
       468    0.0000000e+00
       469    0.0000000e+00
       470    0.0000000e+00
       471    0.0000000e+00
       472    0.0000000e+00
       473    0.0000000e+00
       474    0.0000000e+00
       475    0.0000000e+00
       476    0.0000000e+00
       477    0.0000000e+00
       478    0.0000000e+00
       479    0.0000000e+00
       480    0.0000000e+00
       481    0.0000000e+00
       482    0.0000000e+00
       483    0.0000000e+00
       484    0.0000000e+00
       485    0.0000000e+00
       486    0.0000000e+00
       487    0.0000000e+00
       488    0.0000000e+00
       489    0.0000000e+00
       490    0.0000000e+00
       491    0.0000000e+00
       492    0.0000000e+00
       493    0.0000000e+00
       494    0.0000000e+00
       495    0.0000000e+00
       496    0.0000000e+00
       497    0.0000000e+00
       498    0.0000000e+00
       499    0.0000000e+00
       500    0.0000000e+00
       501    0.0000000e+00
       502    0.0000000e+00
       503    0.0000000e+00
       504    0.0000000e+00
       505    0.0000000e+00
       506    0.0000000e+00
       507    0.0000000e+00
       508    0.0000000e+00
       509    0.0000000e+00
       510    0.0000000e+00
       511    0.0000000e+00
       512    0.0000000e+00
       513    0.0000000e+00
       514    0.0000000e+00
       515    0.0000000e+00
       516    0.0000000e+00
       517    0.0000000e+00
       518    0.0000000e+00
       519    0.0000000e+00
       520    0.0000000e+00
       521    0.0000000e+00
       522    0.0000000e+00
       523    0.0000000e+00
       524    0.0000000e+00
       525    0.0000000e+00
       526    0.0000000e+00
       527    0.0000000e+00
       528    0.0000000e+00
       529    0.0000000e+00
       530    0.0000000e+00
       531    0.0000000e+00
       532    0.0000000e+00
       533    0.0000000e+00
       534    0.0000000e+00
       535    0.0000000e+00
       536    0.0000000e+00
       537    0.0000000e+00
       538    0.0000000e+00
       539    0.0000000e+00
       540    0.0000000e+00
       541    0.0000000e+00
       542    0.0000000e+00
       543    0.0000000e+00
       544    0.0000000e+00
       545    0.0000000e+00
       546    0.0000000e+00
       547    0.0000000e+00
       548    0.0000000e+00
       549    0.0000000e+00
       550    0.0000000e+00
       551    0.0000000e+00
       552    0.0000000e+00
       553    0.0000000e+00
       554    0.0000000e+00
       555    0.0000000e+00
       556    0.0000000e+00
       557    0.0000000e+00
       558    0.0000000e+00
       559    0.0000000e+00
       560    0.0000000e+00
       561    0.0000000e+00
       562    0.0000000e+00
       563    0.0000000e+00
       564    0.0000000e+00
       565    0.0000000e+00
       566    0.0000000e+00
       567    0.0000000e+00
       568    0.0000000e+00
       569    0.0000000e+00
       570    0.0000000e+00
       571    0.0000000e+00
       572    0.0000000e+00
       573    0.0000000e+00
       574    0.0000000e+00
       575    0.0000000e+00
       576    0.0000000e+00
       577    0.0000000e+00
       578    0.0000000e+00
       579    0.0000000e+00
       580    0.0000000e+00
       581    0.0000000e+00
       582    0.0000000e+00
       583    0.0000000e+00
       584    0.0000000e+00
       585    0.0000000e+00
       586    0.0000000e+00
       587    0.0000000e+00
       588    0.0000000e+00
       589    0.0000000e+00
       590    0.0000000e+00
       591    0.0000000e+00
       592    0.0000000e+00
       593    0.0000000e+00
       594    0.0000000e+00
       595    0.0000000e+00
       596    0.0000000e+00
       597    0.0000000e+00
       598    0.0000000e+00
       599    0.0000000e+00
       600    0.0000000e+00
       601    0.0000000e+00
       602    0.0000000e+00
       603    0.0000000e+00
       604    0.0000000e+00
       605    0.0000000e+00
       606    0.0000000e+00
       607    0.0000000e+00
       608    0.0000000e+00
       609    0.0000000e+00
       610    0.0000000e+00
       611    0.0000000e+00
       612    0.0000000e+00
       613    0.0000000e+00
       614    0.0000000e+00
       615    0.0000000e+00
       616    0.0000000e+00
       617    0.0000000e+00
       618    0.0000000e+00
       619    0.0000000e+00
       620    0.0000000e+00
       621    0.0000000e+00
       622    0.0000000e+00
       623    0.0000000e+00
       624    0.0000000e+00
       625    0.0000000e+00
       626    0.0000000e+00
       627    0.0000000e+00
       628    0.0000000e+00
       629    0.0000000e+00
       630    0.0000000e+00
       631    0.0000000e+00
       632    0.0000000e+00
       633    0.0000000e+00
       634    0.0000000e+00
       635    0.0000000e+00
       636    0.0000000e+00
       637    0.0000000e+00
       638    0.0000000e+00
       639    0.0000000e+00
       640    0.0000000e+00
       641    0.0000000e+00
       642    0.0000000e+00
       643    0.0000000e+00
       644    0.0000000e+00
       645    0.0000000e+00
       646    0.0000000e+00
       647    0.0000000e+00
       648    0.0000000e+00
       649    0.0000000e+00
       650    0.0000000e+00
       651    0.0000000e+00
       652    0.0000000e+00
       653    0.0000000e+00
       654    0.0000000e+00
       655    0.0000000e+00
       656    0.0000000e+00
       657    0.0000000e+00
       658    0.0000000e+00
       659    0.0000000e+00
       660    0.0000000e+00
       661    0.0000000e+00
       662    0.0000000e+00
       663    0.0000000e+00
       664    0.0000000e+00
       665    0.0000000e+00
       666    0.0000000e+00
       667    0.0000000e+00
       668    0.0000000e+00
       669    0.0000000e+00
       670    0.0000000e+00
       671    0.0000000e+00
       672    0.0000000e+00
       673    0.0000000e+00
       674    0.0000000e+00
       675    0.0000000e+00
       676    0.0000000e+00
       677    0.0000000e+00
       678    0.0000000e+00
       679    0.0000000e+00
       680    0.0000000e+00
       681    0.0000000e+00
       682    0.0000000e+00
       683    0.0000000e+00
       684    0.0000000e+00
       685    0.0000000e+00
       686    0.0000000e+00
       687    0.0000000e+00
       688    0.0000000e+00
       689    0.0000000e+00
       690    0.0000000e+00
       691    0.0000000e+00
       692    0.0000000e+00
       693    0.0000000e+00
       694    0.0000000e+00
       695    0.0000000e+00
       696    0.0000000e+00
       697    0.0000000e+00
       698    0.0000000e+00
       699    0.0000000e+00
       700    0.0000000e+00
       701    0.0000000e+00
       702    0.0000000e+00
       703    0.0000000e+00
       704    0.0000000e+00
       705    0.0000000e+00
       706    0.0000000e+00
       707    0.0000000e+00
       708    0.0000000e+00
       709    0.0000000e+00
       710    0.0000000e+00
       711    0.0000000e+00
       712    0.0000000e+00
       713    0.0000000e+00
       714    0.0000000e+00
       715    0.0000000e+00
       716    0.0000000e+00
       717    0.0000000e+00
       718    0.0000000e+00
       719    0.0000000e+00
       720    0.0000000e+00
       721    0.0000000e+00
       722    0.0000000e+00
       723    0.0000000e+00
       724    0.0000000e+00
       725    0.0000000e+00
       726    0.0000000e+00
       727    0.0000000e+00
       728    0.0000000e+00
       729    0.0000000e+00
       730    0.0000000e+00
       731    0.0000000e+00
       732    0.0000000e+00
       733    0.0000000e+00
       734    0.0000000e+00
       735    0.0000000e+00
       736    0.0000000e+00
       737    0.0000000e+00
       738    0.0000000e+00
       739    0.0000000e+00
       740    0.0000000e+00
       741    0.0000000e+00
       742    0.0000000e+00
       743    0.0000000e+00
       744    0.0000000e+00
       745    0.0000000e+00
       746    0.0000000e+00
       747    0.0000000e+00
       748    0.0000000e+00
       749    0.0000000e+00
       750    0.0000000e+00
       751    0.0000000e+00
       752    0.0000000e+00
       753    0.0000000e+00
       754    0.0000000e+00
       755    0.0000000e+00
       756    0.0000000e+00
       757    0.0000000e+00
       758    0.0000000e+00
       759    0.0000000e+00
       760    0.0000000e+00
       761    0.0000000e+00
       762    0.0000000e+00
       763    0.0000000e+00
       764    0.0000000e+00
       765    0.0000000e+00
       766    0.0000000e+00
       767    0.0000000e+00
       768    0.0000000e+00
       769    0.0000000e+00
       770    0.0000000e+00
       771    0.0000000e+00
       772    0.0000000e+00
       773    0.0000000e+00
       774    0.0000000e+00
       775    0.0000000e+00
       776    0.0000000e+00
       777    0.0000000e+00
       778    0.0000000e+00
       779    0.0000000e+00
       780    0.0000000e+00
       781    0.0000000e+00
       782    0.0000000e+00
       783    0.0000000e+00
       784    0.0000000e+00
       785    0.0000000e+00
       786    0.0000000e+00
       787    0.0000000e+00
       788    0.0000000e+00
       789    0.0000000e+00
       790    0.0000000e+00
       791    0.0000000e+00
       792    0.0000000e+00
       793    0.0000000e+00
       794    0.0000000e+00
       795    0.0000000e+00
       796    0.0000000e+00
       797    0.0000000e+00
       798    0.0000000e+00
       799    0.0000000e+00
       800    0.0000000e+00
       801    0.0000000e+00
       802    0.0000000e+00
       803    0.0000000e+00
       804    0.0000000e+00
       805    0.0000000e+00
       806    0.0000000e+00
       807    0.0000000e+00
       808    0.0000000e+00
       809    0.0000000e+00
       810    0.0000000e+00
       811    0.0000000e+00
       812    0.0000000e+00
       813    0.0000000e+00
       814    0.0000000e+00
       815    0.0000000e+00
       816    0.0000000e+00
       817    0.0000000e+00
       818    0.0000000e+00
       819    0.0000000e+00
       820    0.0000000e+00
       821    0.0000000e+00
       822    0.0000000e+00
       823    0.0000000e+00
       824    0.0000000e+00
       825    0.0000000e+00
       826    0.0000000e+00
       827    0.0000000e+00
       828    0.0000000e+00
       829    0.0000000e+00
       830    0.0000000e+00
       831    0.0000000e+00
       832    0.0000000e+00
       833    0.0000000e+00
       834    0.0000000e+00
       835    0.0000000e+00
       836    0.0000000e+00
       837    0.0000000e+00
       838    0.0000000e+00
       839    0.0000000e+00
       840    0.0000000e+00
       841    0.0000000e+00
       842    0.0000000e+00
       843    0.0000000e+00
       844    0.0000000e+00
       845    0.0000000e+00
       846    0.0000000e+00
       847    0.0000000e+00
       848    0.0000000e+00
       849    0.0000000e+00
       850    0.0000000e+00
       851    0.0000000e+00
       852    0.0000000e+00
       853    0.0000000e+00
       854    0.0000000e+00
       855    0.0000000e+00
       856    0.0000000e+00
       857    0.0000000e+00
       858    0.0000000e+00
       859    0.0000000e+00
       860    0.0000000e+00
       861    0.0000000e+00
       862    0.0000000e+00
       863    0.0000000e+00
       864    0.0000000e+00
       865    0.0000000e+00
       866    0.0000000e+00
       867    0.0000000e+00
       868    0.0000000e+00
       869    0.0000000e+00
       870    0.0000000e+00
       871    0.0000000e+00
       872    0.0000000e+00
       873    0.0000000e+00
       874    0.0000000e+00
       875    0.0000000e+00
       876    0.0000000e+00
       877    0.0000000e+00
       878    0.0000000e+00
       879    0.0000000e+00
       880    0.0000000e+00
       881    0.0000000e+00
       882    0.0000000e+00
       883    0.0000000e+00
       884    0.0000000e+00
       885    0.0000000e+00
       886    0.0000000e+00
       887    0.0000000e+00
       888    0.0000000e+00
       889    0.0000000e+00
       890    0.0000000e+00
       891    0.0000000e+00
       892    0.0000000e+00
       893    0.0000000e+00
       894    0.0000000e+00
       895    0.0000000e+00
       896    0.0000000e+00
       897    0.0000000e+00
       898    0.0000000e+00
       899    0.0000000e+00
       900    0.0000000e+00
       901    0.0000000e+00
       902    0.0000000e+00
       903    0.0000000e+00
       904    0.0000000e+00
       905    0.0000000e+00
       906    0.0000000e+00
       907    0.0000000e+00
       908    0.0000000e+00
       909    0.0000000e+00
       910    0.0000000e+00
       911    0.0000000e+00
       912    0.0000000e+00
       913    0.0000000e+00
       914    0.0000000e+00
       915    0.0000000e+00
       916    0.0000000e+00
       917    0.0000000e+00
       918    0.0000000e+00
       919    0.0000000e+00
       920    0.0000000e+00
       921    0.0000000e+00
       922    0.0000000e+00
       923    0.0000000e+00
       924    0.0000000e+00
       925    0.0000000e+00
       926    0.0000000e+00
       927    0.0000000e+00
       928    0.0000000e+00
       929    0.0000000e+00
       930    0.0000000e+00
       931    0.0000000e+00
       932    0.0000000e+00
       933    0.0000000e+00
       934    0.0000000e+00
       935    0.0000000e+00
       936    0.0000000e+00
       937    0.0000000e+00
       938    0.0000000e+00
       939    0.0000000e+00
       940    0.0000000e+00
       941    0.0000000e+00
       942    0.0000000e+00
       943    0.0000000e+00
       944    0.0000000e+00
       945    0.0000000e+00
       946    0.0000000e+00
       947    0.0000000e+00
       948    0.0000000e+00
       949    0.0000000e+00
       950    0.0000000e+00
       951    0.0000000e+00
       952    0.0000000e+00
       953    0.0000000e+00
       954    0.0000000e+00
       955    0.0000000e+00
       956    0.0000000e+00
       957    0.0000000e+00
       958    0.0000000e+00
       959    0.0000000e+00
       960    0.0000000e+00
       961    0.0000000e+00
       962    0.0000000e+00
       963    0.0000000e+00
       964    0.0000000e+00
       965    0.0000000e+00
       966    0.0000000e+00
       967    0.0000000e+00
       968    0.0000000e+00
       969    0.0000000e+00
       970    0.0000000e+00
       971    0.0000000e+00
       972    0.0000000e+00
       973    0.0000000e+00
       974    0.0000000e+00
       975    0.0000000e+00
       976    0.0000000e+00
       977    0.0000000e+00
       978    0.0000000e+00
       979    0.0000000e+00
       980    0.0000000e+00
       981    0.0000000e+00
       982    0.0000000e+00
       983    0.0000000e+00
       984    0.0000000e+00
       985    0.0000000e+00
       986    0.0000000e+00
       987    0.0000000e+00
       988    0.0000000e+00
       989    0.0000000e+00
       990    0.0000000e+00
       991    0.0000000e+00
       992    0.0000000e+00
       993    0.0000000e+00
       994    0.0000000e+00
       995    0.0000000e+00
       996    0.0000000e+00
       997    0.0000000e+00
       998    0.0000000e+00
       999    0.0000000e+00
      1000    0.0000000e+00
      1001    0.0000000e+00
      1002    0.0000000e+00
      1003    0.0000000e+00
      1004    0.0000000e+00
      1005    0.0000000e+00
      1006    0.0000000e+00
      1007    0.0000000e+00
      1008    0.0000000e+00
      1009    0.0000000e+00
      1010    0.0000000e+00
      1011    0.0000000e+00
      1012    0.0000000e+00
      1013    0.0000000e+00
      1014    0.0000000e+00
      1015    0.0000000e+00
      1016    0.0000000e+00
      1017    0.0000000e+00
      1018    0.0000000e+00
      1019    0.0000000e+00
      1020    0.0000000e+00
      1021    0.0000000e+00
      1022    0.0000000e+00
      1023    0.0000000e+00
      1024    0.0000000e+00
