         1    9.9999905e-01
         2    9.9999905e-01
         3    9.9999905e-01
         4    9.9999905e-01
         5    9.9999905e-01
         6    9.9999905e-01
         7    9.9999905e-01
         8    9.9999905e-01
         9    9.9999905e-01
        10    9.9999905e-01
        11    9.9999905e-01
        12    9.9999905e-01
        13    9.9999905e-01
        14    9.9999905e-01
        15    9.9999905e-01
        16    9.9999905e-01
        17    9.9999905e-01
        18    9.9999905e-01
        19    9.9999905e-01
        20    9.9999905e-01
        21    9.9999905e-01
        22    9.9999905e-01
        23    9.9999905e-01
        24    9.9999905e-01
        25    9.9999905e-01
        26    9.9999905e-01
        27    9.9999905e-01
        28    9.9999905e-01
        29    9.9999905e-01
        30    9.9999905e-01
        31    9.9999905e-01
        32    9.9999905e-01
        33    9.9999905e-01
        34    9.9999905e-01
        35    9.9999905e-01
        36    9.9999905e-01
        37    9.9999905e-01
        38    9.9999905e-01
        39    9.9999899e-01
        40    9.9999887e-01
        41    9.9999863e-01
        42    9.9999833e-01
        43    9.9999785e-01
        44    9.9999732e-01
        45    9.9999654e-01
        46    9.9999547e-01
        47    9.9999410e-01
        48    9.9999237e-01
        49    9.9998993e-01
        50    9.9998683e-01
        51    9.9998271e-01
        52    9.9997735e-01
        53    9.9997026e-01
        54    9.9996102e-01
        55    9.9994886e-01
        56    9.9993283e-01
        57    9.9991184e-01
        58    9.9988431e-01
        59    9.9984807e-01
        60    9.9980050e-01
        61    9.9973804e-01
        62    9.9965596e-01
        63    9.9954814e-01
        64    9.9940652e-01
        65    9.9922043e-01
        66    9.9897587e-01
        67    9.9865466e-01
        68    9.9823272e-01
        69    9.9767846e-01
        70    9.9695069e-01
        71    9.9599534e-01
        72    9.9474174e-01
        73    9.9309790e-01
        74    9.9094409e-01
        75    9.8812515e-01
        76    9.8444122e-01
        77    9.7963625e-01
        78    9.7338516e-01
        79    9.6527982e-01
        80    9.5481622e-01
        81    9.4138449e-01
        82    9.2426813e-01
        83    9.0265888e-01
        84    8.7569726e-01
        85    8.4255016e-01
        86    8.0253237e-01
        87    7.5527012e-01
        88    7.0088452e-01
        89    6.4014959e-01
        90    5.7455838e-01
        91    5.0624055e-01
        92    4.3771467e-01
        93    3.7152722e-01
        94    3.0988392e-01
        95    2.5438216e-01
        96    2.0590462e-01
        97    1.6466707e-01
        98    1.3036580e-01
        99    1.0235941e-01
       100    7.9835817e-02
       101    6.1939836e-02
       102    4.7856394e-02
       103    3.6856242e-02
       104    2.8314346e-02
       105    2.1711145e-02
       106    1.6624201e-02
       107    1.2715629e-02
       108    9.7184256e-03
       109    7.4235112e-03
       110    5.6682797e-03
       111    4.3269126e-03
       112    3.3024286e-03
       113    2.5202932e-03
       114    1.9233455e-03
       115    1.4678196e-03
       116    1.1202457e-03
       117    8.5505069e-04
       118    6.5270771e-04
       119    4.9831299e-04
       120    3.8049521e-04
       121    2.9057980e-04
       122    2.2195037e-04
       123    1.6956056e-04
       124    1.2956157e-04
       125    9.9017831e-05
       126    7.5690215e-05
       127    5.7870628e-05
       128    4.4255943e-05
       129    3.3851869e-05
       130    2.5899655e-05
       131    1.9820201e-05
       132    1.5171457e-05
       133    1.1615928e-05
       134    8.8959059e-06
       135    6.8145646e-06
       136    5.2215532e-06
       137    4.0019968e-06
       138    3.0681097e-06
       139    2.3527928e-06
       140    1.8047473e-06
       141    1.3847463e-06
       142    1.0627865e-06
       143    8.1591435e-07
       144    6.2656522e-07
       145    4.8129505e-07
       146    3.6981095e-07
       147    2.8423079e-07
       148    2.1851679e-07
       149    1.6804279e-07
       150    1.2926326e-07
       151    9.9460095e-08
       152    7.6548957e-08
       153    5.8931047e-08
       154    4.5379625e-08
       155    3.4953175e-08
       156    2.6928872e-08
       157    2.0751617e-08
       158    1.5994997e-08
       159    1.2331349e-08
       160    9.5088240e-09
       161    7.3337834e-09
       162    5.6573017e-09
       163    4.3648103e-09
       164    3.3681435e-09
       165    2.5994367e-09
       166    2.0064364e-09
       167    1.5488978e-09
       168    1.1958180e-09
       169    9.2330649e-10
       170    7.1294892e-10
       171    5.5054900e-10
       172    4.2515921e-10
       173    3.2833591e-10
       174    2.5356497e-10
       175    1.9582005e-10
       176    1.5122199e-10
       177    1.1677649e-10
       178    9.0171946e-11
       179    6.9623501e-11
       180    5.3752842e-11
       181    4.1495512e-11
       182    3.2029320e-11
       183    2.4719192e-11
       184    1.9074521e-11
       185    1.4716310e-11
       186    1.1351760e-11
       187    8.7546663e-12
       188    6.7502731e-12
       189    5.2035732e-12
       190    4.0102730e-12
       191    3.0898081e-12
       192    2.3799502e-12
       193    1.8326373e-12
       194    1.4107532e-12
       195    1.0856380e-12
       196    8.3516478e-13
       197    6.4225302e-13
       198    4.9372008e-13
       199    3.7939351e-13
       200    2.9142533e-13
       201    2.2376227e-13
       202    1.7173645e-13
       203    1.3174921e-13
       204    1.0102702e-13
       205    7.7432784e-14
       206    5.9320401e-14
       207    4.5422291e-14
       208    3.4762727e-14
       209    2.6590858e-14
       210    2.0329123e-14
       211    1.5533403e-14
       212    1.1862339e-14
       213    9.0536497e-15
       214    6.9059066e-15
       215    5.2644779e-15
       216    4.0107116e-15
       217    3.0536067e-15
       218    2.3234010e-15
       219    1.7666423e-15
       220    1.3423954e-15
       221    1.0193270e-15
       222    7.7346708e-16
       223    5.8648826e-16
       224    4.4438557e-16
       225    3.3646324e-16
       226    2.5455778e-16
       227    1.9244217e-16
       228    1.4536945e-16
       229    1.0972339e-16
       230    8.2750844e-17
       231    6.2357249e-17
       232    4.6950136e-17
       233    3.5319643e-17
       234    2.6547252e-17
       235    1.9936128e-17
       236    1.4958028e-17
       237    1.1212810e-17
       238    8.3976095e-18
       239    6.2833653e-18
       240    4.6969822e-18
       241    3.5077615e-18
       242    2.6171000e-18
       243    1.9506726e-18
       244    1.4525030e-18
       245    1.0804710e-18
       246    8.0291113e-19
       247    5.9603957e-19
       248    4.4200887e-19
       249    3.2743893e-19
       250    2.4230827e-19
       251    1.7911834e-19
       252    1.3226381e-19
       253    9.7558851e-20
       254    7.1880729e-20
       255    5.2902233e-20
       256    3.8890804e-20
       257    2.8557945e-20
       258    2.0946430e-20
       259    1.5345884e-20
       260    1.1229714e-20
       261    8.2079807e-21
       262    5.9922660e-21
       263    4.3694733e-21
       264    3.1823409e-21
       265    2.3149427e-21
       266    1.6819235e-21
       267    1.2205095e-21
       268    8.8458929e-22
       269    6.4033084e-22
       270    4.6294155e-22
       271    3.3427482e-22
       272    2.4106486e-22
       273    1.7362562e-22
       274    1.2489367e-22
       275    8.9724452e-23
       276    6.4375733e-23
       277    4.6128758e-23
       278    3.3010860e-23
       279    2.3592544e-23
       280    1.6839258e-23
       281    1.2003252e-23
       282    8.5447654e-24
       283    6.0746912e-24
       284    4.3128947e-24
       285    3.0579595e-24
       286    2.1652628e-24
       287    1.5310990e-24
       288    1.0812040e-24
       289    7.6246794e-25
       290    5.3696135e-25
       291    3.7763311e-25
       292    2.6521661e-25
       293    1.8600862e-25
       294    1.3027626e-25
       295    9.1116196e-26
       296    6.3638821e-26
       297    4.4385718e-26
       298    3.0914143e-26
       299    2.1501187e-26
       300    1.4933350e-26
       301    1.0357145e-26
       302    7.1731415e-27
       303    4.9609371e-27
       304    3.4261123e-27
       305    2.3627703e-27
       306    1.6271294e-27
       307    1.1189277e-27
       308    7.6835148e-28
       309    5.2685913e-28
       310    3.6074844e-28
       311    2.4665421e-28
       312    1.6840133e-28
       313    1.1480854e-28
       314    7.8157987e-29
       315    5.3130262e-29
       316    3.6064404e-29
       317    2.4444589e-29
       318    1.6544468e-29
       319    1.1181186e-29
       320    7.5454821e-30
       321    5.0845092e-30
       322    3.4211576e-30
       323    2.2985722e-30
       324    1.5420673e-30
       325    1.0330174e-30
       326    6.9098741e-31
       327    4.6151944e-31
       328    3.0779840e-31
       329    2.0497377e-31
       330    1.3629660e-31
       331    9.0495227e-32
       332    5.9995609e-32
       333    3.9716007e-32
       334    2.6252054e-32
       335    1.7326538e-32
       336    1.1418534e-32
       337    7.5137746e-33
       338    4.9369033e-33
       339    3.2389105e-33
       340    2.1217317e-33
       341    1.3878050e-33
       342    9.0638411e-34
       343    5.9107318e-34
       344    3.8487065e-34
       345    2.5022585e-34
       346    1.6243996e-34
       347    1.0529219e-34
       348    6.8146174e-35
       349    4.4038068e-35
       350    2.8415538e-35
       351    1.8307278e-35
       352    1.1776912e-35
       353    7.5644640e-36
       354    4.8513604e-36
       355    3.1066115e-36
       356    1.9863141e-36
       357    1.2680776e-36
       358    8.0831433e-37
       359    5.1445891e-37
       360    3.2693138e-37
       361    2.0744240e-37
       362    1.3142347e-37
       363    8.3134699e-38
       364    5.2507976e-38
       365    3.3113215e-38
       366    2.0850187e-38
       367    1.3108432e-38
       368    8.2285493e-39
       369    5.1573543e-39
       370    3.2274636e-39
       371    2.0166296e-39
       372    1.2581166e-39
       373    7.8369018e-40
       374    4.8741224e-40
       375    3.0267486e-40
       376    1.8766609e-40
       377    1.1617745e-40
       378    7.1809540e-41
       379    4.4316064e-41
       380    2.7305702e-41
       381    1.6798766e-41
       382    1.0319162e-41
       383    6.3282639e-42
       384    3.8731890e-42
       385    2.3667931e-42
       386    1.4433374e-42
       387    8.7861414e-43
       388    5.3389471e-43
       389    3.2229865e-43
       390    1.9478049e-43
       391    1.1630777e-43
       392    6.8663625e-44
       393    4.0637655e-44
       394    2.2420775e-44
       395    1.1210388e-44
       396    5.6051939e-45
       397    1.4012985e-45
       398    0.0000000e+00
       399    0.0000000e+00
       400    0.0000000e+00
       401    0.0000000e+00
       402    0.0000000e+00
       403    0.0000000e+00
       404    0.0000000e+00
       405    0.0000000e+00
       406    0.0000000e+00
       407    0.0000000e+00
       408    0.0000000e+00
       409    0.0000000e+00
       410    0.0000000e+00
       411    0.0000000e+00
       412    0.0000000e+00
       413    0.0000000e+00
       414    0.0000000e+00
       415    0.0000000e+00
       416    0.0000000e+00
       417    0.0000000e+00
       418    0.0000000e+00
       419    0.0000000e+00
       420    0.0000000e+00
       421    0.0000000e+00
       422    0.0000000e+00
       423    0.0000000e+00
       424    0.0000000e+00
       425    0.0000000e+00
       426    0.0000000e+00
       427    0.0000000e+00
       428    0.0000000e+00
       429    0.0000000e+00
       430    0.0000000e+00
       431    0.0000000e+00
       432    0.0000000e+00
       433    0.0000000e+00
       434    0.0000000e+00
       435    0.0000000e+00
       436    0.0000000e+00
       437    0.0000000e+00
       438    0.0000000e+00
       439    0.0000000e+00
       440    0.0000000e+00
       441    0.0000000e+00
       442    0.0000000e+00
       443    0.0000000e+00
       444    0.0000000e+00
       445    0.0000000e+00
       446    0.0000000e+00
       447    0.0000000e+00
       448    0.0000000e+00
       449    0.0000000e+00
       450    0.0000000e+00
       451    0.0000000e+00
       452    0.0000000e+00
       453    0.0000000e+00
       454    0.0000000e+00
       455    0.0000000e+00
       456    0.0000000e+00
       457    0.0000000e+00
       458    0.0000000e+00
       459    0.0000000e+00
       460    0.0000000e+00
       461    0.0000000e+00
       462    0.0000000e+00
       463    0.0000000e+00
       464    0.0000000e+00
       465    0.0000000e+00
       466    0.0000000e+00
       467    0.0000000e+00
       468    0.0000000e+00
       469    0.0000000e+00
       470    0.0000000e+00
       471    0.0000000e+00
       472    0.0000000e+00
       473    0.0000000e+00
       474    0.0000000e+00
       475    0.0000000e+00
       476    0.0000000e+00
       477    0.0000000e+00
       478    0.0000000e+00
       479    0.0000000e+00
       480    0.0000000e+00
       481    0.0000000e+00
       482    0.0000000e+00
       483    0.0000000e+00
       484    0.0000000e+00
       485    0.0000000e+00
       486    0.0000000e+00
       487    0.0000000e+00
       488    0.0000000e+00
       489    0.0000000e+00
       490    0.0000000e+00
       491    0.0000000e+00
       492    0.0000000e+00
       493    0.0000000e+00
       494    0.0000000e+00
       495    0.0000000e+00
       496    0.0000000e+00
       497    0.0000000e+00
       498    0.0000000e+00
       499    0.0000000e+00
       500    0.0000000e+00
       501    0.0000000e+00
       502    0.0000000e+00
       503    0.0000000e+00
       504    0.0000000e+00
       505    0.0000000e+00
       506    0.0000000e+00
       507    0.0000000e+00
       508    0.0000000e+00
       509    0.0000000e+00
       510    0.0000000e+00
       511    0.0000000e+00
       512    0.0000000e+00
       513    0.0000000e+00
       514    0.0000000e+00
       515    0.0000000e+00
       516    0.0000000e+00
       517    0.0000000e+00
       518    0.0000000e+00
       519    0.0000000e+00
       520    0.0000000e+00
       521    0.0000000e+00
       522    0.0000000e+00
       523    0.0000000e+00
       524    0.0000000e+00
       525    0.0000000e+00
       526    0.0000000e+00
       527    0.0000000e+00
       528    0.0000000e+00
       529    0.0000000e+00
       530    0.0000000e+00
       531    0.0000000e+00
       532    0.0000000e+00
       533    0.0000000e+00
       534    0.0000000e+00
       535    0.0000000e+00
       536    0.0000000e+00
       537    0.0000000e+00
       538    0.0000000e+00
       539    0.0000000e+00
       540    0.0000000e+00
       541    0.0000000e+00
       542    0.0000000e+00
       543    0.0000000e+00
       544    0.0000000e+00
       545    0.0000000e+00
       546    0.0000000e+00
       547    0.0000000e+00
       548    0.0000000e+00
       549    0.0000000e+00
       550    0.0000000e+00
       551    0.0000000e+00
       552    0.0000000e+00
       553    0.0000000e+00
       554    0.0000000e+00
       555    0.0000000e+00
       556    0.0000000e+00
       557    0.0000000e+00
       558    0.0000000e+00
       559    0.0000000e+00
       560    0.0000000e+00
       561    0.0000000e+00
       562    0.0000000e+00
       563    0.0000000e+00
       564    0.0000000e+00
       565    0.0000000e+00
       566    0.0000000e+00
       567    0.0000000e+00
       568    0.0000000e+00
       569    0.0000000e+00
       570    0.0000000e+00
       571    0.0000000e+00
       572    0.0000000e+00
       573    0.0000000e+00
       574    0.0000000e+00
       575    0.0000000e+00
       576    0.0000000e+00
       577    0.0000000e+00
       578    0.0000000e+00
       579    0.0000000e+00
       580    0.0000000e+00
       581    0.0000000e+00
       582    0.0000000e+00
       583    0.0000000e+00
       584    0.0000000e+00
       585    0.0000000e+00
       586    0.0000000e+00
       587    0.0000000e+00
       588    0.0000000e+00
       589    0.0000000e+00
       590    0.0000000e+00
       591    0.0000000e+00
       592    0.0000000e+00
       593    0.0000000e+00
       594    0.0000000e+00
       595    0.0000000e+00
       596    0.0000000e+00
       597    0.0000000e+00
       598    0.0000000e+00
       599    0.0000000e+00
       600    0.0000000e+00
       601    0.0000000e+00
       602    0.0000000e+00
       603    0.0000000e+00
       604    0.0000000e+00
       605    0.0000000e+00
       606    0.0000000e+00
       607    0.0000000e+00
       608    0.0000000e+00
       609    0.0000000e+00
       610    0.0000000e+00
       611    0.0000000e+00
       612    0.0000000e+00
       613    0.0000000e+00
       614    0.0000000e+00
       615    0.0000000e+00
       616    0.0000000e+00
       617    0.0000000e+00
       618    0.0000000e+00
       619    0.0000000e+00
       620    0.0000000e+00
       621    0.0000000e+00
       622    0.0000000e+00
       623    0.0000000e+00
       624    0.0000000e+00
       625    0.0000000e+00
       626    0.0000000e+00
       627    0.0000000e+00
       628    0.0000000e+00
       629    0.0000000e+00
       630    0.0000000e+00
       631    0.0000000e+00
       632    0.0000000e+00
       633    0.0000000e+00
       634    0.0000000e+00
       635    0.0000000e+00
       636    0.0000000e+00
       637    0.0000000e+00
       638    0.0000000e+00
       639    0.0000000e+00
       640    0.0000000e+00
       641    0.0000000e+00
       642    0.0000000e+00
       643    0.0000000e+00
       644    0.0000000e+00
       645    0.0000000e+00
       646    0.0000000e+00
       647    0.0000000e+00
       648    0.0000000e+00
       649    0.0000000e+00
       650    0.0000000e+00
       651    0.0000000e+00
       652    0.0000000e+00
       653    0.0000000e+00
       654    0.0000000e+00
       655    0.0000000e+00
       656    0.0000000e+00
       657    0.0000000e+00
       658    0.0000000e+00
       659    0.0000000e+00
       660    0.0000000e+00
       661    0.0000000e+00
       662    0.0000000e+00
       663    0.0000000e+00
       664    0.0000000e+00
       665    0.0000000e+00
       666    0.0000000e+00
       667    0.0000000e+00
       668    0.0000000e+00
       669    0.0000000e+00
       670    0.0000000e+00
       671    0.0000000e+00
       672    0.0000000e+00
       673    0.0000000e+00
       674    0.0000000e+00
       675    0.0000000e+00
       676    0.0000000e+00
       677    0.0000000e+00
       678    0.0000000e+00
       679    0.0000000e+00
       680    0.0000000e+00
       681    0.0000000e+00
       682    0.0000000e+00
       683    0.0000000e+00
       684    0.0000000e+00
       685    0.0000000e+00
       686    0.0000000e+00
       687    0.0000000e+00
       688    0.0000000e+00
       689    0.0000000e+00
       690    0.0000000e+00
       691    0.0000000e+00
       692    0.0000000e+00
       693    0.0000000e+00
       694    0.0000000e+00
       695    0.0000000e+00
       696    0.0000000e+00
       697    0.0000000e+00
       698    0.0000000e+00
       699    0.0000000e+00
       700    0.0000000e+00
       701    0.0000000e+00
       702    0.0000000e+00
       703    0.0000000e+00
       704    0.0000000e+00
       705    0.0000000e+00
       706    0.0000000e+00
       707    0.0000000e+00
       708    0.0000000e+00
       709    0.0000000e+00
       710    0.0000000e+00
       711    0.0000000e+00
       712    0.0000000e+00
       713    0.0000000e+00
       714    0.0000000e+00
       715    0.0000000e+00
       716    0.0000000e+00
       717    0.0000000e+00
       718    0.0000000e+00
       719    0.0000000e+00
       720    0.0000000e+00
       721    0.0000000e+00
       722    0.0000000e+00
       723    0.0000000e+00
       724    0.0000000e+00
       725    0.0000000e+00
       726    0.0000000e+00
       727    0.0000000e+00
       728    0.0000000e+00
       729    0.0000000e+00
       730    0.0000000e+00
       731    0.0000000e+00
       732    0.0000000e+00
       733    0.0000000e+00
       734    0.0000000e+00
       735    0.0000000e+00
       736    0.0000000e+00
       737    0.0000000e+00
       738    0.0000000e+00
       739    0.0000000e+00
       740    0.0000000e+00
       741    0.0000000e+00
       742    0.0000000e+00
       743    0.0000000e+00
       744    0.0000000e+00
       745    0.0000000e+00
       746    0.0000000e+00
       747    0.0000000e+00
       748    0.0000000e+00
       749    0.0000000e+00
       750    0.0000000e+00
       751    0.0000000e+00
       752    0.0000000e+00
       753    0.0000000e+00
       754    0.0000000e+00
       755    0.0000000e+00
       756    0.0000000e+00
       757    0.0000000e+00
       758    0.0000000e+00
       759    0.0000000e+00
       760    0.0000000e+00
       761    0.0000000e+00
       762    0.0000000e+00
       763    0.0000000e+00
       764    0.0000000e+00
       765    0.0000000e+00
       766    0.0000000e+00
       767    0.0000000e+00
       768    0.0000000e+00
       769    0.0000000e+00
       770    0.0000000e+00
       771    0.0000000e+00
       772    0.0000000e+00
       773    0.0000000e+00
       774    0.0000000e+00
       775    0.0000000e+00
       776    0.0000000e+00
       777    0.0000000e+00
       778    0.0000000e+00
       779    0.0000000e+00
       780    0.0000000e+00
       781    0.0000000e+00
       782    0.0000000e+00
       783    0.0000000e+00
       784    0.0000000e+00
       785    0.0000000e+00
       786    0.0000000e+00
       787    0.0000000e+00
       788    0.0000000e+00
       789    0.0000000e+00
       790    0.0000000e+00
       791    0.0000000e+00
       792    0.0000000e+00
       793    0.0000000e+00
       794    0.0000000e+00
       795    0.0000000e+00
       796    0.0000000e+00
       797    0.0000000e+00
       798    0.0000000e+00
       799    0.0000000e+00
       800    0.0000000e+00
       801    0.0000000e+00
       802    0.0000000e+00
       803    0.0000000e+00
       804    0.0000000e+00
       805    0.0000000e+00
       806    0.0000000e+00
       807    0.0000000e+00
       808    0.0000000e+00
       809    0.0000000e+00
       810    0.0000000e+00
       811    0.0000000e+00
       812    0.0000000e+00
       813    0.0000000e+00
       814    0.0000000e+00
       815    0.0000000e+00
       816    0.0000000e+00
       817    0.0000000e+00
       818    0.0000000e+00
       819    0.0000000e+00
       820    0.0000000e+00
       821    0.0000000e+00
       822    0.0000000e+00
       823    0.0000000e+00
       824    0.0000000e+00
       825    0.0000000e+00
       826    0.0000000e+00
       827    0.0000000e+00
       828    0.0000000e+00
       829    0.0000000e+00
       830    0.0000000e+00
       831    0.0000000e+00
       832    0.0000000e+00
       833    0.0000000e+00
       834    0.0000000e+00
       835    0.0000000e+00
       836    0.0000000e+00
       837    0.0000000e+00
       838    0.0000000e+00
       839    0.0000000e+00
       840    0.0000000e+00
       841    0.0000000e+00
       842    0.0000000e+00
       843    0.0000000e+00
       844    0.0000000e+00
       845    0.0000000e+00
       846    0.0000000e+00
       847    0.0000000e+00
       848    0.0000000e+00
       849    0.0000000e+00
       850    0.0000000e+00
       851    0.0000000e+00
       852    0.0000000e+00
       853    0.0000000e+00
       854    0.0000000e+00
       855    0.0000000e+00
       856    0.0000000e+00
       857    0.0000000e+00
       858    0.0000000e+00
       859    0.0000000e+00
       860    0.0000000e+00
       861    0.0000000e+00
       862    0.0000000e+00
       863    0.0000000e+00
       864    0.0000000e+00
       865    0.0000000e+00
       866    0.0000000e+00
       867    0.0000000e+00
       868    0.0000000e+00
       869    0.0000000e+00
       870    0.0000000e+00
       871    0.0000000e+00
       872    0.0000000e+00
       873    0.0000000e+00
       874    0.0000000e+00
       875    0.0000000e+00
       876    0.0000000e+00
       877    0.0000000e+00
       878    0.0000000e+00
       879    0.0000000e+00
       880    0.0000000e+00
       881    0.0000000e+00
       882    0.0000000e+00
       883    0.0000000e+00
       884    0.0000000e+00
       885    0.0000000e+00
       886    0.0000000e+00
       887    0.0000000e+00
       888    0.0000000e+00
       889    0.0000000e+00
       890    0.0000000e+00
       891    0.0000000e+00
       892    0.0000000e+00
       893    0.0000000e+00
       894    0.0000000e+00
       895    0.0000000e+00
       896    0.0000000e+00
       897    0.0000000e+00
       898    0.0000000e+00
       899    0.0000000e+00
       900    0.0000000e+00
       901    0.0000000e+00
       902    0.0000000e+00
       903    0.0000000e+00
       904    0.0000000e+00
       905    0.0000000e+00
       906    0.0000000e+00
       907    0.0000000e+00
       908    0.0000000e+00
       909    0.0000000e+00
       910    0.0000000e+00
       911    0.0000000e+00
       912    0.0000000e+00
       913    0.0000000e+00
       914    0.0000000e+00
       915    0.0000000e+00
       916    0.0000000e+00
       917    0.0000000e+00
       918    0.0000000e+00
       919    0.0000000e+00
       920    0.0000000e+00
       921    0.0000000e+00
       922    0.0000000e+00
       923    0.0000000e+00
       924    0.0000000e+00
       925    0.0000000e+00
       926    0.0000000e+00
       927    0.0000000e+00
       928    0.0000000e+00
       929    0.0000000e+00
       930    0.0000000e+00
       931    0.0000000e+00
       932    0.0000000e+00
       933    0.0000000e+00
       934    0.0000000e+00
       935    0.0000000e+00
       936    0.0000000e+00
       937    0.0000000e+00
       938    0.0000000e+00
       939    0.0000000e+00
       940    0.0000000e+00
       941    0.0000000e+00
       942    0.0000000e+00
       943    0.0000000e+00
       944    0.0000000e+00
       945    0.0000000e+00
       946    0.0000000e+00
       947    0.0000000e+00
       948    0.0000000e+00
       949    0.0000000e+00
       950    0.0000000e+00
       951    0.0000000e+00
       952    0.0000000e+00
       953    0.0000000e+00
       954    0.0000000e+00
       955    0.0000000e+00
       956    0.0000000e+00
       957    0.0000000e+00
       958    0.0000000e+00
       959    0.0000000e+00
       960    0.0000000e+00
       961    0.0000000e+00
       962    0.0000000e+00
       963    0.0000000e+00
       964    0.0000000e+00
       965    0.0000000e+00
       966    0.0000000e+00
       967    0.0000000e+00
       968    0.0000000e+00
       969    0.0000000e+00
       970    0.0000000e+00
       971    0.0000000e+00
       972    0.0000000e+00
       973    0.0000000e+00
       974    0.0000000e+00
       975    0.0000000e+00
       976    0.0000000e+00
       977    0.0000000e+00
       978    0.0000000e+00
       979    0.0000000e+00
       980    0.0000000e+00
       981    0.0000000e+00
       982    0.0000000e+00
       983    0.0000000e+00
       984    0.0000000e+00
       985    0.0000000e+00
       986    0.0000000e+00
       987    0.0000000e+00
       988    0.0000000e+00
       989    0.0000000e+00
       990    0.0000000e+00
       991    0.0000000e+00
       992    0.0000000e+00
       993    0.0000000e+00
       994    0.0000000e+00
       995    0.0000000e+00
       996    0.0000000e+00
       997    0.0000000e+00
       998    0.0000000e+00
       999    0.0000000e+00
      1000    0.0000000e+00
      1001    0.0000000e+00
      1002    0.0000000e+00
      1003    0.0000000e+00
      1004    0.0000000e+00
      1005    0.0000000e+00
      1006    0.0000000e+00
      1007    0.0000000e+00
      1008    0.0000000e+00
      1009    0.0000000e+00
      1010    0.0000000e+00
      1011    0.0000000e+00
      1012    0.0000000e+00
      1013    0.0000000e+00
      1014    0.0000000e+00
      1015    0.0000000e+00
      1016    0.0000000e+00
      1017    0.0000000e+00
      1018    0.0000000e+00
      1019    0.0000000e+00
      1020    0.0000000e+00
      1021    0.0000000e+00
      1022    0.0000000e+00
      1023    0.0000000e+00
      1024    0.0000000e+00
