         1    9.9999905e-01
         2    9.9999905e-01
         3    9.9999905e-01
         4    9.9999905e-01
         5    9.9999905e-01
         6    9.9999905e-01
         7    9.9999905e-01
         8    9.9999905e-01
         9    9.9999905e-01
        10    9.9999905e-01
        11    9.9999905e-01
        12    9.9999905e-01
        13    9.9999905e-01
        14    9.9999905e-01
        15    9.9999905e-01
        16    9.9999905e-01
        17    9.9999905e-01
        18    9.9999905e-01
        19    9.9999905e-01
        20    9.9999905e-01
        21    9.9999905e-01
        22    9.9999905e-01
        23    9.9999905e-01
        24    9.9999905e-01
        25    9.9999905e-01
        26    9.9999905e-01
        27    9.9999905e-01
        28    9.9999905e-01
        29    9.9999905e-01
        30    9.9999905e-01
        31    9.9999905e-01
        32    9.9999905e-01
        33    9.9999899e-01
        34    9.9999887e-01
        35    9.9999875e-01
        36    9.9999851e-01
        37    9.9999821e-01
        38    9.9999768e-01
        39    9.9999708e-01
        40    9.9999624e-01
        41    9.9999511e-01
        42    9.9999356e-01
        43    9.9999166e-01
        44    9.9998903e-01
        45    9.9998569e-01
        46    9.9998122e-01
        47    9.9997538e-01
        48    9.9996775e-01
        49    9.9995774e-01
        50    9.9994457e-01
        51    9.9992734e-01
        52    9.9990463e-01
        53    9.9987483e-01
        54    9.9983579e-01
        55    9.9978447e-01
        56    9.9971718e-01
        57    9.9962866e-01
        58    9.9951249e-01
        59    9.9935997e-01
        60    9.9915957e-01
        61    9.9889636e-01
        62    9.9855059e-01
        63    9.9809659e-01
        64    9.9750042e-01
        65    9.9671775e-01
        66    9.9569064e-01
        67    9.9434346e-01
        68    9.9257749e-01
        69    9.9026465e-01
        70    9.8723918e-01
        71    9.8328769e-01
        72    9.7813749e-01
        73    9.7144347e-01
        74    9.6277392e-01
        75    9.5159817e-01
        76    9.3727881e-01
        77    9.1907358e-01
        78    8.9615643e-01
        79    8.6766636e-01
        80    8.3279610e-01
        81    7.9092503e-01
        82    7.4179083e-01
        83    6.8567145e-01
        84    6.2352562e-01
        85    5.5702490e-01
        86    4.8842761e-01
        87    4.2029411e-01
        88    3.5511336e-01
        89    2.9495162e-01
        90    2.4122368e-01
        91    1.9462983e-01
        92    1.5523537e-01
        93    1.2263259e-01
        94    9.6122243e-02
        95    7.4871674e-02
        96    5.8030553e-02
        97    4.4803534e-02
        98    3.4487836e-02
        99    2.6486401e-02
       100    2.0306004e-02
       101    1.5547475e-02
       102    1.1892595e-02
       103    9.0905344e-03
       104    6.9452361e-03
       105    5.3044227e-03
       106    4.0503824e-03
       107    3.0924440e-03
       108    2.3609549e-03
       109    1.8025137e-03
       110    1.3762399e-03
       111    1.0508723e-03
       112    8.0252468e-04
       113    6.1295641e-04
       114    4.6824350e-04
       115    3.5775997e-04
       116    2.7339807e-04
       117    2.0897188e-04
       118    1.5976198e-04
       119    1.2216764e-04
       120    9.3441457e-05
       121    7.1487004e-05
       122    5.4704320e-05
       123    4.1872227e-05
       124    3.2058491e-05
       125    2.4551335e-05
       126    1.8807217e-05
       127    1.4410977e-05
       128    1.1045461e-05
       129    8.4683243e-06
       130    6.4943542e-06
       131    4.9819646e-06
       132    3.8228973e-06
       133    2.9343566e-06
       134    2.2530044e-06
       135    1.7303757e-06
       136    1.3293769e-06
       137    1.0216096e-06
       138    7.8532668e-07
       139    6.0387003e-07
       140    4.6447582e-07
       141    3.5736144e-07
       142    2.7502702e-07
       143    2.1172093e-07
       144    1.6303109e-07
       145    1.2557184e-07
       146    9.6744436e-08
       147    7.4553483e-08
       148    5.7466409e-08
       149    4.4305736e-08
       150    3.4166540e-08
       151    2.6353124e-08
       152    2.0330500e-08
       153    1.5687121e-08
       154    1.2106309e-08
       155    9.3443173e-09
       156    7.2134720e-09
       157    5.5692353e-09
       158    4.3002575e-09
       159    3.3207346e-09
       160    2.5645295e-09
       161    1.9806503e-09
       162    1.5297741e-09
       163    1.1815684e-09
       164    9.1263058e-10
       165    7.0490136e-10
       166    5.4444171e-10
       167    4.2049089e-10
       168    3.2474048e-10
       169    2.5077457e-10
       170    1.9363787e-10
       171    1.4950284e-10
       172    1.1541267e-10
       173    8.9083067e-11
       174    6.8749131e-11
       175    5.3047188e-11
       176    4.0923577e-11
       177    3.1564123e-11
       178    2.4339735e-11
       179    1.8764329e-11
       180    1.4462335e-11
       181    1.1143593e-11
       182    8.5839426e-12
       183    6.6102276e-12
       184    5.0887072e-12
       185    3.9160970e-12
       186    3.0126444e-12
       187    2.3167774e-12
       188    1.7809687e-12
       189    1.3685399e-12
       190    1.0511907e-12
       191    8.0709007e-13
       192    6.1940215e-13
       193    4.7514613e-13
       194    3.6431684e-13
       195    2.7920453e-13
       196    2.1387034e-13
       197    1.6374091e-13
       198    1.2529565e-13
       199    9.5825386e-14
       200    7.3246110e-14
       201    5.5955339e-14
       202    4.2721357e-14
       203    3.2597822e-14
       204    2.4857972e-14
       205    1.8943921e-14
       206    1.4427612e-14
       207    1.0980776e-14
       208    8.3517762e-15
       209    6.3478313e-15
       210    4.8213200e-15
       211    3.6592658e-15
       212    2.7752535e-15
       213    2.1032237e-15
       214    1.5927059e-15
       215    1.2051648e-15
       216    9.1119506e-16
       217    6.8837266e-16
       218    5.1960892e-16
       219    3.9188951e-16
       220    2.9530999e-16
       221    2.2233792e-16
       222    1.6724889e-16
       223    1.2569580e-16
       224    9.4379925e-17
       225    7.0800023e-17
       226    5.3061029e-17
       227    3.9728314e-17
       228    2.9716695e-17
       229    2.2206013e-17
       230    1.6576936e-17
       231    1.2362191e-17
       232    9.2095436e-18
       233    6.8537199e-18
       234    5.0951187e-18
       235    3.7836962e-18
       236    2.8067675e-18
       237    2.0797893e-18
       238    1.5393926e-18
       239    1.1381282e-18
       240    8.4050329e-19
       241    6.1999591e-19
       242    4.5680853e-19
       243    3.3617900e-19
       244    2.4711150e-19
       245    1.8142471e-19
       246    1.3303817e-19
       247    9.7437870e-20
       248    7.1276499e-20
       249    5.2074790e-20
       250    3.7998535e-20
       251    2.7692365e-20
       252    2.0155933e-20
       253    1.4651810e-20
       254    1.0637047e-20
       255    7.7123808e-21
       256    5.5845673e-21
       257    4.0385038e-21
       258    2.9166055e-21
       259    2.1035724e-21
       260    1.5151525e-21
       261    1.0898605e-21
       262    7.8288470e-22
       263    5.6160853e-22
       264    4.0232350e-22
       265    2.8781925e-22
       266    2.0561932e-22
       267    1.4669141e-22
       268    1.0450552e-22
       269    7.4347225e-23
       270    5.2817573e-23
       271    3.7469476e-23
       272    2.6543589e-23
       273    1.8776814e-23
       274    1.3263617e-23
       275    9.3557247e-24
       276    6.5897022e-24
       277    4.6347337e-24
       278    3.2550087e-24
       279    2.2826832e-24
       280    1.5984650e-24
       281    1.1176928e-24
       282    7.8037197e-25
       283    5.4404976e-25
       284    3.7873150e-25
       285    2.6325595e-25
       286    1.8271618e-25
       287    1.2662694e-25
       288    8.7624118e-26
       289    6.0543558e-26
       290    4.1769310e-26
       291    2.8773319e-26
       292    1.9790850e-26
       293    1.3591867e-26
       294    9.3203546e-27
       295    6.3815015e-27
       296    4.3626365e-27
       297    2.9778950e-27
       298    2.0295633e-27
       299    1.3811068e-27
       300    9.3838712e-28
       301    6.3659847e-28
       302    4.3119795e-28
       303    2.9161784e-28
       304    1.9691397e-28
       305    1.3275864e-28
       306    8.9365876e-29
       307    6.0062328e-29
       308    4.0304457e-29
       309    2.7003698e-29
       310    1.8063905e-29
       311    1.2064720e-29
       312    8.0452391e-30
       313    5.3564347e-30
       314    3.5606299e-30
       315    2.3631486e-30
       316    1.5659123e-30
       317    1.0359890e-30
       318    6.8431060e-31
       319    4.5129537e-31
       320    2.9715094e-31
       321    1.9534446e-31
       322    1.2821298e-31
       323    8.4017354e-32
       324    5.4968173e-32
       325    3.5905257e-32
       326    2.3415774e-32
       327    1.5246212e-32
       328    9.9110014e-33
       329    6.4324234e-33
       330    4.1680447e-33
       331    2.6964362e-33
       332    1.7415953e-33
       333    1.1230600e-33
       334    7.2303060e-34
       335    4.6473743e-34
       336    2.9823267e-34
       337    1.9107278e-34
       338    1.2221873e-34
       339    7.8049737e-35
       340    4.9762166e-35
       341    3.1675288e-35
       342    2.0129586e-35
       343    1.2771486e-35
       344    8.0898384e-36
       345    5.1159872e-36
       346    3.2300531e-36
       347    2.0360105e-36
       348    1.2812679e-36
       349    8.0498709e-37
       350    5.0492438e-37
       351    3.1619268e-37
       352    1.9768093e-37
       353    1.2338565e-37
       354    7.6886668e-38
       355    4.7832538e-38
       356    2.9708542e-38
       357    1.8421470e-38
       358    1.1403857e-38
       359    7.0479567e-39
       360    4.3486902e-39
       361    2.6787782e-39
       362    1.6473945e-39
       363    1.0114404e-39
       364    6.1996107e-40
       365    3.7937634e-40
       366    2.3176916e-40
       367    1.4135879e-40
       368    8.6071956e-41
       369    5.2321682e-41
       370    3.1752022e-41
       371    1.9237025e-41
       372    1.1633580e-41
       373    7.0233079e-42
       374    4.2333227e-42
       375    2.5475606e-42
       376    1.5288166e-42
       377    9.1644920e-43
       378    5.4790770e-43
       379    3.2650254e-43
       380    1.9337919e-43
       381    1.1350518e-43
       382    6.5861028e-44
       383    3.7835059e-44
       384    2.1019477e-44
       385    1.1210388e-44
       386    4.2038954e-45
       387    1.4012985e-45
       388    0.0000000e+00
       389    0.0000000e+00
       390    0.0000000e+00
       391    0.0000000e+00
       392    0.0000000e+00
       393    0.0000000e+00
       394    0.0000000e+00
       395    0.0000000e+00
       396    0.0000000e+00
       397    0.0000000e+00
       398    0.0000000e+00
       399    0.0000000e+00
       400    0.0000000e+00
       401    0.0000000e+00
       402    0.0000000e+00
       403    0.0000000e+00
       404    0.0000000e+00
       405    0.0000000e+00
       406    0.0000000e+00
       407    0.0000000e+00
       408    0.0000000e+00
       409    0.0000000e+00
       410    0.0000000e+00
       411    0.0000000e+00
       412    0.0000000e+00
       413    0.0000000e+00
       414    0.0000000e+00
       415    0.0000000e+00
       416    0.0000000e+00
       417    0.0000000e+00
       418    0.0000000e+00
       419    0.0000000e+00
       420    0.0000000e+00
       421    0.0000000e+00
       422    0.0000000e+00
       423    0.0000000e+00
       424    0.0000000e+00
       425    0.0000000e+00
       426    0.0000000e+00
       427    0.0000000e+00
       428    0.0000000e+00
       429    0.0000000e+00
       430    0.0000000e+00
       431    0.0000000e+00
       432    0.0000000e+00
       433    0.0000000e+00
       434    0.0000000e+00
       435    0.0000000e+00
       436    0.0000000e+00
       437    0.0000000e+00
       438    0.0000000e+00
       439    0.0000000e+00
       440    0.0000000e+00
       441    0.0000000e+00
       442    0.0000000e+00
       443    0.0000000e+00
       444    0.0000000e+00
       445    0.0000000e+00
       446    0.0000000e+00
       447    0.0000000e+00
       448    0.0000000e+00
       449    0.0000000e+00
       450    0.0000000e+00
       451    0.0000000e+00
       452    0.0000000e+00
       453    0.0000000e+00
       454    0.0000000e+00
       455    0.0000000e+00
       456    0.0000000e+00
       457    0.0000000e+00
       458    0.0000000e+00
       459    0.0000000e+00
       460    0.0000000e+00
       461    0.0000000e+00
       462    0.0000000e+00
       463    0.0000000e+00
       464    0.0000000e+00
       465    0.0000000e+00
       466    0.0000000e+00
       467    0.0000000e+00
       468    0.0000000e+00
       469    0.0000000e+00
       470    0.0000000e+00
       471    0.0000000e+00
       472    0.0000000e+00
       473    0.0000000e+00
       474    0.0000000e+00
       475    0.0000000e+00
       476    0.0000000e+00
       477    0.0000000e+00
       478    0.0000000e+00
       479    0.0000000e+00
       480    0.0000000e+00
       481    0.0000000e+00
       482    0.0000000e+00
       483    0.0000000e+00
       484    0.0000000e+00
       485    0.0000000e+00
       486    0.0000000e+00
       487    0.0000000e+00
       488    0.0000000e+00
       489    0.0000000e+00
       490    0.0000000e+00
       491    0.0000000e+00
       492    0.0000000e+00
       493    0.0000000e+00
       494    0.0000000e+00
       495    0.0000000e+00
       496    0.0000000e+00
       497    0.0000000e+00
       498    0.0000000e+00
       499    0.0000000e+00
       500    0.0000000e+00
       501    0.0000000e+00
       502    0.0000000e+00
       503    0.0000000e+00
       504    0.0000000e+00
       505    0.0000000e+00
       506    0.0000000e+00
       507    0.0000000e+00
       508    0.0000000e+00
       509    0.0000000e+00
       510    0.0000000e+00
       511    0.0000000e+00
       512    0.0000000e+00
       513    0.0000000e+00
       514    0.0000000e+00
       515    0.0000000e+00
       516    0.0000000e+00
       517    0.0000000e+00
       518    0.0000000e+00
       519    0.0000000e+00
       520    0.0000000e+00
       521    0.0000000e+00
       522    0.0000000e+00
       523    0.0000000e+00
       524    0.0000000e+00
       525    0.0000000e+00
       526    0.0000000e+00
       527    0.0000000e+00
       528    0.0000000e+00
       529    0.0000000e+00
       530    0.0000000e+00
       531    0.0000000e+00
       532    0.0000000e+00
       533    0.0000000e+00
       534    0.0000000e+00
       535    0.0000000e+00
       536    0.0000000e+00
       537    0.0000000e+00
       538    0.0000000e+00
       539    0.0000000e+00
       540    0.0000000e+00
       541    0.0000000e+00
       542    0.0000000e+00
       543    0.0000000e+00
       544    0.0000000e+00
       545    0.0000000e+00
       546    0.0000000e+00
       547    0.0000000e+00
       548    0.0000000e+00
       549    0.0000000e+00
       550    0.0000000e+00
       551    0.0000000e+00
       552    0.0000000e+00
       553    0.0000000e+00
       554    0.0000000e+00
       555    0.0000000e+00
       556    0.0000000e+00
       557    0.0000000e+00
       558    0.0000000e+00
       559    0.0000000e+00
       560    0.0000000e+00
       561    0.0000000e+00
       562    0.0000000e+00
       563    0.0000000e+00
       564    0.0000000e+00
       565    0.0000000e+00
       566    0.0000000e+00
       567    0.0000000e+00
       568    0.0000000e+00
       569    0.0000000e+00
       570    0.0000000e+00
       571    0.0000000e+00
       572    0.0000000e+00
       573    0.0000000e+00
       574    0.0000000e+00
       575    0.0000000e+00
       576    0.0000000e+00
       577    0.0000000e+00
       578    0.0000000e+00
       579    0.0000000e+00
       580    0.0000000e+00
       581    0.0000000e+00
       582    0.0000000e+00
       583    0.0000000e+00
       584    0.0000000e+00
       585    0.0000000e+00
       586    0.0000000e+00
       587    0.0000000e+00
       588    0.0000000e+00
       589    0.0000000e+00
       590    0.0000000e+00
       591    0.0000000e+00
       592    0.0000000e+00
       593    0.0000000e+00
       594    0.0000000e+00
       595    0.0000000e+00
       596    0.0000000e+00
       597    0.0000000e+00
       598    0.0000000e+00
       599    0.0000000e+00
       600    0.0000000e+00
       601    0.0000000e+00
       602    0.0000000e+00
       603    0.0000000e+00
       604    0.0000000e+00
       605    0.0000000e+00
       606    0.0000000e+00
       607    0.0000000e+00
       608    0.0000000e+00
       609    0.0000000e+00
       610    0.0000000e+00
       611    0.0000000e+00
       612    0.0000000e+00
       613    0.0000000e+00
       614    0.0000000e+00
       615    0.0000000e+00
       616    0.0000000e+00
       617    0.0000000e+00
       618    0.0000000e+00
       619    0.0000000e+00
       620    0.0000000e+00
       621    0.0000000e+00
       622    0.0000000e+00
       623    0.0000000e+00
       624    0.0000000e+00
       625    0.0000000e+00
       626    0.0000000e+00
       627    0.0000000e+00
       628    0.0000000e+00
       629    0.0000000e+00
       630    0.0000000e+00
       631    0.0000000e+00
       632    0.0000000e+00
       633    0.0000000e+00
       634    0.0000000e+00
       635    0.0000000e+00
       636    0.0000000e+00
       637    0.0000000e+00
       638    0.0000000e+00
       639    0.0000000e+00
       640    0.0000000e+00
       641    0.0000000e+00
       642    0.0000000e+00
       643    0.0000000e+00
       644    0.0000000e+00
       645    0.0000000e+00
       646    0.0000000e+00
       647    0.0000000e+00
       648    0.0000000e+00
       649    0.0000000e+00
       650    0.0000000e+00
       651    0.0000000e+00
       652    0.0000000e+00
       653    0.0000000e+00
       654    0.0000000e+00
       655    0.0000000e+00
       656    0.0000000e+00
       657    0.0000000e+00
       658    0.0000000e+00
       659    0.0000000e+00
       660    0.0000000e+00
       661    0.0000000e+00
       662    0.0000000e+00
       663    0.0000000e+00
       664    0.0000000e+00
       665    0.0000000e+00
       666    0.0000000e+00
       667    0.0000000e+00
       668    0.0000000e+00
       669    0.0000000e+00
       670    0.0000000e+00
       671    0.0000000e+00
       672    0.0000000e+00
       673    0.0000000e+00
       674    0.0000000e+00
       675    0.0000000e+00
       676    0.0000000e+00
       677    0.0000000e+00
       678    0.0000000e+00
       679    0.0000000e+00
       680    0.0000000e+00
       681    0.0000000e+00
       682    0.0000000e+00
       683    0.0000000e+00
       684    0.0000000e+00
       685    0.0000000e+00
       686    0.0000000e+00
       687    0.0000000e+00
       688    0.0000000e+00
       689    0.0000000e+00
       690    0.0000000e+00
       691    0.0000000e+00
       692    0.0000000e+00
       693    0.0000000e+00
       694    0.0000000e+00
       695    0.0000000e+00
       696    0.0000000e+00
       697    0.0000000e+00
       698    0.0000000e+00
       699    0.0000000e+00
       700    0.0000000e+00
       701    0.0000000e+00
       702    0.0000000e+00
       703    0.0000000e+00
       704    0.0000000e+00
       705    0.0000000e+00
       706    0.0000000e+00
       707    0.0000000e+00
       708    0.0000000e+00
       709    0.0000000e+00
       710    0.0000000e+00
       711    0.0000000e+00
       712    0.0000000e+00
       713    0.0000000e+00
       714    0.0000000e+00
       715    0.0000000e+00
       716    0.0000000e+00
       717    0.0000000e+00
       718    0.0000000e+00
       719    0.0000000e+00
       720    0.0000000e+00
       721    0.0000000e+00
       722    0.0000000e+00
       723    0.0000000e+00
       724    0.0000000e+00
       725    0.0000000e+00
       726    0.0000000e+00
       727    0.0000000e+00
       728    0.0000000e+00
       729    0.0000000e+00
       730    0.0000000e+00
       731    0.0000000e+00
       732    0.0000000e+00
       733    0.0000000e+00
       734    0.0000000e+00
       735    0.0000000e+00
       736    0.0000000e+00
       737    0.0000000e+00
       738    0.0000000e+00
       739    0.0000000e+00
       740    0.0000000e+00
       741    0.0000000e+00
       742    0.0000000e+00
       743    0.0000000e+00
       744    0.0000000e+00
       745    0.0000000e+00
       746    0.0000000e+00
       747    0.0000000e+00
       748    0.0000000e+00
       749    0.0000000e+00
       750    0.0000000e+00
       751    0.0000000e+00
       752    0.0000000e+00
       753    0.0000000e+00
       754    0.0000000e+00
       755    0.0000000e+00
       756    0.0000000e+00
       757    0.0000000e+00
       758    0.0000000e+00
       759    0.0000000e+00
       760    0.0000000e+00
       761    0.0000000e+00
       762    0.0000000e+00
       763    0.0000000e+00
       764    0.0000000e+00
       765    0.0000000e+00
       766    0.0000000e+00
       767    0.0000000e+00
       768    0.0000000e+00
       769    0.0000000e+00
       770    0.0000000e+00
       771    0.0000000e+00
       772    0.0000000e+00
       773    0.0000000e+00
       774    0.0000000e+00
       775    0.0000000e+00
       776    0.0000000e+00
       777    0.0000000e+00
       778    0.0000000e+00
       779    0.0000000e+00
       780    0.0000000e+00
       781    0.0000000e+00
       782    0.0000000e+00
       783    0.0000000e+00
       784    0.0000000e+00
       785    0.0000000e+00
       786    0.0000000e+00
       787    0.0000000e+00
       788    0.0000000e+00
       789    0.0000000e+00
       790    0.0000000e+00
       791    0.0000000e+00
       792    0.0000000e+00
       793    0.0000000e+00
       794    0.0000000e+00
       795    0.0000000e+00
       796    0.0000000e+00
       797    0.0000000e+00
       798    0.0000000e+00
       799    0.0000000e+00
       800    0.0000000e+00
       801    0.0000000e+00
       802    0.0000000e+00
       803    0.0000000e+00
       804    0.0000000e+00
       805    0.0000000e+00
       806    0.0000000e+00
       807    0.0000000e+00
       808    0.0000000e+00
       809    0.0000000e+00
       810    0.0000000e+00
       811    0.0000000e+00
       812    0.0000000e+00
       813    0.0000000e+00
       814    0.0000000e+00
       815    0.0000000e+00
       816    0.0000000e+00
       817    0.0000000e+00
       818    0.0000000e+00
       819    0.0000000e+00
       820    0.0000000e+00
       821    0.0000000e+00
       822    0.0000000e+00
       823    0.0000000e+00
       824    0.0000000e+00
       825    0.0000000e+00
       826    0.0000000e+00
       827    0.0000000e+00
       828    0.0000000e+00
       829    0.0000000e+00
       830    0.0000000e+00
       831    0.0000000e+00
       832    0.0000000e+00
       833    0.0000000e+00
       834    0.0000000e+00
       835    0.0000000e+00
       836    0.0000000e+00
       837    0.0000000e+00
       838    0.0000000e+00
       839    0.0000000e+00
       840    0.0000000e+00
       841    0.0000000e+00
       842    0.0000000e+00
       843    0.0000000e+00
       844    0.0000000e+00
       845    0.0000000e+00
       846    0.0000000e+00
       847    0.0000000e+00
       848    0.0000000e+00
       849    0.0000000e+00
       850    0.0000000e+00
       851    0.0000000e+00
       852    0.0000000e+00
       853    0.0000000e+00
       854    0.0000000e+00
       855    0.0000000e+00
       856    0.0000000e+00
       857    0.0000000e+00
       858    0.0000000e+00
       859    0.0000000e+00
       860    0.0000000e+00
       861    0.0000000e+00
       862    0.0000000e+00
       863    0.0000000e+00
       864    0.0000000e+00
       865    0.0000000e+00
       866    0.0000000e+00
       867    0.0000000e+00
       868    0.0000000e+00
       869    0.0000000e+00
       870    0.0000000e+00
       871    0.0000000e+00
       872    0.0000000e+00
       873    0.0000000e+00
       874    0.0000000e+00
       875    0.0000000e+00
       876    0.0000000e+00
       877    0.0000000e+00
       878    0.0000000e+00
       879    0.0000000e+00
       880    0.0000000e+00
       881    0.0000000e+00
       882    0.0000000e+00
       883    0.0000000e+00
       884    0.0000000e+00
       885    0.0000000e+00
       886    0.0000000e+00
       887    0.0000000e+00
       888    0.0000000e+00
       889    0.0000000e+00
       890    0.0000000e+00
       891    0.0000000e+00
       892    0.0000000e+00
       893    0.0000000e+00
       894    0.0000000e+00
       895    0.0000000e+00
       896    0.0000000e+00
       897    0.0000000e+00
       898    0.0000000e+00
       899    0.0000000e+00
       900    0.0000000e+00
       901    0.0000000e+00
       902    0.0000000e+00
       903    0.0000000e+00
       904    0.0000000e+00
       905    0.0000000e+00
       906    0.0000000e+00
       907    0.0000000e+00
       908    0.0000000e+00
       909    0.0000000e+00
       910    0.0000000e+00
       911    0.0000000e+00
       912    0.0000000e+00
       913    0.0000000e+00
       914    0.0000000e+00
       915    0.0000000e+00
       916    0.0000000e+00
       917    0.0000000e+00
       918    0.0000000e+00
       919    0.0000000e+00
       920    0.0000000e+00
       921    0.0000000e+00
       922    0.0000000e+00
       923    0.0000000e+00
       924    0.0000000e+00
       925    0.0000000e+00
       926    0.0000000e+00
       927    0.0000000e+00
       928    0.0000000e+00
       929    0.0000000e+00
       930    0.0000000e+00
       931    0.0000000e+00
       932    0.0000000e+00
       933    0.0000000e+00
       934    0.0000000e+00
       935    0.0000000e+00
       936    0.0000000e+00
       937    0.0000000e+00
       938    0.0000000e+00
       939    0.0000000e+00
       940    0.0000000e+00
       941    0.0000000e+00
       942    0.0000000e+00
       943    0.0000000e+00
       944    0.0000000e+00
       945    0.0000000e+00
       946    0.0000000e+00
       947    0.0000000e+00
       948    0.0000000e+00
       949    0.0000000e+00
       950    0.0000000e+00
       951    0.0000000e+00
       952    0.0000000e+00
       953    0.0000000e+00
       954    0.0000000e+00
       955    0.0000000e+00
       956    0.0000000e+00
       957    0.0000000e+00
       958    0.0000000e+00
       959    0.0000000e+00
       960    0.0000000e+00
       961    0.0000000e+00
       962    0.0000000e+00
       963    0.0000000e+00
       964    0.0000000e+00
       965    0.0000000e+00
       966    0.0000000e+00
       967    0.0000000e+00
       968    0.0000000e+00
       969    0.0000000e+00
       970    0.0000000e+00
       971    0.0000000e+00
       972    0.0000000e+00
       973    0.0000000e+00
       974    0.0000000e+00
       975    0.0000000e+00
       976    0.0000000e+00
       977    0.0000000e+00
       978    0.0000000e+00
       979    0.0000000e+00
       980    0.0000000e+00
       981    0.0000000e+00
       982    0.0000000e+00
       983    0.0000000e+00
       984    0.0000000e+00
       985    0.0000000e+00
       986    0.0000000e+00
       987    0.0000000e+00
       988    0.0000000e+00
       989    0.0000000e+00
       990    0.0000000e+00
       991    0.0000000e+00
       992    0.0000000e+00
       993    0.0000000e+00
       994    0.0000000e+00
       995    0.0000000e+00
       996    0.0000000e+00
       997    0.0000000e+00
       998    0.0000000e+00
       999    0.0000000e+00
      1000    0.0000000e+00
      1001    0.0000000e+00
      1002    0.0000000e+00
      1003    0.0000000e+00
      1004    0.0000000e+00
      1005    0.0000000e+00
      1006    0.0000000e+00
      1007    0.0000000e+00
      1008    0.0000000e+00
      1009    0.0000000e+00
      1010    0.0000000e+00
      1011    0.0000000e+00
      1012    0.0000000e+00
      1013    0.0000000e+00
      1014    0.0000000e+00
      1015    0.0000000e+00
      1016    0.0000000e+00
      1017    0.0000000e+00
      1018    0.0000000e+00
      1019    0.0000000e+00
      1020    0.0000000e+00
      1021    0.0000000e+00
      1022    0.0000000e+00
      1023    0.0000000e+00
      1024    0.0000000e+00
