         1    9.9999905e-01
         2    9.9999905e-01
         3    9.9999905e-01
         4    9.9999905e-01
         5    9.9999905e-01
         6    9.9999905e-01
         7    9.9999905e-01
         8    9.9999905e-01
         9    9.9999905e-01
        10    9.9999905e-01
        11    9.9999905e-01
        12    9.9999905e-01
        13    9.9999905e-01
        14    9.9999905e-01
        15    9.9999905e-01
        16    9.9999905e-01
        17    9.9999905e-01
        18    9.9999905e-01
        19    9.9999905e-01
        20    9.9999905e-01
        21    9.9999905e-01
        22    9.9999905e-01
        23    9.9999905e-01
        24    9.9999905e-01
        25    9.9999905e-01
        26    9.9999905e-01
        27    9.9999905e-01
        28    9.9999905e-01
        29    9.9999905e-01
        30    9.9999905e-01
        31    9.9999905e-01
        32    9.9999905e-01
        33    9.9999905e-01
        34    9.9999905e-01
        35    9.9999905e-01
        36    9.9999905e-01
        37    9.9999905e-01
        38    9.9999905e-01
        39    9.9999905e-01
        40    9.9999905e-01
        41    9.9999905e-01
        42    9.9999905e-01
        43    9.9999905e-01
        44    9.9999905e-01
        45    9.9999905e-01
        46    9.9999905e-01
        47    9.9999905e-01
        48    9.9999905e-01
        49    9.9999905e-01
        50    9.9999905e-01
        51    9.9999905e-01
        52    9.9999905e-01
        53    9.9999905e-01
        54    9.9999905e-01
        55    9.9999905e-01
        56    9.9999905e-01
        57    9.9999905e-01
        58    9.9999905e-01
        59    9.9999905e-01
        60    9.9999905e-01
        61    9.9999905e-01
        62    9.9999905e-01
        63    9.9999905e-01
        64    9.9999905e-01
        65    9.9999905e-01
        66    9.9999905e-01
        67    9.9999905e-01
        68    9.9999905e-01
        69    9.9999905e-01
        70    9.9999905e-01
        71    9.9999905e-01
        72    9.9999905e-01
        73    9.9999905e-01
        74    9.9999905e-01
        75    9.9999905e-01
        76    9.9999905e-01
        77    9.9999905e-01
        78    9.9999905e-01
        79    9.9999905e-01
        80    9.9999905e-01
        81    9.9999905e-01
        82    9.9999905e-01
        83    9.9999905e-01
        84    9.9999905e-01
        85    9.9999905e-01
        86    9.9999905e-01
        87    9.9999905e-01
        88    9.9999905e-01
        89    9.9999905e-01
        90    9.9999905e-01
        91    9.9999905e-01
        92    9.9999905e-01
        93    9.9999905e-01
        94    9.9999905e-01
        95    9.9999905e-01
        96    9.9999905e-01
        97    9.9999899e-01
        98    9.9999887e-01
        99    9.9999875e-01
       100    9.9999851e-01
       101    9.9999821e-01
       102    9.9999768e-01
       103    9.9999702e-01
       104    9.9999613e-01
       105    9.9999499e-01
       106    9.9999344e-01
       107    9.9999142e-01
       108    9.9998879e-01
       109    9.9998528e-01
       110    9.9998063e-01
       111    9.9997449e-01
       112    9.9996644e-01
       113    9.9995589e-01
       114    9.9994195e-01
       115    9.9992365e-01
       116    9.9989957e-01
       117    9.9986786e-01
       118    9.9982613e-01
       119    9.9977130e-01
       120    9.9969906e-01
       121    9.9960411e-01
       122    9.9947917e-01
       123    9.9931479e-01
       124    9.9909854e-01
       125    9.9881411e-01
       126    9.9844009e-01
       127    9.9794823e-01
       128    9.9730164e-01
       129    9.9645197e-01
       130    9.9533582e-01
       131    9.9387056e-01
       132    9.9194849e-01
       133    9.8942971e-01
       134    9.8613352e-01
       135    9.8182756e-01
       136    9.7621572e-01
       137    9.6892422e-01
       138    9.5948774e-01
       139    9.4733799e-01
       140    9.3179828e-01
       141    9.1209090e-01
       142    8.8736624e-01
       143    8.5676450e-01
       144    8.1951976e-01
       145    7.7510875e-01
       146    7.2343212e-01
       147    6.6499043e-01
       148    6.0099643e-01
       149    5.3335637e-01
       150    4.6448466e-01
       151    3.9697465e-01
       152    3.3321655e-01
       153    2.7507666e-01
       154    2.2372422e-01
       155    1.7962317e-01
       156    1.4264970e-01
       157    1.1226899e-01
       158    8.7713510e-02
       159    6.8128288e-02
       160    5.2671582e-02
       161    4.0574223e-02
       162    3.1167429e-02
       163    2.3889568e-02
       164    1.8280668e-02
       165    1.3970882e-02
       166    1.0666863e-02
       167    8.1382981e-03
       168    6.2057404e-03
       169    4.7301780e-03
       170    3.6043909e-03
       171    2.7459490e-03
       172    2.0916378e-03
       173    1.5930703e-03
       174    1.2132596e-03
       175    9.2396425e-04
       176    7.0363685e-04
       177    5.3584750e-04
       178    4.0807377e-04
       179    3.1077440e-04
       180    2.3668147e-04
       181    1.8025959e-04
       182    1.3729341e-04
       183    1.0457307e-04
       184    7.9654477e-05
       185    6.0676695e-05
       186    4.6222765e-05
       187    3.5213816e-05
       188    2.6828360e-05
       189    2.0440884e-05
       190    1.5575086e-05
       191    1.1868257e-05
       192    9.0441936e-06
       193    6.8925456e-06
       194    5.2531163e-06
       195    4.0038931e-06
       196    3.0519443e-06
       197    2.3264840e-06
       198    1.7735911e-06
       199    1.3521893e-06
       200    1.0309860e-06
       201    7.8614033e-07
       202    5.9948741e-07
       203    4.5718659e-07
       204    3.4869132e-07
       205    2.6596459e-07
       206    2.0288145e-07
       207    1.5477389e-07
       208    1.1808388e-07
       209    9.0099455e-08
       210    6.8753252e-08
       211    5.2469254e-08
       212    4.0045904e-08
       213    3.0567080e-08
       214    2.3334231e-08
       215    1.7814674e-08
       216    1.3602174e-08
       217    1.0386899e-08
       218    7.9325337e-09
       219    6.0588126e-09
       220    4.6282205e-09
       221    3.5358416e-09
       222    2.7016251e-09
       223    2.0644872e-09
       224    1.5778130e-09
       225    1.2060254e-09
       226    9.2196900e-10
       227    7.0491468e-10
       228    5.3903698e-10
       229    4.1225290e-10
       230    3.1533592e-10
       231    2.4123992e-10
       232    1.8458321e-10
       233    1.4125505e-10
       234    1.0811497e-10
       235    8.2763546e-11
       236    6.3367277e-11
       237    4.8524938e-11
       238    3.7165507e-11
       239    2.8470264e-11
       240    2.1813251e-11
       241    1.6715825e-11
       242    1.2811934e-11
       243    9.8215932e-12
       244    7.5306142e-12
       245    5.7751165e-12
       246    4.4296936e-12
       247    3.3983630e-12
       248    2.6076502e-12
       249    2.0013026e-12
       250    1.5362440e-12
       251    1.1794829e-12
       252    9.0574759e-13
       253    6.9567513e-13
       254    5.3442792e-13
       255    4.1063385e-13
       256    3.1557501e-13
       257    2.4256709e-13
       258    1.8648401e-13
       259    1.4339388e-13
       260    1.1028023e-13
       261    8.4828398e-14
       262    6.5261903e-14
       263    5.0217063e-14
       264    3.8646840e-14
       265    2.9747170e-14
       266    2.2900449e-14
       267    1.7632202e-14
       268    1.3577842e-14
       269    1.0457159e-14
       270    8.0547590e-15
       271    6.2050343e-15
       272    4.7806332e-15
       273    3.6836031e-15
       274    2.8385921e-15
       275    2.1876216e-15
       276    1.6860745e-15
       277    1.2996091e-15
       278    1.0017890e-15
       279    7.7225947e-16
       280    5.9534605e-16
       281    4.5897677e-16
       282    3.5385280e-16
       283    2.7281033e-16
       284    2.1032981e-16
       285    1.6215791e-16
       286    1.2501673e-16
       287    9.6379849e-17
       288    7.4299818e-17
       289    5.7275382e-17
       290    4.4149144e-17
       291    3.4028738e-17
       292    2.6226117e-17
       293    2.0210726e-17
       294    1.5573453e-17
       295    1.1998811e-17
       296    9.2435150e-18
       297    7.1199489e-18
       298    5.4834369e-18
       299    4.2224088e-18
       300    3.2508320e-18
       301    2.5023671e-18
       302    1.9258622e-18
       303    1.4818779e-18
       304    1.1400088e-18
       305    8.7681538e-19
       306    6.7422949e-19
       307    5.1832554e-19
       308    3.9837171e-19
       309    3.0609837e-19
       310    2.3513431e-19
       311    1.8057150e-19
       312    1.3862978e-19
       313    1.0639812e-19
       314    8.1635172e-20
       315    6.2615621e-20
       316    4.8011595e-20
       317    3.6801353e-20
       318    2.8198878e-20
       319    2.1599639e-20
       320    1.6538803e-20
       321    1.2659041e-20
       322    9.6857478e-21
       323    7.4079420e-21
       324    5.6635728e-21
       325    4.3282112e-21
       326    3.3063439e-21
       327    2.5246772e-21
       328    1.9269865e-21
       329    1.4701549e-21
       330    1.1211300e-21
       331    8.5458269e-22
       332    6.5110994e-22
       333    4.9585368e-22
       334    3.7744074e-22
       335    2.8716857e-22
       336    2.1838108e-22
       337    1.6598933e-22
       338    1.2610419e-22
       339    9.5754720e-23
       340    7.2672372e-23
       341    5.5125720e-23
       342    4.1793835e-23
       343    3.1669446e-23
       344    2.3984816e-23
       345    1.8155045e-23
       346    1.3734750e-23
       347    1.0384942e-23
       348    7.8477437e-24
       349    5.9270756e-24
       350    4.4739236e-24
       351    3.3751004e-24
       352    2.5446763e-24
       353    1.9174485e-24
       354    1.4439691e-24
       355    1.0867579e-24
       356    8.1742176e-25
       357    6.1446314e-25
       358    4.6161458e-25
       359    3.4657332e-25
       360    2.6004021e-25
       361    1.9499053e-25
       362    1.4612084e-25
       363    1.0942948e-25
       364    8.1898898e-26
       365    6.1254969e-26
       366    4.5784895e-26
       367    3.4199422e-26
       368    2.5528722e-26
       369    1.9043699e-26
       370    1.4196574e-26
       371    1.0576062e-26
       372    7.8735544e-27
       373    5.8576362e-27
       374    4.3548866e-27
       375    3.2354337e-27
       376    2.4020811e-27
       377    1.7821354e-27
       378    1.3212650e-27
       379    9.7888962e-28
       380    7.2472050e-28
       381    5.3616542e-28
       382    3.9638472e-28
       383    2.9283526e-28
       384    2.1618060e-28
       385    1.5947606e-28
       386    1.1755963e-28
       387    8.6597123e-29
       388    6.3742612e-29
       389    4.6885218e-29
       390    3.4460406e-29
       391    2.5309404e-29
       392    1.8574588e-29
       393    1.3621686e-29
       394    9.9819565e-30
       395    7.3092427e-30
       396    5.3481032e-30
       397    3.9101787e-30
       398    2.8566805e-30
       399    2.0854216e-30
       400    1.5212197e-30
       401    1.1088040e-30
       402    8.0757214e-31
       403    5.8772000e-31
       404    4.2738675e-31
       405    3.1055040e-31
       406    2.2547712e-31
       407    1.6358040e-31
       408    1.1858161e-31
       409    8.5893402e-32
       410    6.2166671e-32
       411    4.4958301e-32
       412    3.2487446e-32
       413    2.3457072e-32
       414    1.6923245e-32
       415    1.2199562e-32
       416    8.7872839e-33
       417    6.3243234e-33
       418    4.5480119e-33
       419    3.2679577e-33
       420    2.3462684e-33
       421    1.6831567e-33
       422    1.2064695e-33
       423    8.6407633e-34
       424    6.1834557e-34
       425    4.4213295e-34
       426    3.1587579e-34
       427    2.2548666e-34
       428    1.6082950e-34
       429    1.1461730e-34
       430    8.1615675e-35
       431    5.8067785e-35
       432    4.1279505e-35
       433    2.9320451e-35
       434    2.0808612e-35
       435    1.4755406e-35
       436    1.0454283e-35
       437    7.4006811e-36
       438    5.2345935e-36
       439    3.6993666e-36
       440    2.6121875e-36
       441    1.8429492e-36
       442    1.2991336e-36
       443    9.1500862e-37
       444    6.4391247e-37
       445    4.5274980e-37
       446    3.1806729e-37
       447    2.2325873e-37
       448    1.5657634e-37
       449    1.0971639e-37
       450    7.6814653e-38
       451    5.3733283e-38
       452    3.7555099e-38
       453    2.6225284e-38
       454    1.8297711e-38
       455    1.2755521e-38
       456    8.8843149e-39
       457    6.1826353e-39
       458    4.2987941e-39
       459    2.9863632e-39
       460    2.0728175e-39
       461    1.4374800e-39
       462    9.9600932e-40
       463    6.8952012e-40
       464    4.7692493e-40
       465    3.2958960e-40
       466    2.2757087e-40
       467    1.5699167e-40
       468    1.0820546e-40
       469    7.4515447e-41
       470    5.1267906e-41
       471    3.5242656e-41
       472    2.4203227e-41
       473    1.6606788e-41
       474    1.1384149e-41
       475    7.7968247e-42
       476    5.3347433e-42
       477    3.6461786e-42
       478    2.4887061e-42
       479    1.6969724e-42
       480    1.1560712e-42
       481    7.8472714e-43
       482    5.3249342e-43
       483    3.6013371e-43
       484    2.4242463e-43
       485    1.6255062e-43
       486    1.0789998e-43
       487    7.1466222e-44
       488    4.6242849e-44
       489    2.9427268e-44
       490    1.6815582e-44
       491    8.4077908e-45
       492    2.8025969e-45
       493    0.0000000e+00
       494    0.0000000e+00
       495    0.0000000e+00
       496    0.0000000e+00
       497    0.0000000e+00
       498    0.0000000e+00
       499    0.0000000e+00
       500    0.0000000e+00
       501    0.0000000e+00
       502    0.0000000e+00
       503    0.0000000e+00
       504    0.0000000e+00
       505    0.0000000e+00
       506    0.0000000e+00
       507    0.0000000e+00
       508    0.0000000e+00
       509    0.0000000e+00
       510    0.0000000e+00
       511    0.0000000e+00
       512    0.0000000e+00
       513    0.0000000e+00
       514    0.0000000e+00
       515    0.0000000e+00
       516    0.0000000e+00
       517    0.0000000e+00
       518    0.0000000e+00
       519    0.0000000e+00
       520    0.0000000e+00
       521    0.0000000e+00
       522    0.0000000e+00
       523    0.0000000e+00
       524    0.0000000e+00
       525    0.0000000e+00
       526    0.0000000e+00
       527    0.0000000e+00
       528    0.0000000e+00
       529    0.0000000e+00
       530    0.0000000e+00
       531    0.0000000e+00
       532    0.0000000e+00
       533    0.0000000e+00
       534    0.0000000e+00
       535    0.0000000e+00
       536    0.0000000e+00
       537    0.0000000e+00
       538    0.0000000e+00
       539    0.0000000e+00
       540    0.0000000e+00
       541    0.0000000e+00
       542    0.0000000e+00
       543    0.0000000e+00
       544    0.0000000e+00
       545    0.0000000e+00
       546    0.0000000e+00
       547    0.0000000e+00
       548    0.0000000e+00
       549    0.0000000e+00
       550    0.0000000e+00
       551    0.0000000e+00
       552    0.0000000e+00
       553    0.0000000e+00
       554    0.0000000e+00
       555    0.0000000e+00
       556    0.0000000e+00
       557    0.0000000e+00
       558    0.0000000e+00
       559    0.0000000e+00
       560    0.0000000e+00
       561    0.0000000e+00
       562    0.0000000e+00
       563    0.0000000e+00
       564    0.0000000e+00
       565    0.0000000e+00
       566    0.0000000e+00
       567    0.0000000e+00
       568    0.0000000e+00
       569    0.0000000e+00
       570    0.0000000e+00
       571    0.0000000e+00
       572    0.0000000e+00
       573    0.0000000e+00
       574    0.0000000e+00
       575    0.0000000e+00
       576    0.0000000e+00
       577    0.0000000e+00
       578    0.0000000e+00
       579    0.0000000e+00
       580    0.0000000e+00
       581    0.0000000e+00
       582    0.0000000e+00
       583    0.0000000e+00
       584    0.0000000e+00
       585    0.0000000e+00
       586    0.0000000e+00
       587    0.0000000e+00
       588    0.0000000e+00
       589    0.0000000e+00
       590    0.0000000e+00
       591    0.0000000e+00
       592    0.0000000e+00
       593    0.0000000e+00
       594    0.0000000e+00
       595    0.0000000e+00
       596    0.0000000e+00
       597    0.0000000e+00
       598    0.0000000e+00
       599    0.0000000e+00
       600    0.0000000e+00
       601    0.0000000e+00
       602    0.0000000e+00
       603    0.0000000e+00
       604    0.0000000e+00
       605    0.0000000e+00
       606    0.0000000e+00
       607    0.0000000e+00
       608    0.0000000e+00
       609    0.0000000e+00
       610    0.0000000e+00
       611    0.0000000e+00
       612    0.0000000e+00
       613    0.0000000e+00
       614    0.0000000e+00
       615    0.0000000e+00
       616    0.0000000e+00
       617    0.0000000e+00
       618    0.0000000e+00
       619    0.0000000e+00
       620    0.0000000e+00
       621    0.0000000e+00
       622    0.0000000e+00
       623    0.0000000e+00
       624    0.0000000e+00
       625    0.0000000e+00
       626    0.0000000e+00
       627    0.0000000e+00
       628    0.0000000e+00
       629    0.0000000e+00
       630    0.0000000e+00
       631    0.0000000e+00
       632    0.0000000e+00
       633    0.0000000e+00
       634    0.0000000e+00
       635    0.0000000e+00
       636    0.0000000e+00
       637    0.0000000e+00
       638    0.0000000e+00
       639    0.0000000e+00
       640    0.0000000e+00
       641    0.0000000e+00
       642    0.0000000e+00
       643    0.0000000e+00
       644    0.0000000e+00
       645    0.0000000e+00
       646    0.0000000e+00
       647    0.0000000e+00
       648    0.0000000e+00
       649    0.0000000e+00
       650    0.0000000e+00
       651    0.0000000e+00
       652    0.0000000e+00
       653    0.0000000e+00
       654    0.0000000e+00
       655    0.0000000e+00
       656    0.0000000e+00
       657    0.0000000e+00
       658    0.0000000e+00
       659    0.0000000e+00
       660    0.0000000e+00
       661    0.0000000e+00
       662    0.0000000e+00
       663    0.0000000e+00
       664    0.0000000e+00
       665    0.0000000e+00
       666    0.0000000e+00
       667    0.0000000e+00
       668    0.0000000e+00
       669    0.0000000e+00
       670    0.0000000e+00
       671    0.0000000e+00
       672    0.0000000e+00
       673    0.0000000e+00
       674    0.0000000e+00
       675    0.0000000e+00
       676    0.0000000e+00
       677    0.0000000e+00
       678    0.0000000e+00
       679    0.0000000e+00
       680    0.0000000e+00
       681    0.0000000e+00
       682    0.0000000e+00
       683    0.0000000e+00
       684    0.0000000e+00
       685    0.0000000e+00
       686    0.0000000e+00
       687    0.0000000e+00
       688    0.0000000e+00
       689    0.0000000e+00
       690    0.0000000e+00
       691    0.0000000e+00
       692    0.0000000e+00
       693    0.0000000e+00
       694    0.0000000e+00
       695    0.0000000e+00
       696    0.0000000e+00
       697    0.0000000e+00
       698    0.0000000e+00
       699    0.0000000e+00
       700    0.0000000e+00
       701    0.0000000e+00
       702    0.0000000e+00
       703    0.0000000e+00
       704    0.0000000e+00
       705    0.0000000e+00
       706    0.0000000e+00
       707    0.0000000e+00
       708    0.0000000e+00
       709    0.0000000e+00
       710    0.0000000e+00
       711    0.0000000e+00
       712    0.0000000e+00
       713    0.0000000e+00
       714    0.0000000e+00
       715    0.0000000e+00
       716    0.0000000e+00
       717    0.0000000e+00
       718    0.0000000e+00
       719    0.0000000e+00
       720    0.0000000e+00
       721    0.0000000e+00
       722    0.0000000e+00
       723    0.0000000e+00
       724    0.0000000e+00
       725    0.0000000e+00
       726    0.0000000e+00
       727    0.0000000e+00
       728    0.0000000e+00
       729    0.0000000e+00
       730    0.0000000e+00
       731    0.0000000e+00
       732    0.0000000e+00
       733    0.0000000e+00
       734    0.0000000e+00
       735    0.0000000e+00
       736    0.0000000e+00
       737    0.0000000e+00
       738    0.0000000e+00
       739    0.0000000e+00
       740    0.0000000e+00
       741    0.0000000e+00
       742    0.0000000e+00
       743    0.0000000e+00
       744    0.0000000e+00
       745    0.0000000e+00
       746    0.0000000e+00
       747    0.0000000e+00
       748    0.0000000e+00
       749    0.0000000e+00
       750    0.0000000e+00
       751    0.0000000e+00
       752    0.0000000e+00
       753    0.0000000e+00
       754    0.0000000e+00
       755    0.0000000e+00
       756    0.0000000e+00
       757    0.0000000e+00
       758    0.0000000e+00
       759    0.0000000e+00
       760    0.0000000e+00
       761    0.0000000e+00
       762    0.0000000e+00
       763    0.0000000e+00
       764    0.0000000e+00
       765    0.0000000e+00
       766    0.0000000e+00
       767    0.0000000e+00
       768    0.0000000e+00
       769    0.0000000e+00
       770    0.0000000e+00
       771    0.0000000e+00
       772    0.0000000e+00
       773    0.0000000e+00
       774    0.0000000e+00
       775    0.0000000e+00
       776    0.0000000e+00
       777    0.0000000e+00
       778    0.0000000e+00
       779    0.0000000e+00
       780    0.0000000e+00
       781    0.0000000e+00
       782    0.0000000e+00
       783    0.0000000e+00
       784    0.0000000e+00
       785    0.0000000e+00
       786    0.0000000e+00
       787    0.0000000e+00
       788    0.0000000e+00
       789    0.0000000e+00
       790    0.0000000e+00
       791    0.0000000e+00
       792    0.0000000e+00
       793    0.0000000e+00
       794    0.0000000e+00
       795    0.0000000e+00
       796    0.0000000e+00
       797    0.0000000e+00
       798    0.0000000e+00
       799    0.0000000e+00
       800    0.0000000e+00
       801    0.0000000e+00
       802    0.0000000e+00
       803    0.0000000e+00
       804    0.0000000e+00
       805    0.0000000e+00
       806    0.0000000e+00
       807    0.0000000e+00
       808    0.0000000e+00
       809    0.0000000e+00
       810    0.0000000e+00
       811    0.0000000e+00
       812    0.0000000e+00
       813    0.0000000e+00
       814    0.0000000e+00
       815    0.0000000e+00
       816    0.0000000e+00
       817    0.0000000e+00
       818    0.0000000e+00
       819    0.0000000e+00
       820    0.0000000e+00
       821    0.0000000e+00
       822    0.0000000e+00
       823    0.0000000e+00
       824    0.0000000e+00
       825    0.0000000e+00
       826    0.0000000e+00
       827    0.0000000e+00
       828    0.0000000e+00
       829    0.0000000e+00
       830    0.0000000e+00
       831    0.0000000e+00
       832    0.0000000e+00
       833    0.0000000e+00
       834    0.0000000e+00
       835    0.0000000e+00
       836    0.0000000e+00
       837    0.0000000e+00
       838    0.0000000e+00
       839    0.0000000e+00
       840    0.0000000e+00
       841    0.0000000e+00
       842    0.0000000e+00
       843    0.0000000e+00
       844    0.0000000e+00
       845    0.0000000e+00
       846    0.0000000e+00
       847    0.0000000e+00
       848    0.0000000e+00
       849    0.0000000e+00
       850    0.0000000e+00
       851    0.0000000e+00
       852    0.0000000e+00
       853    0.0000000e+00
       854    0.0000000e+00
       855    0.0000000e+00
       856    0.0000000e+00
       857    0.0000000e+00
       858    0.0000000e+00
       859    0.0000000e+00
       860    0.0000000e+00
       861    0.0000000e+00
       862    0.0000000e+00
       863    0.0000000e+00
       864    0.0000000e+00
       865    0.0000000e+00
       866    0.0000000e+00
       867    0.0000000e+00
       868    0.0000000e+00
       869    0.0000000e+00
       870    0.0000000e+00
       871    0.0000000e+00
       872    0.0000000e+00
       873    0.0000000e+00
       874    0.0000000e+00
       875    0.0000000e+00
       876    0.0000000e+00
       877    0.0000000e+00
       878    0.0000000e+00
       879    0.0000000e+00
       880    0.0000000e+00
       881    0.0000000e+00
       882    0.0000000e+00
       883    0.0000000e+00
       884    0.0000000e+00
       885    0.0000000e+00
       886    0.0000000e+00
       887    0.0000000e+00
       888    0.0000000e+00
       889    0.0000000e+00
       890    0.0000000e+00
       891    0.0000000e+00
       892    0.0000000e+00
       893    0.0000000e+00
       894    0.0000000e+00
       895    0.0000000e+00
       896    0.0000000e+00
       897    0.0000000e+00
       898    0.0000000e+00
       899    0.0000000e+00
       900    0.0000000e+00
       901    0.0000000e+00
       902    0.0000000e+00
       903    0.0000000e+00
       904    0.0000000e+00
       905    0.0000000e+00
       906    0.0000000e+00
       907    0.0000000e+00
       908    0.0000000e+00
       909    0.0000000e+00
       910    0.0000000e+00
       911    0.0000000e+00
       912    0.0000000e+00
       913    0.0000000e+00
       914    0.0000000e+00
       915    0.0000000e+00
       916    0.0000000e+00
       917    0.0000000e+00
       918    0.0000000e+00
       919    0.0000000e+00
       920    0.0000000e+00
       921    0.0000000e+00
       922    0.0000000e+00
       923    0.0000000e+00
       924    0.0000000e+00
       925    0.0000000e+00
       926    0.0000000e+00
       927    0.0000000e+00
       928    0.0000000e+00
       929    0.0000000e+00
       930    0.0000000e+00
       931    0.0000000e+00
       932    0.0000000e+00
       933    0.0000000e+00
       934    0.0000000e+00
       935    0.0000000e+00
       936    0.0000000e+00
       937    0.0000000e+00
       938    0.0000000e+00
       939    0.0000000e+00
       940    0.0000000e+00
       941    0.0000000e+00
       942    0.0000000e+00
       943    0.0000000e+00
       944    0.0000000e+00
       945    0.0000000e+00
       946    0.0000000e+00
       947    0.0000000e+00
       948    0.0000000e+00
       949    0.0000000e+00
       950    0.0000000e+00
       951    0.0000000e+00
       952    0.0000000e+00
       953    0.0000000e+00
       954    0.0000000e+00
       955    0.0000000e+00
       956    0.0000000e+00
       957    0.0000000e+00
       958    0.0000000e+00
       959    0.0000000e+00
       960    0.0000000e+00
       961    0.0000000e+00
       962    0.0000000e+00
       963    0.0000000e+00
       964    0.0000000e+00
       965    0.0000000e+00
       966    0.0000000e+00
       967    0.0000000e+00
       968    0.0000000e+00
       969    0.0000000e+00
       970    0.0000000e+00
       971    0.0000000e+00
       972    0.0000000e+00
       973    0.0000000e+00
       974    0.0000000e+00
       975    0.0000000e+00
       976    0.0000000e+00
       977    0.0000000e+00
       978    0.0000000e+00
       979    0.0000000e+00
       980    0.0000000e+00
       981    0.0000000e+00
       982    0.0000000e+00
       983    0.0000000e+00
       984    0.0000000e+00
       985    0.0000000e+00
       986    0.0000000e+00
       987    0.0000000e+00
       988    0.0000000e+00
       989    0.0000000e+00
       990    0.0000000e+00
       991    0.0000000e+00
       992    0.0000000e+00
       993    0.0000000e+00
       994    0.0000000e+00
       995    0.0000000e+00
       996    0.0000000e+00
       997    0.0000000e+00
       998    0.0000000e+00
       999    0.0000000e+00
      1000    0.0000000e+00
      1001    0.0000000e+00
      1002    0.0000000e+00
      1003    0.0000000e+00
      1004    0.0000000e+00
      1005    0.0000000e+00
      1006    0.0000000e+00
      1007    0.0000000e+00
      1008    0.0000000e+00
      1009    0.0000000e+00
      1010    0.0000000e+00
      1011    0.0000000e+00
      1012    0.0000000e+00
      1013    0.0000000e+00
      1014    0.0000000e+00
      1015    0.0000000e+00
      1016    0.0000000e+00
      1017    0.0000000e+00
      1018    0.0000000e+00
      1019    0.0000000e+00
      1020    0.0000000e+00
      1021    0.0000000e+00
      1022    0.0000000e+00
      1023    0.0000000e+00
      1024    0.0000000e+00
