         1    9.9999905e-01
         2    9.9999905e-01
         3    9.9999905e-01
         4    9.9999905e-01
         5    9.9999905e-01
         6    9.9999905e-01
         7    9.9999905e-01
         8    9.9999905e-01
         9    9.9999905e-01
        10    9.9999905e-01
        11    9.9999905e-01
        12    9.9999905e-01
        13    9.9999905e-01
        14    9.9999905e-01
        15    9.9999905e-01
        16    9.9999905e-01
        17    9.9999905e-01
        18    9.9999905e-01
        19    9.9999905e-01
        20    9.9999905e-01
        21    9.9999905e-01
        22    9.9999905e-01
        23    9.9999905e-01
        24    9.9999905e-01
        25    9.9999905e-01
        26    9.9999905e-01
        27    9.9999905e-01
        28    9.9999905e-01
        29    9.9999905e-01
        30    9.9999905e-01
        31    9.9999905e-01
        32    9.9999905e-01
        33    9.9999905e-01
        34    9.9999905e-01
        35    9.9999905e-01
        36    9.9999905e-01
        37    9.9999905e-01
        38    9.9999905e-01
        39    9.9999905e-01
        40    9.9999905e-01
        41    9.9999905e-01
        42    9.9999905e-01
        43    9.9999905e-01
        44    9.9999905e-01
        45    9.9999905e-01
        46    9.9999905e-01
        47    9.9999905e-01
        48    9.9999905e-01
        49    9.9999905e-01
        50    9.9999905e-01
        51    9.9999905e-01
        52    9.9999905e-01
        53    9.9999905e-01
        54    9.9999905e-01
        55    9.9999905e-01
        56    9.9999905e-01
        57    9.9999905e-01
        58    9.9999905e-01
        59    9.9999905e-01
        60    9.9999905e-01
        61    9.9999905e-01
        62    9.9999905e-01
        63    9.9999905e-01
        64    9.9999905e-01
        65    9.9999905e-01
        66    9.9999905e-01
        67    9.9999905e-01
        68    9.9999905e-01
        69    9.9999905e-01
        70    9.9999905e-01
        71    9.9999905e-01
        72    9.9999905e-01
        73    9.9999905e-01
        74    9.9999905e-01
        75    9.9999905e-01
        76    9.9999905e-01
        77    9.9999905e-01
        78    9.9999905e-01
        79    9.9999905e-01
        80    9.9999905e-01
        81    9.9999905e-01
        82    9.9999905e-01
        83    9.9999905e-01
        84    9.9999905e-01
        85    9.9999905e-01
        86    9.9999905e-01
        87    9.9999905e-01
        88    9.9999905e-01
        89    9.9999905e-01
        90    9.9999905e-01
        91    9.9999905e-01
        92    9.9999905e-01
        93    9.9999905e-01
        94    9.9999905e-01
        95    9.9999905e-01
        96    9.9999905e-01
        97    9.9999905e-01
        98    9.9999905e-01
        99    9.9999905e-01
       100    9.9999905e-01
       101    9.9999905e-01
       102    9.9999905e-01
       103    9.9999905e-01
       104    9.9999905e-01
       105    9.9999905e-01
       106    9.9999905e-01
       107    9.9999905e-01
       108    9.9999905e-01
       109    9.9999905e-01
       110    9.9999905e-01
       111    9.9999905e-01
       112    9.9999905e-01
       113    9.9999899e-01
       114    9.9999893e-01
       115    9.9999875e-01
       116    9.9999857e-01
       117    9.9999821e-01
       118    9.9999774e-01
       119    9.9999714e-01
       120    9.9999624e-01
       121    9.9999511e-01
       122    9.9999356e-01
       123    9.9999160e-01
       124    9.9998891e-01
       125    9.9998546e-01
       126    9.9998093e-01
       127    9.9997485e-01
       128    9.9996692e-01
       129    9.9995655e-01
       130    9.9994278e-01
       131    9.9992472e-01
       132    9.9990100e-01
       133    9.9986976e-01
       134    9.9982864e-01
       135    9.9977452e-01
       136    9.9970329e-01
       137    9.9960953e-01
       138    9.9948621e-01
       139    9.9932396e-01
       140    9.9911052e-01
       141    9.9882972e-01
       142    9.9846041e-01
       143    9.9797481e-01
       144    9.9733627e-01
       145    9.9649709e-01
       146    9.9539459e-01
       147    9.9394703e-01
       148    9.9204803e-01
       149    9.8955911e-01
       150    9.8630154e-01
       151    9.8204541e-01
       152    9.7649753e-01
       153    9.6928746e-01
       154    9.5995414e-01
       155    9.4793361e-01
       156    9.3255335e-01
       157    9.1303933e-01
       158    8.8854355e-01
       159    8.5820448e-01
       160    8.2124901e-01
       161    7.7713984e-01
       162    7.2575569e-01
       163    6.6756910e-01
       164    6.0376269e-01
       165    5.3621709e-01
       166    4.6733233e-01
       167    3.9970338e-01
       168    3.3573711e-01
       169    2.7732718e-01
       170    2.2567329e-01
       171    1.8126701e-01
       172    1.4400524e-01
       173    1.1336606e-01
       174    8.8587873e-02
       175    6.8816550e-02
       176    5.3207945e-02
       177    4.0988877e-02
       178    3.1485930e-02
       179    2.4132945e-02
       180    1.8465852e-02
       181    1.4111296e-02
       182    1.0773019e-02
       183    8.2183518e-03
       184    6.2659755e-03
       185    4.7754105e-03
       186    3.6382936e-03
       187    2.7713142e-03
       188    2.1105825e-03
       189    1.6071945e-03
       190    1.2237711e-03
       191    9.3177235e-04
       192    7.0942548e-04
       193    5.4012984e-04
       194    4.1123459e-04
       195    3.1310163e-04
       196    2.3839029e-04
       197    1.8151056e-04
       198    1.3820613e-04
       199    1.0523648e-04
       200    8.0134632e-05
       201    6.1022500e-05
       202    4.6470403e-05
       203    3.5389974e-05
       204    2.6952683e-05
       205    2.0527790e-05
       206    1.5635123e-05
       207    1.1909123e-05
       208    9.0714757e-06
       209    6.9102889e-06
       210    5.2642313e-06
       211    4.0104633e-06
       212    3.0554506e-06
       213    2.3279711e-06
       214    1.7737887e-06
       215    1.3516009e-06
       216    1.0299540e-06
       217    7.8489273e-07
       218    5.9817239e-07
       219    4.5589670e-07
       220    3.4748095e-07
       221    2.6486251e-07
       222    2.0189960e-07
       223    1.5391338e-07
       224    1.1733939e-07
       225    8.9461942e-08
       226    6.8211953e-08
       227    5.2012879e-08
       228    3.9663426e-08
       229    3.0248167e-08
       230    2.3069495e-08
       231    1.7595760e-08
       232    1.3421764e-08
       233    1.0238670e-08
       234    7.8110727e-09
       235    5.9595271e-09
       236    4.5472386e-09
       237    3.4699190e-09
       238    2.6480580e-09
       239    2.0210318e-09
       240    1.5426136e-09
       241    1.1775534e-09
       242    8.9896840e-10
       243    6.8635636e-10
       244    5.2407967e-10
       245    4.0021056e-10
       246    3.0564998e-10
       247    2.3345650e-10
       248    1.7833413e-10
       249    1.3624200e-10
       250    1.0409667e-10
       251    7.9545037e-11
       252    6.0791240e-11
       253    4.6464558e-11
       254    3.5518675e-11
       255    2.7154830e-11
       256    2.0763190e-11
       257    1.5878117e-11
       258    1.2144036e-11
       259    9.2893974e-12
       260    7.1067935e-12
       261    5.4377939e-12
       262    4.1613661e-12
       263    3.1850367e-12
       264    2.4381445e-12
       265    1.8666893e-12
       266    1.4293989e-12
       267    1.0947240e-12
       268    8.3854560e-13
       269    6.4242220e-13
       270    4.9225164e-13
       271    3.7724834e-13
       272    2.8916247e-13
       273    2.2168260e-13
       274    1.6997970e-13
       275    1.3035833e-13
       276    9.9990173e-14
       277    7.6710177e-14
       278    5.8860787e-14
       279    4.5172772e-14
       280    3.4674087e-14
       281    2.6620177e-14
       282    2.0440628e-14
       283    1.5698373e-14
       284    1.2058458e-14
       285    9.2641366e-15
       286    7.1185835e-15
       287    5.4708753e-15
       288    4.2052679e-15
       289    3.2329801e-15
       290    2.4859000e-15
       291    1.9117633e-15
       292    1.4704590e-15
       293    1.1311974e-15
       294    8.7033927e-16
       295    6.6973286e-16
       296    5.1543670e-16
       297    3.9674139e-16
       298    3.0541875e-16
       299    2.3514590e-16
       300    1.8106311e-16
       301    1.3943461e-16
       302    1.0738813e-16
       303    8.2714964e-17
       304    6.3716340e-17
       305    4.9085503e-17
       306    3.7817076e-17
       307    2.9137444e-17
       308    2.2451232e-17
       309    1.7300175e-17
       310    1.3331489e-17
       311    1.0273557e-17
       312    7.9172269e-18
       313    6.1014290e-18
       314    4.7021032e-18
       315    3.6236884e-18
       316    2.7925665e-18
       317    2.1520183e-18
       318    1.6583415e-18
       319    1.2778604e-18
       320    9.8462286e-19
       321    7.5862879e-19
       322    5.8446338e-19
       323    4.5024568e-19
       324    3.4681814e-19
       325    2.6712208e-19
       326    2.0571652e-19
       327    1.5840749e-19
       328    1.2196218e-19
       329    9.3888690e-20
       330    7.2266298e-20
       331    5.5614564e-20
       332    4.2792470e-20
       333    3.2920625e-20
       334    2.5321335e-20
       335    1.9472373e-20
       336    1.4971349e-20
       337    1.1508233e-20
       338    8.8441917e-21
       339    6.7952516e-21
       340    5.2197161e-21
       341    4.0084680e-21
       342    3.0774881e-21
       343    2.3620932e-21
       344    1.8124943e-21
       345    1.3903741e-21
       346    1.0662486e-21
       347    8.1743559e-22
       348    6.2648895e-22
       349    4.7999270e-22
       350    3.6763241e-22
       351    2.8148004e-22
       352    2.1544319e-22
       353    1.6484130e-22
       354    1.2607942e-22
       355    9.6397143e-23
       356    7.3675456e-23
       357    5.6288173e-23
       358    4.2987688e-23
       359    3.2817137e-23
       360    2.5042871e-23
       361    1.9102554e-23
       362    1.4565315e-23
       363    1.1101116e-23
       364    8.4572460e-24
       365    6.4402715e-24
       366    4.9021844e-24
       367    3.7297762e-24
       368    2.8364880e-24
       369    2.1561635e-24
       370    1.6382586e-24
       371    1.2441731e-24
       372    9.4443986e-25
       373    7.1657329e-25
       374    5.4342217e-25
       375    4.1190993e-25
       376    3.1207071e-25
       377    2.3631287e-25
       378    1.7885584e-25
       379    1.3530011e-25
       380    1.0229874e-25
       381    7.7306736e-26
       382    5.8389845e-26
       383    4.4078638e-26
       384    3.3257365e-26
       385    2.5079241e-26
       386    1.8901915e-26
       387    1.4238365e-26
       388    1.0719525e-26
       389    8.0658493e-27
       390    6.0657148e-27
       391    4.5589982e-27
       392    3.4246050e-27
       393    2.5710088e-27
       394    1.9290648e-27
       395    1.4465669e-27
       396    1.0841193e-27
       397    8.1200866e-28
       398    6.0783789e-28
       399    4.5473325e-28
       400    3.3998983e-28
       401    2.5404687e-28
       402    1.8971378e-28
       403    1.4158574e-28
       404    1.0560251e-28
       405    7.8715742e-29
       406    5.8638127e-29
       407    4.3654428e-29
       408    3.2479162e-29
       409    2.4149505e-29
       410    1.7944741e-29
       411    1.3325708e-29
       412    9.8893162e-30
       413    7.3343851e-30
       414    5.4360249e-30
       415    4.0264108e-30
       416    2.9803852e-30
       417    2.2046679e-30
       418    1.6297806e-30
       419    1.2040074e-30
       420    8.8887780e-31
       421    6.5579269e-31
       422    4.8350575e-31
       423    3.5624280e-31
       424    2.6230033e-31
       425    1.9300063e-31
       426    1.4191385e-31
       427    1.0427875e-31
       428    7.6572160e-32
       429    5.6188695e-32
       430    4.1203008e-32
       431    3.0193248e-32
       432    2.2110102e-32
       433    1.6179707e-32
       434    1.1831740e-32
       435    8.6461687e-33
       436    6.3138601e-33
       437    4.6074592e-33
       438    3.3598696e-33
       439    2.4483687e-33
       440    1.7828872e-33
       441    1.2973666e-33
       442    9.4339262e-34
       443    6.8550771e-34
       444    4.9776175e-34
       445    3.6117629e-34
       446    2.6188138e-34
       447    1.8974790e-34
       448    1.3738378e-34
       449    9.9398402e-35
       450    7.1863434e-35
       451    5.1918308e-35
       452    3.7481444e-35
       453    2.7039251e-35
       454    1.9491928e-35
       455    1.4040937e-35
       456    1.0106898e-35
       457    7.2697510e-36
       458    5.2251685e-36
       459    3.7528360e-36
       460    2.6933749e-36
       461    1.9315740e-36
       462    1.3842116e-36
       463    9.9121916e-37
       464    7.0927132e-37
       465    5.0714247e-37
       466    3.6234466e-37
       467    2.5869467e-37
       468    1.8455522e-37
       469    1.3156424e-37
       470    9.3717659e-38
       471    6.6707799e-38
       472    4.7446352e-38
       473    3.3720933e-38
       474    2.3947843e-38
       475    1.6994277e-38
       476    1.2050582e-38
       477    8.5385067e-39
       478    6.0453837e-39
       479    4.2769423e-39
       480    3.0234990e-39
       481    2.1357624e-39
       482    1.5075169e-39
       483    1.0632534e-39
       484    7.4933454e-40
       485    5.2769117e-40
       486    3.7131887e-40
       487    2.6108292e-40
       488    1.8342997e-40
       489    1.2877232e-40
       490    9.0330502e-41
       491    6.3314869e-41
       492    4.4344090e-41
       493    3.1031754e-41
       494    2.1697705e-41
       495    1.5159247e-41
       496    1.0581205e-41
       497    7.3792377e-42
       498    5.1413641e-42
       499    3.5789163e-42
       500    2.4887061e-42
       501    1.7278010e-42
       502    1.1981102e-42
       503    8.2956869e-43
       504    5.7313107e-43
       505    3.9516617e-43
       506    2.7045060e-43
       507    1.8497140e-43
       508    1.2471556e-43
       509    8.4077908e-44
       510    5.4650640e-44
       511    3.6433760e-44
       512    2.2420775e-44
       513    1.2611686e-44
       514    5.6051939e-45
       515    1.4012985e-45
       516    0.0000000e+00
       517    0.0000000e+00
       518    0.0000000e+00
       519    0.0000000e+00
       520    0.0000000e+00
       521    0.0000000e+00
       522    0.0000000e+00
       523    0.0000000e+00
       524    0.0000000e+00
       525    0.0000000e+00
       526    0.0000000e+00
       527    0.0000000e+00
       528    0.0000000e+00
       529    0.0000000e+00
       530    0.0000000e+00
       531    0.0000000e+00
       532    0.0000000e+00
       533    0.0000000e+00
       534    0.0000000e+00
       535    0.0000000e+00
       536    0.0000000e+00
       537    0.0000000e+00
       538    0.0000000e+00
       539    0.0000000e+00
       540    0.0000000e+00
       541    0.0000000e+00
       542    0.0000000e+00
       543    0.0000000e+00
       544    0.0000000e+00
       545    0.0000000e+00
       546    0.0000000e+00
       547    0.0000000e+00
       548    0.0000000e+00
       549    0.0000000e+00
       550    0.0000000e+00
       551    0.0000000e+00
       552    0.0000000e+00
       553    0.0000000e+00
       554    0.0000000e+00
       555    0.0000000e+00
       556    0.0000000e+00
       557    0.0000000e+00
       558    0.0000000e+00
       559    0.0000000e+00
       560    0.0000000e+00
       561    0.0000000e+00
       562    0.0000000e+00
       563    0.0000000e+00
       564    0.0000000e+00
       565    0.0000000e+00
       566    0.0000000e+00
       567    0.0000000e+00
       568    0.0000000e+00
       569    0.0000000e+00
       570    0.0000000e+00
       571    0.0000000e+00
       572    0.0000000e+00
       573    0.0000000e+00
       574    0.0000000e+00
       575    0.0000000e+00
       576    0.0000000e+00
       577    0.0000000e+00
       578    0.0000000e+00
       579    0.0000000e+00
       580    0.0000000e+00
       581    0.0000000e+00
       582    0.0000000e+00
       583    0.0000000e+00
       584    0.0000000e+00
       585    0.0000000e+00
       586    0.0000000e+00
       587    0.0000000e+00
       588    0.0000000e+00
       589    0.0000000e+00
       590    0.0000000e+00
       591    0.0000000e+00
       592    0.0000000e+00
       593    0.0000000e+00
       594    0.0000000e+00
       595    0.0000000e+00
       596    0.0000000e+00
       597    0.0000000e+00
       598    0.0000000e+00
       599    0.0000000e+00
       600    0.0000000e+00
       601    0.0000000e+00
       602    0.0000000e+00
       603    0.0000000e+00
       604    0.0000000e+00
       605    0.0000000e+00
       606    0.0000000e+00
       607    0.0000000e+00
       608    0.0000000e+00
       609    0.0000000e+00
       610    0.0000000e+00
       611    0.0000000e+00
       612    0.0000000e+00
       613    0.0000000e+00
       614    0.0000000e+00
       615    0.0000000e+00
       616    0.0000000e+00
       617    0.0000000e+00
       618    0.0000000e+00
       619    0.0000000e+00
       620    0.0000000e+00
       621    0.0000000e+00
       622    0.0000000e+00
       623    0.0000000e+00
       624    0.0000000e+00
       625    0.0000000e+00
       626    0.0000000e+00
       627    0.0000000e+00
       628    0.0000000e+00
       629    0.0000000e+00
       630    0.0000000e+00
       631    0.0000000e+00
       632    0.0000000e+00
       633    0.0000000e+00
       634    0.0000000e+00
       635    0.0000000e+00
       636    0.0000000e+00
       637    0.0000000e+00
       638    0.0000000e+00
       639    0.0000000e+00
       640    0.0000000e+00
       641    0.0000000e+00
       642    0.0000000e+00
       643    0.0000000e+00
       644    0.0000000e+00
       645    0.0000000e+00
       646    0.0000000e+00
       647    0.0000000e+00
       648    0.0000000e+00
       649    0.0000000e+00
       650    0.0000000e+00
       651    0.0000000e+00
       652    0.0000000e+00
       653    0.0000000e+00
       654    0.0000000e+00
       655    0.0000000e+00
       656    0.0000000e+00
       657    0.0000000e+00
       658    0.0000000e+00
       659    0.0000000e+00
       660    0.0000000e+00
       661    0.0000000e+00
       662    0.0000000e+00
       663    0.0000000e+00
       664    0.0000000e+00
       665    0.0000000e+00
       666    0.0000000e+00
       667    0.0000000e+00
       668    0.0000000e+00
       669    0.0000000e+00
       670    0.0000000e+00
       671    0.0000000e+00
       672    0.0000000e+00
       673    0.0000000e+00
       674    0.0000000e+00
       675    0.0000000e+00
       676    0.0000000e+00
       677    0.0000000e+00
       678    0.0000000e+00
       679    0.0000000e+00
       680    0.0000000e+00
       681    0.0000000e+00
       682    0.0000000e+00
       683    0.0000000e+00
       684    0.0000000e+00
       685    0.0000000e+00
       686    0.0000000e+00
       687    0.0000000e+00
       688    0.0000000e+00
       689    0.0000000e+00
       690    0.0000000e+00
       691    0.0000000e+00
       692    0.0000000e+00
       693    0.0000000e+00
       694    0.0000000e+00
       695    0.0000000e+00
       696    0.0000000e+00
       697    0.0000000e+00
       698    0.0000000e+00
       699    0.0000000e+00
       700    0.0000000e+00
       701    0.0000000e+00
       702    0.0000000e+00
       703    0.0000000e+00
       704    0.0000000e+00
       705    0.0000000e+00
       706    0.0000000e+00
       707    0.0000000e+00
       708    0.0000000e+00
       709    0.0000000e+00
       710    0.0000000e+00
       711    0.0000000e+00
       712    0.0000000e+00
       713    0.0000000e+00
       714    0.0000000e+00
       715    0.0000000e+00
       716    0.0000000e+00
       717    0.0000000e+00
       718    0.0000000e+00
       719    0.0000000e+00
       720    0.0000000e+00
       721    0.0000000e+00
       722    0.0000000e+00
       723    0.0000000e+00
       724    0.0000000e+00
       725    0.0000000e+00
       726    0.0000000e+00
       727    0.0000000e+00
       728    0.0000000e+00
       729    0.0000000e+00
       730    0.0000000e+00
       731    0.0000000e+00
       732    0.0000000e+00
       733    0.0000000e+00
       734    0.0000000e+00
       735    0.0000000e+00
       736    0.0000000e+00
       737    0.0000000e+00
       738    0.0000000e+00
       739    0.0000000e+00
       740    0.0000000e+00
       741    0.0000000e+00
       742    0.0000000e+00
       743    0.0000000e+00
       744    0.0000000e+00
       745    0.0000000e+00
       746    0.0000000e+00
       747    0.0000000e+00
       748    0.0000000e+00
       749    0.0000000e+00
       750    0.0000000e+00
       751    0.0000000e+00
       752    0.0000000e+00
       753    0.0000000e+00
       754    0.0000000e+00
       755    0.0000000e+00
       756    0.0000000e+00
       757    0.0000000e+00
       758    0.0000000e+00
       759    0.0000000e+00
       760    0.0000000e+00
       761    0.0000000e+00
       762    0.0000000e+00
       763    0.0000000e+00
       764    0.0000000e+00
       765    0.0000000e+00
       766    0.0000000e+00
       767    0.0000000e+00
       768    0.0000000e+00
       769    0.0000000e+00
       770    0.0000000e+00
       771    0.0000000e+00
       772    0.0000000e+00
       773    0.0000000e+00
       774    0.0000000e+00
       775    0.0000000e+00
       776    0.0000000e+00
       777    0.0000000e+00
       778    0.0000000e+00
       779    0.0000000e+00
       780    0.0000000e+00
       781    0.0000000e+00
       782    0.0000000e+00
       783    0.0000000e+00
       784    0.0000000e+00
       785    0.0000000e+00
       786    0.0000000e+00
       787    0.0000000e+00
       788    0.0000000e+00
       789    0.0000000e+00
       790    0.0000000e+00
       791    0.0000000e+00
       792    0.0000000e+00
       793    0.0000000e+00
       794    0.0000000e+00
       795    0.0000000e+00
       796    0.0000000e+00
       797    0.0000000e+00
       798    0.0000000e+00
       799    0.0000000e+00
       800    0.0000000e+00
       801    0.0000000e+00
       802    0.0000000e+00
       803    0.0000000e+00
       804    0.0000000e+00
       805    0.0000000e+00
       806    0.0000000e+00
       807    0.0000000e+00
       808    0.0000000e+00
       809    0.0000000e+00
       810    0.0000000e+00
       811    0.0000000e+00
       812    0.0000000e+00
       813    0.0000000e+00
       814    0.0000000e+00
       815    0.0000000e+00
       816    0.0000000e+00
       817    0.0000000e+00
       818    0.0000000e+00
       819    0.0000000e+00
       820    0.0000000e+00
       821    0.0000000e+00
       822    0.0000000e+00
       823    0.0000000e+00
       824    0.0000000e+00
       825    0.0000000e+00
       826    0.0000000e+00
       827    0.0000000e+00
       828    0.0000000e+00
       829    0.0000000e+00
       830    0.0000000e+00
       831    0.0000000e+00
       832    0.0000000e+00
       833    0.0000000e+00
       834    0.0000000e+00
       835    0.0000000e+00
       836    0.0000000e+00
       837    0.0000000e+00
       838    0.0000000e+00
       839    0.0000000e+00
       840    0.0000000e+00
       841    0.0000000e+00
       842    0.0000000e+00
       843    0.0000000e+00
       844    0.0000000e+00
       845    0.0000000e+00
       846    0.0000000e+00
       847    0.0000000e+00
       848    0.0000000e+00
       849    0.0000000e+00
       850    0.0000000e+00
       851    0.0000000e+00
       852    0.0000000e+00
       853    0.0000000e+00
       854    0.0000000e+00
       855    0.0000000e+00
       856    0.0000000e+00
       857    0.0000000e+00
       858    0.0000000e+00
       859    0.0000000e+00
       860    0.0000000e+00
       861    0.0000000e+00
       862    0.0000000e+00
       863    0.0000000e+00
       864    0.0000000e+00
       865    0.0000000e+00
       866    0.0000000e+00
       867    0.0000000e+00
       868    0.0000000e+00
       869    0.0000000e+00
       870    0.0000000e+00
       871    0.0000000e+00
       872    0.0000000e+00
       873    0.0000000e+00
       874    0.0000000e+00
       875    0.0000000e+00
       876    0.0000000e+00
       877    0.0000000e+00
       878    0.0000000e+00
       879    0.0000000e+00
       880    0.0000000e+00
       881    0.0000000e+00
       882    0.0000000e+00
       883    0.0000000e+00
       884    0.0000000e+00
       885    0.0000000e+00
       886    0.0000000e+00
       887    0.0000000e+00
       888    0.0000000e+00
       889    0.0000000e+00
       890    0.0000000e+00
       891    0.0000000e+00
       892    0.0000000e+00
       893    0.0000000e+00
       894    0.0000000e+00
       895    0.0000000e+00
       896    0.0000000e+00
       897    0.0000000e+00
       898    0.0000000e+00
       899    0.0000000e+00
       900    0.0000000e+00
       901    0.0000000e+00
       902    0.0000000e+00
       903    0.0000000e+00
       904    0.0000000e+00
       905    0.0000000e+00
       906    0.0000000e+00
       907    0.0000000e+00
       908    0.0000000e+00
       909    0.0000000e+00
       910    0.0000000e+00
       911    0.0000000e+00
       912    0.0000000e+00
       913    0.0000000e+00
       914    0.0000000e+00
       915    0.0000000e+00
       916    0.0000000e+00
       917    0.0000000e+00
       918    0.0000000e+00
       919    0.0000000e+00
       920    0.0000000e+00
       921    0.0000000e+00
       922    0.0000000e+00
       923    0.0000000e+00
       924    0.0000000e+00
       925    0.0000000e+00
       926    0.0000000e+00
       927    0.0000000e+00
       928    0.0000000e+00
       929    0.0000000e+00
       930    0.0000000e+00
       931    0.0000000e+00
       932    0.0000000e+00
       933    0.0000000e+00
       934    0.0000000e+00
       935    0.0000000e+00
       936    0.0000000e+00
       937    0.0000000e+00
       938    0.0000000e+00
       939    0.0000000e+00
       940    0.0000000e+00
       941    0.0000000e+00
       942    0.0000000e+00
       943    0.0000000e+00
       944    0.0000000e+00
       945    0.0000000e+00
       946    0.0000000e+00
       947    0.0000000e+00
       948    0.0000000e+00
       949    0.0000000e+00
       950    0.0000000e+00
       951    0.0000000e+00
       952    0.0000000e+00
       953    0.0000000e+00
       954    0.0000000e+00
       955    0.0000000e+00
       956    0.0000000e+00
       957    0.0000000e+00
       958    0.0000000e+00
       959    0.0000000e+00
       960    0.0000000e+00
       961    0.0000000e+00
       962    0.0000000e+00
       963    0.0000000e+00
       964    0.0000000e+00
       965    0.0000000e+00
       966    0.0000000e+00
       967    0.0000000e+00
       968    0.0000000e+00
       969    0.0000000e+00
       970    0.0000000e+00
       971    0.0000000e+00
       972    0.0000000e+00
       973    0.0000000e+00
       974    0.0000000e+00
       975    0.0000000e+00
       976    0.0000000e+00
       977    0.0000000e+00
       978    0.0000000e+00
       979    0.0000000e+00
       980    0.0000000e+00
       981    0.0000000e+00
       982    0.0000000e+00
       983    0.0000000e+00
       984    0.0000000e+00
       985    0.0000000e+00
       986    0.0000000e+00
       987    0.0000000e+00
       988    0.0000000e+00
       989    0.0000000e+00
       990    0.0000000e+00
       991    0.0000000e+00
       992    0.0000000e+00
       993    0.0000000e+00
       994    0.0000000e+00
       995    0.0000000e+00
       996    0.0000000e+00
       997    0.0000000e+00
       998    0.0000000e+00
       999    0.0000000e+00
      1000    0.0000000e+00
      1001    0.0000000e+00
      1002    0.0000000e+00
      1003    0.0000000e+00
      1004    0.0000000e+00
      1005    0.0000000e+00
      1006    0.0000000e+00
      1007    0.0000000e+00
      1008    0.0000000e+00
      1009    0.0000000e+00
      1010    0.0000000e+00
      1011    0.0000000e+00
      1012    0.0000000e+00
      1013    0.0000000e+00
      1014    0.0000000e+00
      1015    0.0000000e+00
      1016    0.0000000e+00
      1017    0.0000000e+00
      1018    0.0000000e+00
      1019    0.0000000e+00
      1020    0.0000000e+00
      1021    0.0000000e+00
      1022    0.0000000e+00
      1023    0.0000000e+00
      1024    0.0000000e+00
