         1    9.9999905e-01
         2    9.9999905e-01
         3    9.9999905e-01
         4    9.9999905e-01
         5    9.9999905e-01
         6    9.9999905e-01
         7    9.9999905e-01
         8    9.9999905e-01
         9    9.9999905e-01
        10    9.9999905e-01
        11    9.9999905e-01
        12    9.9999905e-01
        13    9.9999905e-01
        14    9.9999905e-01
        15    9.9999905e-01
        16    9.9999905e-01
        17    9.9999905e-01
        18    9.9999905e-01
        19    9.9999905e-01
        20    9.9999905e-01
        21    9.9999905e-01
        22    9.9999905e-01
        23    9.9999905e-01
        24    9.9999905e-01
        25    9.9999905e-01
        26    9.9999905e-01
        27    9.9999905e-01
        28    9.9999905e-01
        29    9.9999905e-01
        30    9.9999905e-01
        31    9.9999905e-01
        32    9.9999905e-01
        33    9.9999905e-01
        34    9.9999905e-01
        35    9.9999905e-01
        36    9.9999905e-01
        37    9.9999905e-01
        38    9.9999905e-01
        39    9.9999905e-01
        40    9.9999905e-01
        41    9.9999905e-01
        42    9.9999905e-01
        43    9.9999905e-01
        44    9.9999905e-01
        45    9.9999905e-01
        46    9.9999905e-01
        47    9.9999905e-01
        48    9.9999905e-01
        49    9.9999905e-01
        50    9.9999905e-01
        51    9.9999905e-01
        52    9.9999905e-01
        53    9.9999905e-01
        54    9.9999905e-01
        55    9.9999905e-01
        56    9.9999905e-01
        57    9.9999905e-01
        58    9.9999905e-01
        59    9.9999905e-01
        60    9.9999905e-01
        61    9.9999905e-01
        62    9.9999905e-01
        63    9.9999905e-01
        64    9.9999905e-01
        65    9.9999905e-01
        66    9.9999905e-01
        67    9.9999905e-01
        68    9.9999905e-01
        69    9.9999905e-01
        70    9.9999905e-01
        71    9.9999905e-01
        72    9.9999905e-01
        73    9.9999905e-01
        74    9.9999905e-01
        75    9.9999905e-01
        76    9.9999899e-01
        77    9.9999887e-01
        78    9.9999869e-01
        79    9.9999845e-01
        80    9.9999803e-01
        81    9.9999750e-01
        82    9.9999672e-01
        83    9.9999577e-01
        84    9.9999452e-01
        85    9.9999279e-01
        86    9.9999058e-01
        87    9.9998760e-01
        88    9.9998373e-01
        89    9.9997860e-01
        90    9.9997187e-01
        91    9.9996299e-01
        92    9.9995136e-01
        93    9.9993610e-01
        94    9.9991596e-01
        95    9.9988943e-01
        96    9.9985462e-01
        97    9.9980879e-01
        98    9.9974853e-01
        99    9.9966925e-01
       100    9.9956501e-01
       101    9.9942791e-01
       102    9.9924761e-01
       103    9.9901050e-01
       104    9.9869871e-01
       105    9.9828875e-01
       106    9.9774981e-01
       107    9.9704158e-01
       108    9.9611109e-01
       109    9.9488932e-01
       110    9.9328595e-01
       111    9.9118364e-01
       112    9.8843032e-01
       113    9.8482960e-01
       114    9.8012978e-01
       115    9.7401094e-01
       116    9.6607113e-01
       117    9.5581269e-01
       118    9.4263244e-01
       119    9.2581940e-01
       120    9.0456855e-01
       121    8.7801903e-01
       122    8.4532905e-01
       123    8.0579424e-01
       124    7.5900972e-01
       125    7.0505452e-01
       126    6.4465374e-01
       127    5.7925498e-01
       128    5.1095665e-01
       129    4.4226995e-01
       130    3.7576103e-01
       131    3.1367680e-01
       132    2.5766623e-01
       133    2.0866230e-01
       134    1.6692097e-01
       135    1.3216513e-01
       136    1.0376687e-01
       137    8.0917381e-02
       138    6.2757999e-02
       139    4.8466526e-02
       140    3.7305124e-02
       141    2.8640199e-02
       142    2.1944400e-02
       143    1.6788609e-02
       144    1.2829434e-02
       145    9.7954571e-03
       146    7.4741384e-03
       147    5.7001943e-03
       148    4.3457658e-03
       149    3.3123333e-03
       150    2.5242122e-03
       151    1.9233886e-03
       152    1.4654702e-03
       153    1.1165306e-03
       154    8.5066678e-04
       155    6.4811553e-04
       156    4.9380603e-04
       157    3.7625022e-04
       158    2.8669348e-04
       159    2.1846558e-04
       160    1.6648498e-04
       161    1.2688091e-04
       162    9.6704920e-05
       163    7.3711220e-05
       164    5.6189197e-05
       165    4.2835869e-05
       166    3.2658714e-05
       167    2.4901670e-05
       168    1.8988772e-05
       169    1.4481230e-05
       170    1.1044733e-05
       171    8.4245621e-06
       172    6.4266237e-06
       173    4.9030123e-06
       174    3.7410100e-06
       175    2.8547079e-06
       176    2.1786259e-06
       177    1.6628501e-06
       178    1.2693291e-06
       179    9.6905285e-07
       180    7.3990179e-07
       181    5.6500920e-07
       182    4.3151238e-07
       183    3.2960116e-07
       184    2.5179290e-07
       185    1.9237957e-07
       186    1.4700660e-07
       187    1.1235144e-07
       188    8.5878803e-08
       189    6.5653893e-08
       190    5.0200004e-08
       191    3.8389945e-08
       192    2.9363195e-08
       193    2.2462746e-08
       194    1.7186910e-08
       195    1.3152542e-08
       196    1.0067003e-08
       197    7.7067428e-09
       198    5.9009668e-09
       199    4.5191704e-09
       200    3.4616159e-09
       201    2.6520701e-09
       202    2.0322564e-09
       203    1.5576164e-09
       204    1.1940766e-09
       205    9.1557650e-10
       206    7.0218048e-10
       207    5.3863608e-10
       208    4.1327136e-10
       209    3.1715314e-10
       210    2.4344282e-10
       211    1.8690437e-10
       212    1.4352800e-10
       213    1.1024235e-10
       214    8.4694404e-11
       215    6.5081121e-11
       216    5.0020599e-11
       217    3.8453466e-11
       218    2.9567449e-11
       219    2.2739607e-11
       220    1.7492075e-11
       221    1.3458215e-11
       222    1.0356658e-11
       223    7.9714239e-12
       224    6.1366875e-12
       225    4.7251070e-12
       226    3.6388674e-12
       227    2.8028187e-12
       228    2.1592103e-12
       229    1.6636536e-12
       230    1.2820221e-12
       231    9.8807356e-13
       232    7.6162367e-13
       233    5.8714464e-13
       234    4.5268829e-13
       235    3.4905886e-13
       236    2.6917764e-13
       237    2.0759444e-13
       238    1.6011213e-13
       239    1.2349797e-13
       240    9.5261547e-14
       241    7.3483991e-14
       242    5.6686548e-14
       243    4.3729489e-14
       244    3.3734219e-14
       245    2.6023373e-14
       246    2.0074642e-14
       247    1.5485243e-14
       248    1.1944522e-14
       249    9.2128631e-15
       250    7.1054269e-15
       251    5.4796141e-15
       252    4.2254065e-15
       253    3.2579191e-15
       254    2.5116545e-15
       255    1.9360738e-15
       256    1.4921787e-15
       257    1.1498767e-15
       258    8.8594718e-16
       259    6.8247255e-16
       260    5.2562746e-16
       261    4.0474461e-16
       262    3.1159399e-16
       263    2.3982631e-16
       264    1.8454369e-16
       265    1.4196821e-16
       266    1.0918614e-16
       267    8.3950521e-17
       268    6.4528836e-17
       269    4.9585408e-17
       270    3.8090685e-17
       271    2.9251204e-17
       272    2.2455565e-17
       273    1.7232761e-17
       274    1.3220011e-17
       275    1.0137952e-17
       276    7.7715132e-18
       277    5.9551598e-18
       278    4.5615177e-18
       279    3.4926014e-18
       280    2.6730563e-18
       281    2.0449487e-18
       282    1.5637511e-18
       283    1.1952527e-18
       284    9.1317607e-19
       285    6.9734546e-19
       286    5.3227501e-19
       287    4.0608305e-19
       288    3.0965661e-19
       289    2.3600910e-19
       290    1.7978614e-19
       291    1.3688596e-19
       292    1.0416769e-19
       293    7.9227327e-20
       294    6.0225586e-20
       295    4.5755948e-20
       296    3.4743292e-20
       297    2.6366211e-20
       298    1.9997434e-20
       299    1.5158185e-20
       300    1.1483202e-20
       301    8.6939752e-21
       302    6.5782431e-21
       303    4.9743261e-21
       304    3.7591372e-21
       305    2.8390196e-21
       306    2.1427510e-21
       307    1.6161993e-21
       308    1.2182459e-21
       309    9.1767449e-22
       310    6.9080103e-22
       311    5.1966673e-22
       312    3.9066225e-22
       313    2.9348074e-22
       314    2.2032133e-22
       315    1.6528342e-22
       316    1.2390679e-22
       317    9.2822038e-23
       318    6.9485551e-23
       319    5.1978367e-23
       320    3.8853731e-23
       321    2.9021656e-23
       322    2.1661493e-23
       323    1.6155808e-23
       324    1.2040390e-23
       325    8.9664699e-24
       326    6.6721989e-24
       327    4.9611301e-24
       328    3.6859885e-24
       329    2.7364445e-24
       330    2.0299079e-24
       331    1.5045989e-24
       332    1.1143397e-24
       333    8.2464048e-25
       334    6.0976108e-25
       335    4.5050609e-25
       336    3.3257170e-25
       337    2.4530791e-25
       338    1.8079123e-25
       339    1.3313148e-25
       340    9.7953432e-26
       341    7.2009892e-26
       342    5.2892766e-26
       343    3.8817737e-26
       344    2.8463744e-26
       345    2.0853546e-26
       346    1.5264833e-26
       347    1.1164177e-26
       348    8.1579704e-27
       349    5.9560262e-27
       350    4.3445863e-27
       351    3.1663290e-27
       352    2.3055668e-27
       353    1.6773045e-27
       354    1.2191499e-27
       355    8.8534335e-28
       356    6.4235373e-28
       357    4.6563242e-28
       358    3.3722299e-28
       359    2.4400276e-28
       360    1.7639019e-28
       361    1.2739575e-28
       362    9.1925274e-29
       363    6.6269396e-29
       364    4.7729618e-29
       365    3.4344597e-29
       366    2.4690121e-29
       367    1.7732955e-29
       368    1.2724210e-29
       369    9.1216052e-30
       370    6.5328289e-30
       371    4.6743332e-30
       372    3.3413756e-30
       373    2.3862567e-30
       374    1.7025273e-30
       375    1.2135428e-30
       376    8.6416984e-31
       377    6.1478764e-31
       378    4.3695039e-31
       379    3.1025528e-31
       380    2.2008238e-31
       381    1.5596582e-31
       382    1.1042079e-31
       383    7.8099551e-32
       384    5.5185075e-32
       385    3.8955542e-32
       386    2.7472014e-32
       387    1.9354619e-32
       388    1.3622307e-32
       389    9.5782894e-33
       390    6.7281491e-33
       391    4.7214227e-33
       392    3.3099309e-33
       393    2.3181052e-33
       394    1.6218648e-33
       395    1.1336075e-33
       396    7.9154704e-34
       397    5.5214857e-34
       398    3.8476862e-34
       399    2.6785958e-34
       400    1.8628500e-34
       401    1.2942289e-34
       402    8.9826859e-35
       403    6.2282001e-35
       404    4.3139937e-35
       405    2.9850835e-35
       406    2.0634450e-35
       407    1.4249124e-35
       408    9.8297307e-36
       409    6.7741191e-36
       410    4.6635988e-36
       411    3.2073482e-36
       412    2.2035712e-36
       413    1.5123893e-36
       414    1.0369435e-36
       415    7.1023340e-37
       416    4.8596062e-37
       417    3.3216551e-37
       418    2.2680939e-37
       419    1.5471059e-37
       420    1.0542197e-37
       421    7.1761873e-38
       422    4.8798627e-38
       423    3.3149128e-38
       424    2.2495043e-38
       425    1.5249352e-38
       426    1.0326789e-38
       427    6.9859927e-39
       428    4.7210600e-39
       429    3.1871244e-39
       430    2.1493438e-39
       431    1.4479715e-39
       432    9.7445314e-40
       433    6.5510003e-40
       434    4.3994746e-40
       435    2.9514709e-40
       436    1.9779748e-40
       437    1.3241710e-40
       438    8.8555056e-41
       439    5.9158617e-41
       440    3.9477380e-41
       441    2.6316385e-41
       442    1.7523237e-41
       443    1.1656001e-41
       444    7.7449766e-42
       445    5.1399628e-42
       446    3.4065566e-42
       447    2.2546892e-42
       448    1.4909816e-42
       449    9.8371152e-43
       450    6.4739989e-43
       451    4.2599473e-43
       452    2.7885839e-43
       453    1.8216880e-43
       454    1.1770907e-43
       455    7.5670117e-44
       456    4.7644148e-44
       457    2.9427268e-44
       458    1.6815582e-44
       459    8.4077908e-45
       460    2.8025969e-45
       461    0.0000000e+00
       462    0.0000000e+00
       463    0.0000000e+00
       464    0.0000000e+00
       465    0.0000000e+00
       466    0.0000000e+00
       467    0.0000000e+00
       468    0.0000000e+00
       469    0.0000000e+00
       470    0.0000000e+00
       471    0.0000000e+00
       472    0.0000000e+00
       473    0.0000000e+00
       474    0.0000000e+00
       475    0.0000000e+00
       476    0.0000000e+00
       477    0.0000000e+00
       478    0.0000000e+00
       479    0.0000000e+00
       480    0.0000000e+00
       481    0.0000000e+00
       482    0.0000000e+00
       483    0.0000000e+00
       484    0.0000000e+00
       485    0.0000000e+00
       486    0.0000000e+00
       487    0.0000000e+00
       488    0.0000000e+00
       489    0.0000000e+00
       490    0.0000000e+00
       491    0.0000000e+00
       492    0.0000000e+00
       493    0.0000000e+00
       494    0.0000000e+00
       495    0.0000000e+00
       496    0.0000000e+00
       497    0.0000000e+00
       498    0.0000000e+00
       499    0.0000000e+00
       500    0.0000000e+00
       501    0.0000000e+00
       502    0.0000000e+00
       503    0.0000000e+00
       504    0.0000000e+00
       505    0.0000000e+00
       506    0.0000000e+00
       507    0.0000000e+00
       508    0.0000000e+00
       509    0.0000000e+00
       510    0.0000000e+00
       511    0.0000000e+00
       512    0.0000000e+00
       513    0.0000000e+00
       514    0.0000000e+00
       515    0.0000000e+00
       516    0.0000000e+00
       517    0.0000000e+00
       518    0.0000000e+00
       519    0.0000000e+00
       520    0.0000000e+00
       521    0.0000000e+00
       522    0.0000000e+00
       523    0.0000000e+00
       524    0.0000000e+00
       525    0.0000000e+00
       526    0.0000000e+00
       527    0.0000000e+00
       528    0.0000000e+00
       529    0.0000000e+00
       530    0.0000000e+00
       531    0.0000000e+00
       532    0.0000000e+00
       533    0.0000000e+00
       534    0.0000000e+00
       535    0.0000000e+00
       536    0.0000000e+00
       537    0.0000000e+00
       538    0.0000000e+00
       539    0.0000000e+00
       540    0.0000000e+00
       541    0.0000000e+00
       542    0.0000000e+00
       543    0.0000000e+00
       544    0.0000000e+00
       545    0.0000000e+00
       546    0.0000000e+00
       547    0.0000000e+00
       548    0.0000000e+00
       549    0.0000000e+00
       550    0.0000000e+00
       551    0.0000000e+00
       552    0.0000000e+00
       553    0.0000000e+00
       554    0.0000000e+00
       555    0.0000000e+00
       556    0.0000000e+00
       557    0.0000000e+00
       558    0.0000000e+00
       559    0.0000000e+00
       560    0.0000000e+00
       561    0.0000000e+00
       562    0.0000000e+00
       563    0.0000000e+00
       564    0.0000000e+00
       565    0.0000000e+00
       566    0.0000000e+00
       567    0.0000000e+00
       568    0.0000000e+00
       569    0.0000000e+00
       570    0.0000000e+00
       571    0.0000000e+00
       572    0.0000000e+00
       573    0.0000000e+00
       574    0.0000000e+00
       575    0.0000000e+00
       576    0.0000000e+00
       577    0.0000000e+00
       578    0.0000000e+00
       579    0.0000000e+00
       580    0.0000000e+00
       581    0.0000000e+00
       582    0.0000000e+00
       583    0.0000000e+00
       584    0.0000000e+00
       585    0.0000000e+00
       586    0.0000000e+00
       587    0.0000000e+00
       588    0.0000000e+00
       589    0.0000000e+00
       590    0.0000000e+00
       591    0.0000000e+00
       592    0.0000000e+00
       593    0.0000000e+00
       594    0.0000000e+00
       595    0.0000000e+00
       596    0.0000000e+00
       597    0.0000000e+00
       598    0.0000000e+00
       599    0.0000000e+00
       600    0.0000000e+00
       601    0.0000000e+00
       602    0.0000000e+00
       603    0.0000000e+00
       604    0.0000000e+00
       605    0.0000000e+00
       606    0.0000000e+00
       607    0.0000000e+00
       608    0.0000000e+00
       609    0.0000000e+00
       610    0.0000000e+00
       611    0.0000000e+00
       612    0.0000000e+00
       613    0.0000000e+00
       614    0.0000000e+00
       615    0.0000000e+00
       616    0.0000000e+00
       617    0.0000000e+00
       618    0.0000000e+00
       619    0.0000000e+00
       620    0.0000000e+00
       621    0.0000000e+00
       622    0.0000000e+00
       623    0.0000000e+00
       624    0.0000000e+00
       625    0.0000000e+00
       626    0.0000000e+00
       627    0.0000000e+00
       628    0.0000000e+00
       629    0.0000000e+00
       630    0.0000000e+00
       631    0.0000000e+00
       632    0.0000000e+00
       633    0.0000000e+00
       634    0.0000000e+00
       635    0.0000000e+00
       636    0.0000000e+00
       637    0.0000000e+00
       638    0.0000000e+00
       639    0.0000000e+00
       640    0.0000000e+00
       641    0.0000000e+00
       642    0.0000000e+00
       643    0.0000000e+00
       644    0.0000000e+00
       645    0.0000000e+00
       646    0.0000000e+00
       647    0.0000000e+00
       648    0.0000000e+00
       649    0.0000000e+00
       650    0.0000000e+00
       651    0.0000000e+00
       652    0.0000000e+00
       653    0.0000000e+00
       654    0.0000000e+00
       655    0.0000000e+00
       656    0.0000000e+00
       657    0.0000000e+00
       658    0.0000000e+00
       659    0.0000000e+00
       660    0.0000000e+00
       661    0.0000000e+00
       662    0.0000000e+00
       663    0.0000000e+00
       664    0.0000000e+00
       665    0.0000000e+00
       666    0.0000000e+00
       667    0.0000000e+00
       668    0.0000000e+00
       669    0.0000000e+00
       670    0.0000000e+00
       671    0.0000000e+00
       672    0.0000000e+00
       673    0.0000000e+00
       674    0.0000000e+00
       675    0.0000000e+00
       676    0.0000000e+00
       677    0.0000000e+00
       678    0.0000000e+00
       679    0.0000000e+00
       680    0.0000000e+00
       681    0.0000000e+00
       682    0.0000000e+00
       683    0.0000000e+00
       684    0.0000000e+00
       685    0.0000000e+00
       686    0.0000000e+00
       687    0.0000000e+00
       688    0.0000000e+00
       689    0.0000000e+00
       690    0.0000000e+00
       691    0.0000000e+00
       692    0.0000000e+00
       693    0.0000000e+00
       694    0.0000000e+00
       695    0.0000000e+00
       696    0.0000000e+00
       697    0.0000000e+00
       698    0.0000000e+00
       699    0.0000000e+00
       700    0.0000000e+00
       701    0.0000000e+00
       702    0.0000000e+00
       703    0.0000000e+00
       704    0.0000000e+00
       705    0.0000000e+00
       706    0.0000000e+00
       707    0.0000000e+00
       708    0.0000000e+00
       709    0.0000000e+00
       710    0.0000000e+00
       711    0.0000000e+00
       712    0.0000000e+00
       713    0.0000000e+00
       714    0.0000000e+00
       715    0.0000000e+00
       716    0.0000000e+00
       717    0.0000000e+00
       718    0.0000000e+00
       719    0.0000000e+00
       720    0.0000000e+00
       721    0.0000000e+00
       722    0.0000000e+00
       723    0.0000000e+00
       724    0.0000000e+00
       725    0.0000000e+00
       726    0.0000000e+00
       727    0.0000000e+00
       728    0.0000000e+00
       729    0.0000000e+00
       730    0.0000000e+00
       731    0.0000000e+00
       732    0.0000000e+00
       733    0.0000000e+00
       734    0.0000000e+00
       735    0.0000000e+00
       736    0.0000000e+00
       737    0.0000000e+00
       738    0.0000000e+00
       739    0.0000000e+00
       740    0.0000000e+00
       741    0.0000000e+00
       742    0.0000000e+00
       743    0.0000000e+00
       744    0.0000000e+00
       745    0.0000000e+00
       746    0.0000000e+00
       747    0.0000000e+00
       748    0.0000000e+00
       749    0.0000000e+00
       750    0.0000000e+00
       751    0.0000000e+00
       752    0.0000000e+00
       753    0.0000000e+00
       754    0.0000000e+00
       755    0.0000000e+00
       756    0.0000000e+00
       757    0.0000000e+00
       758    0.0000000e+00
       759    0.0000000e+00
       760    0.0000000e+00
       761    0.0000000e+00
       762    0.0000000e+00
       763    0.0000000e+00
       764    0.0000000e+00
       765    0.0000000e+00
       766    0.0000000e+00
       767    0.0000000e+00
       768    0.0000000e+00
       769    0.0000000e+00
       770    0.0000000e+00
       771    0.0000000e+00
       772    0.0000000e+00
       773    0.0000000e+00
       774    0.0000000e+00
       775    0.0000000e+00
       776    0.0000000e+00
       777    0.0000000e+00
       778    0.0000000e+00
       779    0.0000000e+00
       780    0.0000000e+00
       781    0.0000000e+00
       782    0.0000000e+00
       783    0.0000000e+00
       784    0.0000000e+00
       785    0.0000000e+00
       786    0.0000000e+00
       787    0.0000000e+00
       788    0.0000000e+00
       789    0.0000000e+00
       790    0.0000000e+00
       791    0.0000000e+00
       792    0.0000000e+00
       793    0.0000000e+00
       794    0.0000000e+00
       795    0.0000000e+00
       796    0.0000000e+00
       797    0.0000000e+00
       798    0.0000000e+00
       799    0.0000000e+00
       800    0.0000000e+00
       801    0.0000000e+00
       802    0.0000000e+00
       803    0.0000000e+00
       804    0.0000000e+00
       805    0.0000000e+00
       806    0.0000000e+00
       807    0.0000000e+00
       808    0.0000000e+00
       809    0.0000000e+00
       810    0.0000000e+00
       811    0.0000000e+00
       812    0.0000000e+00
       813    0.0000000e+00
       814    0.0000000e+00
       815    0.0000000e+00
       816    0.0000000e+00
       817    0.0000000e+00
       818    0.0000000e+00
       819    0.0000000e+00
       820    0.0000000e+00
       821    0.0000000e+00
       822    0.0000000e+00
       823    0.0000000e+00
       824    0.0000000e+00
       825    0.0000000e+00
       826    0.0000000e+00
       827    0.0000000e+00
       828    0.0000000e+00
       829    0.0000000e+00
       830    0.0000000e+00
       831    0.0000000e+00
       832    0.0000000e+00
       833    0.0000000e+00
       834    0.0000000e+00
       835    0.0000000e+00
       836    0.0000000e+00
       837    0.0000000e+00
       838    0.0000000e+00
       839    0.0000000e+00
       840    0.0000000e+00
       841    0.0000000e+00
       842    0.0000000e+00
       843    0.0000000e+00
       844    0.0000000e+00
       845    0.0000000e+00
       846    0.0000000e+00
       847    0.0000000e+00
       848    0.0000000e+00
       849    0.0000000e+00
       850    0.0000000e+00
       851    0.0000000e+00
       852    0.0000000e+00
       853    0.0000000e+00
       854    0.0000000e+00
       855    0.0000000e+00
       856    0.0000000e+00
       857    0.0000000e+00
       858    0.0000000e+00
       859    0.0000000e+00
       860    0.0000000e+00
       861    0.0000000e+00
       862    0.0000000e+00
       863    0.0000000e+00
       864    0.0000000e+00
       865    0.0000000e+00
       866    0.0000000e+00
       867    0.0000000e+00
       868    0.0000000e+00
       869    0.0000000e+00
       870    0.0000000e+00
       871    0.0000000e+00
       872    0.0000000e+00
       873    0.0000000e+00
       874    0.0000000e+00
       875    0.0000000e+00
       876    0.0000000e+00
       877    0.0000000e+00
       878    0.0000000e+00
       879    0.0000000e+00
       880    0.0000000e+00
       881    0.0000000e+00
       882    0.0000000e+00
       883    0.0000000e+00
       884    0.0000000e+00
       885    0.0000000e+00
       886    0.0000000e+00
       887    0.0000000e+00
       888    0.0000000e+00
       889    0.0000000e+00
       890    0.0000000e+00
       891    0.0000000e+00
       892    0.0000000e+00
       893    0.0000000e+00
       894    0.0000000e+00
       895    0.0000000e+00
       896    0.0000000e+00
       897    0.0000000e+00
       898    0.0000000e+00
       899    0.0000000e+00
       900    0.0000000e+00
       901    0.0000000e+00
       902    0.0000000e+00
       903    0.0000000e+00
       904    0.0000000e+00
       905    0.0000000e+00
       906    0.0000000e+00
       907    0.0000000e+00
       908    0.0000000e+00
       909    0.0000000e+00
       910    0.0000000e+00
       911    0.0000000e+00
       912    0.0000000e+00
       913    0.0000000e+00
       914    0.0000000e+00
       915    0.0000000e+00
       916    0.0000000e+00
       917    0.0000000e+00
       918    0.0000000e+00
       919    0.0000000e+00
       920    0.0000000e+00
       921    0.0000000e+00
       922    0.0000000e+00
       923    0.0000000e+00
       924    0.0000000e+00
       925    0.0000000e+00
       926    0.0000000e+00
       927    0.0000000e+00
       928    0.0000000e+00
       929    0.0000000e+00
       930    0.0000000e+00
       931    0.0000000e+00
       932    0.0000000e+00
       933    0.0000000e+00
       934    0.0000000e+00
       935    0.0000000e+00
       936    0.0000000e+00
       937    0.0000000e+00
       938    0.0000000e+00
       939    0.0000000e+00
       940    0.0000000e+00
       941    0.0000000e+00
       942    0.0000000e+00
       943    0.0000000e+00
       944    0.0000000e+00
       945    0.0000000e+00
       946    0.0000000e+00
       947    0.0000000e+00
       948    0.0000000e+00
       949    0.0000000e+00
       950    0.0000000e+00
       951    0.0000000e+00
       952    0.0000000e+00
       953    0.0000000e+00
       954    0.0000000e+00
       955    0.0000000e+00
       956    0.0000000e+00
       957    0.0000000e+00
       958    0.0000000e+00
       959    0.0000000e+00
       960    0.0000000e+00
       961    0.0000000e+00
       962    0.0000000e+00
       963    0.0000000e+00
       964    0.0000000e+00
       965    0.0000000e+00
       966    0.0000000e+00
       967    0.0000000e+00
       968    0.0000000e+00
       969    0.0000000e+00
       970    0.0000000e+00
       971    0.0000000e+00
       972    0.0000000e+00
       973    0.0000000e+00
       974    0.0000000e+00
       975    0.0000000e+00
       976    0.0000000e+00
       977    0.0000000e+00
       978    0.0000000e+00
       979    0.0000000e+00
       980    0.0000000e+00
       981    0.0000000e+00
       982    0.0000000e+00
       983    0.0000000e+00
       984    0.0000000e+00
       985    0.0000000e+00
       986    0.0000000e+00
       987    0.0000000e+00
       988    0.0000000e+00
       989    0.0000000e+00
       990    0.0000000e+00
       991    0.0000000e+00
       992    0.0000000e+00
       993    0.0000000e+00
       994    0.0000000e+00
       995    0.0000000e+00
       996    0.0000000e+00
       997    0.0000000e+00
       998    0.0000000e+00
       999    0.0000000e+00
      1000    0.0000000e+00
      1001    0.0000000e+00
      1002    0.0000000e+00
      1003    0.0000000e+00
      1004    0.0000000e+00
      1005    0.0000000e+00
      1006    0.0000000e+00
      1007    0.0000000e+00
      1008    0.0000000e+00
      1009    0.0000000e+00
      1010    0.0000000e+00
      1011    0.0000000e+00
      1012    0.0000000e+00
      1013    0.0000000e+00
      1014    0.0000000e+00
      1015    0.0000000e+00
      1016    0.0000000e+00
      1017    0.0000000e+00
      1018    0.0000000e+00
      1019    0.0000000e+00
      1020    0.0000000e+00
      1021    0.0000000e+00
      1022    0.0000000e+00
      1023    0.0000000e+00
      1024    0.0000000e+00
