         1    9.9999905e-01
         2    9.9999905e-01
         3    9.9999905e-01
         4    9.9999905e-01
         5    9.9999905e-01
         6    9.9999905e-01
         7    9.9999905e-01
         8    9.9999905e-01
         9    9.9999905e-01
        10    9.9999905e-01
        11    9.9999905e-01
        12    9.9999905e-01
        13    9.9999905e-01
        14    9.9999905e-01
        15    9.9999905e-01
        16    9.9999905e-01
        17    9.9999905e-01
        18    9.9999905e-01
        19    9.9999905e-01
        20    9.9999905e-01
        21    9.9999905e-01
        22    9.9999905e-01
        23    9.9999905e-01
        24    9.9999905e-01
        25    9.9999905e-01
        26    9.9999905e-01
        27    9.9999905e-01
        28    9.9999905e-01
        29    9.9999905e-01
        30    9.9999905e-01
        31    9.9999905e-01
        32    9.9999905e-01
        33    9.9999905e-01
        34    9.9999905e-01
        35    9.9999905e-01
        36    9.9999905e-01
        37    9.9999905e-01
        38    9.9999905e-01
        39    9.9999905e-01
        40    9.9999905e-01
        41    9.9999905e-01
        42    9.9999905e-01
        43    9.9999905e-01
        44    9.9999899e-01
        45    9.9999887e-01
        46    9.9999869e-01
        47    9.9999845e-01
        48    9.9999809e-01
        49    9.9999750e-01
        50    9.9999678e-01
        51    9.9999583e-01
        52    9.9999458e-01
        53    9.9999291e-01
        54    9.9999076e-01
        55    9.9998784e-01
        56    9.9998409e-01
        57    9.9997914e-01
        58    9.9997258e-01
        59    9.9996406e-01
        60    9.9995279e-01
        61    9.9993801e-01
        62    9.9991864e-01
        63    9.9989313e-01
        64    9.9985963e-01
        65    9.9981564e-01
        66    9.9975783e-01
        67    9.9968189e-01
        68    9.9958205e-01
        69    9.9945092e-01
        70    9.9927855e-01
        71    9.9905199e-01
        72    9.9875426e-01
        73    9.9836314e-01
        74    9.9784929e-01
        75    9.9717438e-01
        76    9.9628812e-01
        77    9.9512494e-01
        78    9.9359906e-01
        79    9.9159902e-01
        80    9.8898023e-01
        81    9.8555583e-01
        82    9.8108625e-01
        83    9.7526628e-01
        84    9.6771163e-01
        85    9.5794529e-01
        86    9.4538623e-01
        87    9.2934597e-01
        88    9.0903759e-01
        89    8.8360912e-01
        90    8.5220945e-01
        91    8.1409806e-01
        92    7.6879829e-01
        93    7.1627951e-01
        94    6.5712780e-01
        95    5.9264380e-01
        96    5.2480465e-01
        97    4.5605811e-01
        98    3.8898328e-01
        99    3.2591185e-01
       100    2.6862404e-01
       101    2.1819676e-01
       102    1.7501393e-01
       103    1.3889372e-01
       104    1.0926732e-01
       105    8.5353412e-02
       106    6.6297695e-02
       107    5.1267814e-02
       108    3.9508164e-02
       109    3.0364631e-02
       110    2.3289546e-02
       111    1.7835306e-02
       112    1.3642508e-02
       113    1.0426350e-02
       114    7.9633491e-03
       115    6.0794256e-03
       116    4.6397303e-03
       117    3.5402409e-03
       118    2.7009631e-03
       119    2.0605254e-03
       120    1.5719269e-03
       121    1.1992194e-03
       122    9.1493479e-04
       123    6.9809961e-04
       124    5.3270761e-04
       125    4.0654765e-04
       126    3.1030650e-04
       127    2.3688193e-04
       128    1.8085846e-04
       129    1.3810687e-04
       130    1.0547865e-04
       131    8.0573038e-05
       132    6.1559294e-05
       133    4.7041256e-05
       134    3.5954079e-05
       135    2.7485519e-05
       136    2.1015931e-05
       137    1.6072543e-05
       138    1.2294594e-05
       139    9.4067509e-06
       140    7.1988516e-06
       141    5.5104497e-06
       142    4.2190359e-06
       143    3.2310509e-06
       144    2.4750314e-06
       145    1.8963818e-06
       146    1.4533853e-06
       147    1.1141591e-06
       148    8.5433186e-07
       149    6.5526996e-07
       150    5.0272365e-07
       151    3.8579338e-07
       152    2.9614014e-07
       153    2.2738273e-07
       154    1.7463674e-07
       155    1.3416270e-07
       156    1.0309696e-07
       157    7.9246000e-08
       158    6.0929203e-08
       159    4.6858613e-08
       160    3.6046885e-08
       161    2.7736959e-08
       162    2.1348184e-08
       163    1.6435077e-08
       164    1.2655778e-08
       165    9.7478621e-09
       166    7.5098328e-09
       167    5.7869283e-09
       168    4.4602504e-09
       169    3.4384260e-09
       170    2.6512164e-09
       171    2.0446131e-09
       172    1.5770770e-09
       173    1.2166491e-09
       174    9.3873564e-10
       175    7.2440465e-10
       176    5.5907939e-10
       177    4.3153323e-10
       178    3.3311751e-10
       179    2.5716798e-10
       180    1.9854837e-10
       181    1.5329897e-10
       182    1.1836659e-10
       183    9.1396467e-11
       184    7.0572131e-11
       185    5.4492154e-11
       186    4.2075059e-11
       187    3.2486180e-11
       188    2.5081234e-11
       189    1.9362819e-11
       190    1.4946889e-11
       191    1.1536890e-11
       192    8.9038039e-12
       193    6.8707540e-12
       194    5.3011306e-12
       195    4.0894141e-12
       196    3.1541002e-12
       197    2.4322324e-12
       198    1.8751812e-12
       199    1.4453848e-12
       200    1.1138309e-12
       201    8.5811252e-13
       202    6.6092460e-13
       203    5.0890428e-13
       204    3.9173333e-13
       205    3.0144561e-13
       206    2.3189174e-13
       207    1.7832545e-13
       208    1.3708412e-13
       209    1.0534179e-13
       210    8.0918548e-14
       211    6.2133140e-14
       212    4.7689249e-14
       213    3.6587592e-14
       214    2.8058049e-14
       215    2.1507288e-14
       216    1.6478308e-14
       217    1.2619223e-14
       218    9.6591724e-15
       219    7.3897348e-15
       220    5.6505890e-15
       221    4.3184590e-15
       222    3.2985911e-15
       223    2.5181817e-15
       224    1.9213168e-15
       225    1.4650707e-15
       226    1.1165039e-15
       227    8.5035120e-16
       228    6.4724292e-16
       229    4.9233589e-16
       230    3.7426175e-16
       231    2.8431743e-16
       232    2.1584409e-16
       233    1.6374944e-16
       234    1.2414152e-16
       235    9.4047292e-17
       236    7.1197070e-17
       237    5.3859096e-17
       238    4.0712864e-17
       239    3.0752080e-17
       240    2.3210380e-17
       241    1.7504492e-17
       242    1.3190796e-17
       243    9.9321090e-18
       244    7.4723228e-18
       245    5.6170498e-18
       246    4.2188519e-18
       247    3.1659825e-18
       248    2.3738100e-18
       249    1.7782857e-18
       250    1.3309764e-18
       251    9.9528491e-19
       252    7.4358036e-19
       253    5.5501798e-19
       254    4.1388538e-19
       255    3.0834881e-19
       256    2.2950338e-19
       257    1.7065381e-19
       258    1.2677055e-19
       259    9.4078825e-20
       260    6.9748063e-20
       261    5.1657675e-20
       262    3.8220452e-20
       263    2.8249504e-20
       264    2.0858151e-20
       265    1.5384619e-20
       266    1.1335474e-20
       267    8.3431634e-21
       268    6.1341743e-21
       269    4.5051790e-21
       270    3.3051781e-21
       271    2.4221496e-21
       272    1.7730738e-21
       273    1.2964892e-21
       274    9.4694308e-22
       275    6.9085737e-22
       276    5.0345325e-22
       277    3.6646542e-22
       278    2.6644450e-22
       279    1.9349840e-22
       280    1.4035952e-22
       281    1.0169445e-22
       282    7.3593711e-23
       283    5.3194822e-23
       284    3.8404349e-23
       285    2.7693082e-23
       286    1.9945239e-23
       287    1.4347682e-23
       288    1.0308518e-23
       289    7.3974201e-24
       290    5.3018986e-24
       291    3.7953108e-24
       292    2.7134742e-24
       293    1.9376005e-24
       294    1.3818497e-24
       295    9.8426757e-25
       296    7.0019545e-25
       297    4.9748157e-25
       298    3.5300791e-25
       299    2.5017247e-25
       300    1.7706809e-25
       301    1.2516560e-25
       302    8.8363262e-26
       303    6.2301529e-26
       304    4.3869649e-26
       305    3.0850797e-26
       306    2.1667243e-26
       307    1.5197578e-26
       308    1.0645767e-26
       309    7.4474879e-27
       310    5.2032102e-27
       311    3.6304477e-27
       312    2.5297336e-27
       313    1.7604096e-27
       314    1.2234200e-27
       315    8.4910043e-28
       316    5.8852201e-28
       317    4.0736649e-28
       318    2.8159539e-28
       319    1.9439369e-28
       320    1.3401516e-28
       321    9.2265556e-29
       322    6.3436335e-29
       323    4.3556022e-29
       324    2.9865435e-29
       325    2.0450261e-29
       326    1.3984185e-29
       327    9.5495476e-30
       328    6.5123034e-30
       329    4.4349807e-30
       330    3.0161505e-30
       331    2.0484133e-30
       332    1.3892629e-30
       333    9.4091994e-31
       334    6.3638711e-31
       335    4.2982299e-31
       336    2.8990561e-31
       337    1.9526366e-31
       338    1.3133582e-31
       339    8.8214738e-32
       340    5.9169031e-32
       341    3.9631663e-32
       342    2.6508426e-32
       343    1.7705925e-32
       344    1.1809881e-32
       345    7.8661819e-33
       346    5.2320658e-33
       347    3.4751422e-33
       348    2.3049490e-33
       349    1.5266476e-33
       350    1.0097278e-33
       351    6.6689468e-34
       352    4.3984221e-34
       353    2.8968277e-34
       354    1.9051706e-34
       355    1.2512093e-34
       356    8.2055997e-35
       357    5.3737122e-35
       358    3.5141599e-35
       359    2.2948334e-35
       360    1.4964519e-35
       361    9.7444148e-36
       362    6.3362101e-36
       363    4.1141843e-36
       364    2.6675814e-36
       365    1.7271534e-36
       366    1.1166649e-36
       367    7.2092999e-37
       368    4.6477317e-37
       369    2.9920323e-37
       370    1.9233942e-37
       371    1.2346578e-37
       372    7.9140870e-38
       373    5.0655942e-38
       374    3.2376872e-38
       375    2.0663973e-38
       376    1.3169425e-38
       377    8.3809531e-39
       378    5.3259011e-39
       379    3.3796026e-39
       380    2.1414615e-39
       381    1.3549603e-39
       382    8.5607986e-40
       383    5.4009826e-40
       384    3.4025208e-40
       385    2.1404133e-40
       386    1.3445179e-40
       387    8.4332944e-41
       388    5.2819143e-41
       389    3.3032809e-41
       390    2.0628515e-41
       391    1.2863920e-41
       392    8.0084207e-42
       393    4.9788134e-42
       394    3.0898631e-42
       395    1.9141737e-42
       396    1.1840972e-42
       397    7.3007650e-43
       398    4.4981681e-43
       399    2.7605580e-43
       400    1.6815582e-43
       401    1.0229479e-43
       402    6.1657132e-44
       403    3.6433760e-44
       404    2.1019477e-44
       405    9.8090893e-45
       406    4.2038954e-45
       407    0.0000000e+00
       408    0.0000000e+00
       409    0.0000000e+00
       410    0.0000000e+00
       411    0.0000000e+00
       412    0.0000000e+00
       413    0.0000000e+00
       414    0.0000000e+00
       415    0.0000000e+00
       416    0.0000000e+00
       417    0.0000000e+00
       418    0.0000000e+00
       419    0.0000000e+00
       420    0.0000000e+00
       421    0.0000000e+00
       422    0.0000000e+00
       423    0.0000000e+00
       424    0.0000000e+00
       425    0.0000000e+00
       426    0.0000000e+00
       427    0.0000000e+00
       428    0.0000000e+00
       429    0.0000000e+00
       430    0.0000000e+00
       431    0.0000000e+00
       432    0.0000000e+00
       433    0.0000000e+00
       434    0.0000000e+00
       435    0.0000000e+00
       436    0.0000000e+00
       437    0.0000000e+00
       438    0.0000000e+00
       439    0.0000000e+00
       440    0.0000000e+00
       441    0.0000000e+00
       442    0.0000000e+00
       443    0.0000000e+00
       444    0.0000000e+00
       445    0.0000000e+00
       446    0.0000000e+00
       447    0.0000000e+00
       448    0.0000000e+00
       449    0.0000000e+00
       450    0.0000000e+00
       451    0.0000000e+00
       452    0.0000000e+00
       453    0.0000000e+00
       454    0.0000000e+00
       455    0.0000000e+00
       456    0.0000000e+00
       457    0.0000000e+00
       458    0.0000000e+00
       459    0.0000000e+00
       460    0.0000000e+00
       461    0.0000000e+00
       462    0.0000000e+00
       463    0.0000000e+00
       464    0.0000000e+00
       465    0.0000000e+00
       466    0.0000000e+00
       467    0.0000000e+00
       468    0.0000000e+00
       469    0.0000000e+00
       470    0.0000000e+00
       471    0.0000000e+00
       472    0.0000000e+00
       473    0.0000000e+00
       474    0.0000000e+00
       475    0.0000000e+00
       476    0.0000000e+00
       477    0.0000000e+00
       478    0.0000000e+00
       479    0.0000000e+00
       480    0.0000000e+00
       481    0.0000000e+00
       482    0.0000000e+00
       483    0.0000000e+00
       484    0.0000000e+00
       485    0.0000000e+00
       486    0.0000000e+00
       487    0.0000000e+00
       488    0.0000000e+00
       489    0.0000000e+00
       490    0.0000000e+00
       491    0.0000000e+00
       492    0.0000000e+00
       493    0.0000000e+00
       494    0.0000000e+00
       495    0.0000000e+00
       496    0.0000000e+00
       497    0.0000000e+00
       498    0.0000000e+00
       499    0.0000000e+00
       500    0.0000000e+00
       501    0.0000000e+00
       502    0.0000000e+00
       503    0.0000000e+00
       504    0.0000000e+00
       505    0.0000000e+00
       506    0.0000000e+00
       507    0.0000000e+00
       508    0.0000000e+00
       509    0.0000000e+00
       510    0.0000000e+00
       511    0.0000000e+00
       512    0.0000000e+00
       513    0.0000000e+00
       514    0.0000000e+00
       515    0.0000000e+00
       516    0.0000000e+00
       517    0.0000000e+00
       518    0.0000000e+00
       519    0.0000000e+00
       520    0.0000000e+00
       521    0.0000000e+00
       522    0.0000000e+00
       523    0.0000000e+00
       524    0.0000000e+00
       525    0.0000000e+00
       526    0.0000000e+00
       527    0.0000000e+00
       528    0.0000000e+00
       529    0.0000000e+00
       530    0.0000000e+00
       531    0.0000000e+00
       532    0.0000000e+00
       533    0.0000000e+00
       534    0.0000000e+00
       535    0.0000000e+00
       536    0.0000000e+00
       537    0.0000000e+00
       538    0.0000000e+00
       539    0.0000000e+00
       540    0.0000000e+00
       541    0.0000000e+00
       542    0.0000000e+00
       543    0.0000000e+00
       544    0.0000000e+00
       545    0.0000000e+00
       546    0.0000000e+00
       547    0.0000000e+00
       548    0.0000000e+00
       549    0.0000000e+00
       550    0.0000000e+00
       551    0.0000000e+00
       552    0.0000000e+00
       553    0.0000000e+00
       554    0.0000000e+00
       555    0.0000000e+00
       556    0.0000000e+00
       557    0.0000000e+00
       558    0.0000000e+00
       559    0.0000000e+00
       560    0.0000000e+00
       561    0.0000000e+00
       562    0.0000000e+00
       563    0.0000000e+00
       564    0.0000000e+00
       565    0.0000000e+00
       566    0.0000000e+00
       567    0.0000000e+00
       568    0.0000000e+00
       569    0.0000000e+00
       570    0.0000000e+00
       571    0.0000000e+00
       572    0.0000000e+00
       573    0.0000000e+00
       574    0.0000000e+00
       575    0.0000000e+00
       576    0.0000000e+00
       577    0.0000000e+00
       578    0.0000000e+00
       579    0.0000000e+00
       580    0.0000000e+00
       581    0.0000000e+00
       582    0.0000000e+00
       583    0.0000000e+00
       584    0.0000000e+00
       585    0.0000000e+00
       586    0.0000000e+00
       587    0.0000000e+00
       588    0.0000000e+00
       589    0.0000000e+00
       590    0.0000000e+00
       591    0.0000000e+00
       592    0.0000000e+00
       593    0.0000000e+00
       594    0.0000000e+00
       595    0.0000000e+00
       596    0.0000000e+00
       597    0.0000000e+00
       598    0.0000000e+00
       599    0.0000000e+00
       600    0.0000000e+00
       601    0.0000000e+00
       602    0.0000000e+00
       603    0.0000000e+00
       604    0.0000000e+00
       605    0.0000000e+00
       606    0.0000000e+00
       607    0.0000000e+00
       608    0.0000000e+00
       609    0.0000000e+00
       610    0.0000000e+00
       611    0.0000000e+00
       612    0.0000000e+00
       613    0.0000000e+00
       614    0.0000000e+00
       615    0.0000000e+00
       616    0.0000000e+00
       617    0.0000000e+00
       618    0.0000000e+00
       619    0.0000000e+00
       620    0.0000000e+00
       621    0.0000000e+00
       622    0.0000000e+00
       623    0.0000000e+00
       624    0.0000000e+00
       625    0.0000000e+00
       626    0.0000000e+00
       627    0.0000000e+00
       628    0.0000000e+00
       629    0.0000000e+00
       630    0.0000000e+00
       631    0.0000000e+00
       632    0.0000000e+00
       633    0.0000000e+00
       634    0.0000000e+00
       635    0.0000000e+00
       636    0.0000000e+00
       637    0.0000000e+00
       638    0.0000000e+00
       639    0.0000000e+00
       640    0.0000000e+00
       641    0.0000000e+00
       642    0.0000000e+00
       643    0.0000000e+00
       644    0.0000000e+00
       645    0.0000000e+00
       646    0.0000000e+00
       647    0.0000000e+00
       648    0.0000000e+00
       649    0.0000000e+00
       650    0.0000000e+00
       651    0.0000000e+00
       652    0.0000000e+00
       653    0.0000000e+00
       654    0.0000000e+00
       655    0.0000000e+00
       656    0.0000000e+00
       657    0.0000000e+00
       658    0.0000000e+00
       659    0.0000000e+00
       660    0.0000000e+00
       661    0.0000000e+00
       662    0.0000000e+00
       663    0.0000000e+00
       664    0.0000000e+00
       665    0.0000000e+00
       666    0.0000000e+00
       667    0.0000000e+00
       668    0.0000000e+00
       669    0.0000000e+00
       670    0.0000000e+00
       671    0.0000000e+00
       672    0.0000000e+00
       673    0.0000000e+00
       674    0.0000000e+00
       675    0.0000000e+00
       676    0.0000000e+00
       677    0.0000000e+00
       678    0.0000000e+00
       679    0.0000000e+00
       680    0.0000000e+00
       681    0.0000000e+00
       682    0.0000000e+00
       683    0.0000000e+00
       684    0.0000000e+00
       685    0.0000000e+00
       686    0.0000000e+00
       687    0.0000000e+00
       688    0.0000000e+00
       689    0.0000000e+00
       690    0.0000000e+00
       691    0.0000000e+00
       692    0.0000000e+00
       693    0.0000000e+00
       694    0.0000000e+00
       695    0.0000000e+00
       696    0.0000000e+00
       697    0.0000000e+00
       698    0.0000000e+00
       699    0.0000000e+00
       700    0.0000000e+00
       701    0.0000000e+00
       702    0.0000000e+00
       703    0.0000000e+00
       704    0.0000000e+00
       705    0.0000000e+00
       706    0.0000000e+00
       707    0.0000000e+00
       708    0.0000000e+00
       709    0.0000000e+00
       710    0.0000000e+00
       711    0.0000000e+00
       712    0.0000000e+00
       713    0.0000000e+00
       714    0.0000000e+00
       715    0.0000000e+00
       716    0.0000000e+00
       717    0.0000000e+00
       718    0.0000000e+00
       719    0.0000000e+00
       720    0.0000000e+00
       721    0.0000000e+00
       722    0.0000000e+00
       723    0.0000000e+00
       724    0.0000000e+00
       725    0.0000000e+00
       726    0.0000000e+00
       727    0.0000000e+00
       728    0.0000000e+00
       729    0.0000000e+00
       730    0.0000000e+00
       731    0.0000000e+00
       732    0.0000000e+00
       733    0.0000000e+00
       734    0.0000000e+00
       735    0.0000000e+00
       736    0.0000000e+00
       737    0.0000000e+00
       738    0.0000000e+00
       739    0.0000000e+00
       740    0.0000000e+00
       741    0.0000000e+00
       742    0.0000000e+00
       743    0.0000000e+00
       744    0.0000000e+00
       745    0.0000000e+00
       746    0.0000000e+00
       747    0.0000000e+00
       748    0.0000000e+00
       749    0.0000000e+00
       750    0.0000000e+00
       751    0.0000000e+00
       752    0.0000000e+00
       753    0.0000000e+00
       754    0.0000000e+00
       755    0.0000000e+00
       756    0.0000000e+00
       757    0.0000000e+00
       758    0.0000000e+00
       759    0.0000000e+00
       760    0.0000000e+00
       761    0.0000000e+00
       762    0.0000000e+00
       763    0.0000000e+00
       764    0.0000000e+00
       765    0.0000000e+00
       766    0.0000000e+00
       767    0.0000000e+00
       768    0.0000000e+00
       769    0.0000000e+00
       770    0.0000000e+00
       771    0.0000000e+00
       772    0.0000000e+00
       773    0.0000000e+00
       774    0.0000000e+00
       775    0.0000000e+00
       776    0.0000000e+00
       777    0.0000000e+00
       778    0.0000000e+00
       779    0.0000000e+00
       780    0.0000000e+00
       781    0.0000000e+00
       782    0.0000000e+00
       783    0.0000000e+00
       784    0.0000000e+00
       785    0.0000000e+00
       786    0.0000000e+00
       787    0.0000000e+00
       788    0.0000000e+00
       789    0.0000000e+00
       790    0.0000000e+00
       791    0.0000000e+00
       792    0.0000000e+00
       793    0.0000000e+00
       794    0.0000000e+00
       795    0.0000000e+00
       796    0.0000000e+00
       797    0.0000000e+00
       798    0.0000000e+00
       799    0.0000000e+00
       800    0.0000000e+00
       801    0.0000000e+00
       802    0.0000000e+00
       803    0.0000000e+00
       804    0.0000000e+00
       805    0.0000000e+00
       806    0.0000000e+00
       807    0.0000000e+00
       808    0.0000000e+00
       809    0.0000000e+00
       810    0.0000000e+00
       811    0.0000000e+00
       812    0.0000000e+00
       813    0.0000000e+00
       814    0.0000000e+00
       815    0.0000000e+00
       816    0.0000000e+00
       817    0.0000000e+00
       818    0.0000000e+00
       819    0.0000000e+00
       820    0.0000000e+00
       821    0.0000000e+00
       822    0.0000000e+00
       823    0.0000000e+00
       824    0.0000000e+00
       825    0.0000000e+00
       826    0.0000000e+00
       827    0.0000000e+00
       828    0.0000000e+00
       829    0.0000000e+00
       830    0.0000000e+00
       831    0.0000000e+00
       832    0.0000000e+00
       833    0.0000000e+00
       834    0.0000000e+00
       835    0.0000000e+00
       836    0.0000000e+00
       837    0.0000000e+00
       838    0.0000000e+00
       839    0.0000000e+00
       840    0.0000000e+00
       841    0.0000000e+00
       842    0.0000000e+00
       843    0.0000000e+00
       844    0.0000000e+00
       845    0.0000000e+00
       846    0.0000000e+00
       847    0.0000000e+00
       848    0.0000000e+00
       849    0.0000000e+00
       850    0.0000000e+00
       851    0.0000000e+00
       852    0.0000000e+00
       853    0.0000000e+00
       854    0.0000000e+00
       855    0.0000000e+00
       856    0.0000000e+00
       857    0.0000000e+00
       858    0.0000000e+00
       859    0.0000000e+00
       860    0.0000000e+00
       861    0.0000000e+00
       862    0.0000000e+00
       863    0.0000000e+00
       864    0.0000000e+00
       865    0.0000000e+00
       866    0.0000000e+00
       867    0.0000000e+00
       868    0.0000000e+00
       869    0.0000000e+00
       870    0.0000000e+00
       871    0.0000000e+00
       872    0.0000000e+00
       873    0.0000000e+00
       874    0.0000000e+00
       875    0.0000000e+00
       876    0.0000000e+00
       877    0.0000000e+00
       878    0.0000000e+00
       879    0.0000000e+00
       880    0.0000000e+00
       881    0.0000000e+00
       882    0.0000000e+00
       883    0.0000000e+00
       884    0.0000000e+00
       885    0.0000000e+00
       886    0.0000000e+00
       887    0.0000000e+00
       888    0.0000000e+00
       889    0.0000000e+00
       890    0.0000000e+00
       891    0.0000000e+00
       892    0.0000000e+00
       893    0.0000000e+00
       894    0.0000000e+00
       895    0.0000000e+00
       896    0.0000000e+00
       897    0.0000000e+00
       898    0.0000000e+00
       899    0.0000000e+00
       900    0.0000000e+00
       901    0.0000000e+00
       902    0.0000000e+00
       903    0.0000000e+00
       904    0.0000000e+00
       905    0.0000000e+00
       906    0.0000000e+00
       907    0.0000000e+00
       908    0.0000000e+00
       909    0.0000000e+00
       910    0.0000000e+00
       911    0.0000000e+00
       912    0.0000000e+00
       913    0.0000000e+00
       914    0.0000000e+00
       915    0.0000000e+00
       916    0.0000000e+00
       917    0.0000000e+00
       918    0.0000000e+00
       919    0.0000000e+00
       920    0.0000000e+00
       921    0.0000000e+00
       922    0.0000000e+00
       923    0.0000000e+00
       924    0.0000000e+00
       925    0.0000000e+00
       926    0.0000000e+00
       927    0.0000000e+00
       928    0.0000000e+00
       929    0.0000000e+00
       930    0.0000000e+00
       931    0.0000000e+00
       932    0.0000000e+00
       933    0.0000000e+00
       934    0.0000000e+00
       935    0.0000000e+00
       936    0.0000000e+00
       937    0.0000000e+00
       938    0.0000000e+00
       939    0.0000000e+00
       940    0.0000000e+00
       941    0.0000000e+00
       942    0.0000000e+00
       943    0.0000000e+00
       944    0.0000000e+00
       945    0.0000000e+00
       946    0.0000000e+00
       947    0.0000000e+00
       948    0.0000000e+00
       949    0.0000000e+00
       950    0.0000000e+00
       951    0.0000000e+00
       952    0.0000000e+00
       953    0.0000000e+00
       954    0.0000000e+00
       955    0.0000000e+00
       956    0.0000000e+00
       957    0.0000000e+00
       958    0.0000000e+00
       959    0.0000000e+00
       960    0.0000000e+00
       961    0.0000000e+00
       962    0.0000000e+00
       963    0.0000000e+00
       964    0.0000000e+00
       965    0.0000000e+00
       966    0.0000000e+00
       967    0.0000000e+00
       968    0.0000000e+00
       969    0.0000000e+00
       970    0.0000000e+00
       971    0.0000000e+00
       972    0.0000000e+00
       973    0.0000000e+00
       974    0.0000000e+00
       975    0.0000000e+00
       976    0.0000000e+00
       977    0.0000000e+00
       978    0.0000000e+00
       979    0.0000000e+00
       980    0.0000000e+00
       981    0.0000000e+00
       982    0.0000000e+00
       983    0.0000000e+00
       984    0.0000000e+00
       985    0.0000000e+00
       986    0.0000000e+00
       987    0.0000000e+00
       988    0.0000000e+00
       989    0.0000000e+00
       990    0.0000000e+00
       991    0.0000000e+00
       992    0.0000000e+00
       993    0.0000000e+00
       994    0.0000000e+00
       995    0.0000000e+00
       996    0.0000000e+00
       997    0.0000000e+00
       998    0.0000000e+00
       999    0.0000000e+00
      1000    0.0000000e+00
      1001    0.0000000e+00
      1002    0.0000000e+00
      1003    0.0000000e+00
      1004    0.0000000e+00
      1005    0.0000000e+00
      1006    0.0000000e+00
      1007    0.0000000e+00
      1008    0.0000000e+00
      1009    0.0000000e+00
      1010    0.0000000e+00
      1011    0.0000000e+00
      1012    0.0000000e+00
      1013    0.0000000e+00
      1014    0.0000000e+00
      1015    0.0000000e+00
      1016    0.0000000e+00
      1017    0.0000000e+00
      1018    0.0000000e+00
      1019    0.0000000e+00
      1020    0.0000000e+00
      1021    0.0000000e+00
      1022    0.0000000e+00
      1023    0.0000000e+00
      1024    0.0000000e+00
