         1    9.9999905e-01
         2    9.9999905e-01
         3    9.9999905e-01
         4    9.9999905e-01
         5    9.9999905e-01
         6    9.9999905e-01
         7    9.9999905e-01
         8    9.9999905e-01
         9    9.9999905e-01
        10    9.9999905e-01
        11    9.9999905e-01
        12    9.9999905e-01
        13    9.9999905e-01
        14    9.9999905e-01
        15    9.9999905e-01
        16    9.9999905e-01
        17    9.9999899e-01
        18    9.9999887e-01
        19    9.9999869e-01
        20    9.9999851e-01
        21    9.9999815e-01
        22    9.9999768e-01
        23    9.9999702e-01
        24    9.9999619e-01
        25    9.9999505e-01
        26    9.9999356e-01
        27    9.9999166e-01
        28    9.9998915e-01
        29    9.9998587e-01
        30    9.9998158e-01
        31    9.9997598e-01
        32    9.9996859e-01
        33    9.9995899e-01
        34    9.9994642e-01
        35    9.9993002e-01
        36    9.9990851e-01
        37    9.9988031e-01
        38    9.9984336e-01
        39    9.9979490e-01
        40    9.9973148e-01
        41    9.9964827e-01
        42    9.9953926e-01
        43    9.9939620e-01
        44    9.9920863e-01
        45    9.9896252e-01
        46    9.9863976e-01
        47    9.9821633e-01
        48    9.9766093e-01
        49    9.9693251e-01
        50    9.9597746e-01
        51    9.9472558e-01
        52    9.9308574e-01
        53    9.9093914e-01
        54    9.8813212e-01
        55    9.8446667e-01
        56    9.7968930e-01
        57    9.7347826e-01
        58    9.6542960e-01
        59    9.5504445e-01
        60    9.4171900e-01
        61    9.2474329e-01
        62    9.0331542e-01
        63    8.7658113e-01
        64    8.4370923e-01
        65    8.0401069e-01
        66    7.5709969e-01
        67    7.0307589e-01
        68    6.4268255e-01
        69    5.7737762e-01
        70    5.0925785e-01
        71    4.4081923e-01
        72    3.7460217e-01
        73    3.1282306e-01
        74    2.5710291e-01
        75    2.0835394e-01
        76    1.6682076e-01
        77    1.3222334e-01
        78    1.0393693e-01
        79    8.1159420e-02
        80    6.3040137e-02
        81    4.8764713e-02
        82    3.7602216e-02
        83    2.8924717e-02
        84    2.2209238e-02
        85    1.7029924e-02
        86    1.3045695e-02
        87    9.9867163e-03
        88    7.6414682e-03
        89    5.8452808e-03
        90    4.4706180e-03
        91    3.4190796e-03
        92    2.6149678e-03
        93    2.0001708e-03
        94    1.5301486e-03
        95    1.1708024e-03
        96    8.9604774e-04
        97    6.8594230e-04
        98    5.2524515e-04
        99    4.0231115e-04
       100    3.0824338e-04
       101    2.3624474e-04
       102    1.8112204e-04
       103    1.3890714e-04
       104    1.0656745e-04
       105    8.1784936e-05
       106    6.2787360e-05
       107    4.8219441e-05
       108    3.7044480e-05
       109    2.8469252e-05
       110    2.1886643e-05
       111    1.6831840e-05
       112    1.2948864e-05
       113    9.9649969e-06
       114    7.6712377e-06
       115    5.9073559e-06
       116    4.5504739e-06
       117    3.5063208e-06
       118    2.7025490e-06
       119    2.0836135e-06
       120    1.6068556e-06
       121    1.2395003e-06
       122    9.5635710e-07
       123    7.3805779e-07
       124    5.6970543e-07
       125    4.3983786e-07
       126    3.3963255e-07
       127    2.6229648e-07
       128    2.0259741e-07
       129    1.5650389e-07
       130    1.2090874e-07
       131    9.3416332e-08
       132    7.2179162e-08
       133    5.5771952e-08
       134    4.3094918e-08
       135    3.3299187e-08
       136    2.5729404e-08
       137    1.9879508e-08
       138    1.5358637e-08
       139    1.1864850e-08
       140    9.1648600e-09
       141    7.0784005e-09
       142    5.4661542e-09
       143    4.2204422e-09
       144    3.2580327e-09
       145    2.5145861e-09
       146    1.9403652e-09
       147    1.4969207e-09
       148    1.1545297e-09
       149    8.9021529e-10
       150    6.8621697e-10
       151    5.2880716e-10
       152    4.0737616e-10
       153    3.1372521e-10
       154    2.4151933e-10
       155    1.8586443e-10
       156    1.4298016e-10
       157    1.0994705e-10
       158    8.4510947e-11
       159    6.4931747e-11
       160    4.9866535e-11
       161    3.8279154e-11
       162    2.9370381e-11
       163    2.2523915e-11
       164    1.7264665e-11
       165    1.3226505e-11
       166    1.0127387e-11
       167    7.7501044e-12
       168    5.9274499e-12
       169    4.5307564e-12
       170    3.4610518e-12
       171    2.6422382e-12
       172    2.0158311e-12
       173    1.5369022e-12
       174    1.1709539e-12
       175    8.9150974e-13
       176    6.7826029e-13
       177    5.1563425e-13
       178    3.9169961e-13
       179    2.9731808e-13
       180    2.2549509e-13
       181    1.7087991e-13
       182    1.2938194e-13
       183    9.7875823e-14
       184    7.3975304e-14
       185    5.5859614e-14
       186    4.2140462e-14
       187    3.1760046e-14
       188    2.3912975e-14
       189    1.7986516e-14
       190    1.3514864e-14
       191    1.0144200e-14
       192    7.6059908e-15
       193    5.6966028e-15
       194    4.2617573e-15
       195    3.1846711e-15
       196    2.3770275e-15
       197    1.7720998e-15
       198    1.3195240e-15
       199    9.8132409e-16
       200    7.2889451e-16
       201    5.4071073e-16
       202    4.0059431e-16
       203    2.9639800e-16
       204    2.1901211e-16
       205    1.6161250e-16
       206    1.1909336e-16
       207    8.7639111e-17
       208    6.4401834e-17
       209    4.7258582e-17
       210    3.4628824e-17
       211    2.5337401e-17
       212    1.8511702e-17
       213    1.3504656e-17
       214    9.8370908e-18
       215    7.1546623e-18
       216    5.1957022e-18
       217    3.7672597e-18
       218    2.7272620e-18
       219    1.9712512e-18
       220    1.4225415e-18
       221    1.0249200e-18
       222    7.3724426e-19
       223    5.2944848e-19
       224    3.7959592e-19
       225    2.7170626e-19
       226    1.9415696e-19
       227    1.3850854e-19
       228    9.8642833e-20
       229    7.0131843e-20
       230    4.9776139e-20
       231    3.5267847e-20
       232    2.4945037e-20
       233    1.7612969e-20
       234    1.2414243e-20
       235    8.7346024e-21
       236    6.1347575e-21
       237    4.3010981e-21
       238    3.0101300e-21
       239    2.1028662e-21
       240    1.4664089e-21
       241    1.0207330e-21
       242    7.0921791e-22
       243    4.9187469e-22
       244    3.4051281e-22
       245    2.3529550e-22
       246    1.6229011e-22
       247    1.1172902e-22
       248    7.6777257e-23
       249    5.2661016e-23
       250    3.6052325e-23
       251    2.4635549e-23
       252    1.6802488e-23
       253    1.1438392e-23
       254    7.7720233e-24
       255    5.2708242e-24
       256    3.5677643e-24
       257    2.4103763e-24
       258    1.6253333e-24
       259    1.0938730e-24
       260    7.3477813e-25
       261    4.9261593e-25
       262    3.2962622e-25
       263    2.2013758e-25
       264    1.4673173e-25
       265    9.7613408e-26
       266    6.4811012e-26
       267    4.2947745e-26
       268    2.8404197e-26
       269    1.8748806e-26
       270    1.2351287e-26
       271    8.1207606e-27
       272    5.3287531e-27
       273    3.4897754e-27
       274    2.2809243e-27
       275    1.4878681e-27
       276    9.6862759e-28
       277    6.2934195e-28
       278    4.0808698e-28
       279    2.6409105e-28
       280    1.7056436e-28
       281    1.0993991e-28
       282    7.0721863e-29
       283    4.5402745e-29
       284    2.9089718e-29
       285    1.8600505e-29
       286    1.1869617e-29
       287    7.5591735e-30
       288    4.8043714e-30
       289    3.0473504e-30
       290    1.9289936e-30
       291    1.2185988e-30
       292    7.6826544e-31
       293    4.8337202e-31
       294    3.0350817e-31
       295    1.9018536e-31
       296    1.1893252e-31
       297    7.4223282e-32
       298    4.6226900e-32
       299    2.8731853e-32
       300    1.7821567e-32
       301    1.1031656e-32
       302    6.8147081e-33
       303    4.2011169e-33
       304    2.5845943e-33
       305    1.5868263e-33
       306    9.7224339e-34
       307    5.9446797e-34
       308    3.6273462e-34
       309    2.2087975e-34
       310    1.3422346e-34
       311    8.1396521e-35
       312    4.9259217e-35
       313    2.9749018e-35
       314    1.7929189e-35
       315    1.0783279e-35
       316    6.4720592e-36
       317    3.8764570e-36
       318    2.3170087e-36
       319    1.3820377e-36
       320    8.2264220e-37
       321    4.8865277e-37
       322    2.8965927e-37
       323    1.7134504e-37
       324    1.0114679e-37
       325    5.9583838e-38
       326    3.5026770e-38
       327    2.0547848e-38
       328    1.2028921e-38
       329    7.0271699e-39
       330    4.0966344e-39
       331    2.3832317e-39
       332    1.3835566e-39
       333    8.0152731e-40
       334    4.6337157e-40
       335    2.6731870e-40
       336    1.5389340e-40
       337    8.8409321e-41
       338    5.0682163e-41
       339    2.8992865e-41
       340    1.6550736e-41
       341    9.4265348e-42
       342    5.3585653e-42
       343    3.0380151e-42
       344    1.7179919e-42
       345    9.6969854e-43
       346    5.4510510e-43
       347    3.0548307e-43
       348    1.7095841e-43
       349    9.3886997e-44
       350    5.1848043e-44
       351    2.6624671e-44
       352    1.4012985e-44
       353    5.6051939e-45
       354    1.4012985e-45
       355    0.0000000e+00
       356    0.0000000e+00
       357    0.0000000e+00
       358    0.0000000e+00
       359    0.0000000e+00
       360    0.0000000e+00
       361    0.0000000e+00
       362    0.0000000e+00
       363    0.0000000e+00
       364    0.0000000e+00
       365    0.0000000e+00
       366    0.0000000e+00
       367    0.0000000e+00
       368    0.0000000e+00
       369    0.0000000e+00
       370    0.0000000e+00
       371    0.0000000e+00
       372    0.0000000e+00
       373    0.0000000e+00
       374    0.0000000e+00
       375    0.0000000e+00
       376    0.0000000e+00
       377    0.0000000e+00
       378    0.0000000e+00
       379    0.0000000e+00
       380    0.0000000e+00
       381    0.0000000e+00
       382    0.0000000e+00
       383    0.0000000e+00
       384    0.0000000e+00
       385    0.0000000e+00
       386    0.0000000e+00
       387    0.0000000e+00
       388    0.0000000e+00
       389    0.0000000e+00
       390    0.0000000e+00
       391    0.0000000e+00
       392    0.0000000e+00
       393    0.0000000e+00
       394    0.0000000e+00
       395    0.0000000e+00
       396    0.0000000e+00
       397    0.0000000e+00
       398    0.0000000e+00
       399    0.0000000e+00
       400    0.0000000e+00
       401    0.0000000e+00
       402    0.0000000e+00
       403    0.0000000e+00
       404    0.0000000e+00
       405    0.0000000e+00
       406    0.0000000e+00
       407    0.0000000e+00
       408    0.0000000e+00
       409    0.0000000e+00
       410    0.0000000e+00
       411    0.0000000e+00
       412    0.0000000e+00
       413    0.0000000e+00
       414    0.0000000e+00
       415    0.0000000e+00
       416    0.0000000e+00
       417    0.0000000e+00
       418    0.0000000e+00
       419    0.0000000e+00
       420    0.0000000e+00
       421    0.0000000e+00
       422    0.0000000e+00
       423    0.0000000e+00
       424    0.0000000e+00
       425    0.0000000e+00
       426    0.0000000e+00
       427    0.0000000e+00
       428    0.0000000e+00
       429    0.0000000e+00
       430    0.0000000e+00
       431    0.0000000e+00
       432    0.0000000e+00
       433    0.0000000e+00
       434    0.0000000e+00
       435    0.0000000e+00
       436    0.0000000e+00
       437    0.0000000e+00
       438    0.0000000e+00
       439    0.0000000e+00
       440    0.0000000e+00
       441    0.0000000e+00
       442    0.0000000e+00
       443    0.0000000e+00
       444    0.0000000e+00
       445    0.0000000e+00
       446    0.0000000e+00
       447    0.0000000e+00
       448    0.0000000e+00
       449    0.0000000e+00
       450    0.0000000e+00
       451    0.0000000e+00
       452    0.0000000e+00
       453    0.0000000e+00
       454    0.0000000e+00
       455    0.0000000e+00
       456    0.0000000e+00
       457    0.0000000e+00
       458    0.0000000e+00
       459    0.0000000e+00
       460    0.0000000e+00
       461    0.0000000e+00
       462    0.0000000e+00
       463    0.0000000e+00
       464    0.0000000e+00
       465    0.0000000e+00
       466    0.0000000e+00
       467    0.0000000e+00
       468    0.0000000e+00
       469    0.0000000e+00
       470    0.0000000e+00
       471    0.0000000e+00
       472    0.0000000e+00
       473    0.0000000e+00
       474    0.0000000e+00
       475    0.0000000e+00
       476    0.0000000e+00
       477    0.0000000e+00
       478    0.0000000e+00
       479    0.0000000e+00
       480    0.0000000e+00
       481    0.0000000e+00
       482    0.0000000e+00
       483    0.0000000e+00
       484    0.0000000e+00
       485    0.0000000e+00
       486    0.0000000e+00
       487    0.0000000e+00
       488    0.0000000e+00
       489    0.0000000e+00
       490    0.0000000e+00
       491    0.0000000e+00
       492    0.0000000e+00
       493    0.0000000e+00
       494    0.0000000e+00
       495    0.0000000e+00
       496    0.0000000e+00
       497    0.0000000e+00
       498    0.0000000e+00
       499    0.0000000e+00
       500    0.0000000e+00
       501    0.0000000e+00
       502    0.0000000e+00
       503    0.0000000e+00
       504    0.0000000e+00
       505    0.0000000e+00
       506    0.0000000e+00
       507    0.0000000e+00
       508    0.0000000e+00
       509    0.0000000e+00
       510    0.0000000e+00
       511    0.0000000e+00
       512    0.0000000e+00
       513    0.0000000e+00
       514    0.0000000e+00
       515    0.0000000e+00
       516    0.0000000e+00
       517    0.0000000e+00
       518    0.0000000e+00
       519    0.0000000e+00
       520    0.0000000e+00
       521    0.0000000e+00
       522    0.0000000e+00
       523    0.0000000e+00
       524    0.0000000e+00
       525    0.0000000e+00
       526    0.0000000e+00
       527    0.0000000e+00
       528    0.0000000e+00
       529    0.0000000e+00
       530    0.0000000e+00
       531    0.0000000e+00
       532    0.0000000e+00
       533    0.0000000e+00
       534    0.0000000e+00
       535    0.0000000e+00
       536    0.0000000e+00
       537    0.0000000e+00
       538    0.0000000e+00
       539    0.0000000e+00
       540    0.0000000e+00
       541    0.0000000e+00
       542    0.0000000e+00
       543    0.0000000e+00
       544    0.0000000e+00
       545    0.0000000e+00
       546    0.0000000e+00
       547    0.0000000e+00
       548    0.0000000e+00
       549    0.0000000e+00
       550    0.0000000e+00
       551    0.0000000e+00
       552    0.0000000e+00
       553    0.0000000e+00
       554    0.0000000e+00
       555    0.0000000e+00
       556    0.0000000e+00
       557    0.0000000e+00
       558    0.0000000e+00
       559    0.0000000e+00
       560    0.0000000e+00
       561    0.0000000e+00
       562    0.0000000e+00
       563    0.0000000e+00
       564    0.0000000e+00
       565    0.0000000e+00
       566    0.0000000e+00
       567    0.0000000e+00
       568    0.0000000e+00
       569    0.0000000e+00
       570    0.0000000e+00
       571    0.0000000e+00
       572    0.0000000e+00
       573    0.0000000e+00
       574    0.0000000e+00
       575    0.0000000e+00
       576    0.0000000e+00
       577    0.0000000e+00
       578    0.0000000e+00
       579    0.0000000e+00
       580    0.0000000e+00
       581    0.0000000e+00
       582    0.0000000e+00
       583    0.0000000e+00
       584    0.0000000e+00
       585    0.0000000e+00
       586    0.0000000e+00
       587    0.0000000e+00
       588    0.0000000e+00
       589    0.0000000e+00
       590    0.0000000e+00
       591    0.0000000e+00
       592    0.0000000e+00
       593    0.0000000e+00
       594    0.0000000e+00
       595    0.0000000e+00
       596    0.0000000e+00
       597    0.0000000e+00
       598    0.0000000e+00
       599    0.0000000e+00
       600    0.0000000e+00
       601    0.0000000e+00
       602    0.0000000e+00
       603    0.0000000e+00
       604    0.0000000e+00
       605    0.0000000e+00
       606    0.0000000e+00
       607    0.0000000e+00
       608    0.0000000e+00
       609    0.0000000e+00
       610    0.0000000e+00
       611    0.0000000e+00
       612    0.0000000e+00
       613    0.0000000e+00
       614    0.0000000e+00
       615    0.0000000e+00
       616    0.0000000e+00
       617    0.0000000e+00
       618    0.0000000e+00
       619    0.0000000e+00
       620    0.0000000e+00
       621    0.0000000e+00
       622    0.0000000e+00
       623    0.0000000e+00
       624    0.0000000e+00
       625    0.0000000e+00
       626    0.0000000e+00
       627    0.0000000e+00
       628    0.0000000e+00
       629    0.0000000e+00
       630    0.0000000e+00
       631    0.0000000e+00
       632    0.0000000e+00
       633    0.0000000e+00
       634    0.0000000e+00
       635    0.0000000e+00
       636    0.0000000e+00
       637    0.0000000e+00
       638    0.0000000e+00
       639    0.0000000e+00
       640    0.0000000e+00
       641    0.0000000e+00
       642    0.0000000e+00
       643    0.0000000e+00
       644    0.0000000e+00
       645    0.0000000e+00
       646    0.0000000e+00
       647    0.0000000e+00
       648    0.0000000e+00
       649    0.0000000e+00
       650    0.0000000e+00
       651    0.0000000e+00
       652    0.0000000e+00
       653    0.0000000e+00
       654    0.0000000e+00
       655    0.0000000e+00
       656    0.0000000e+00
       657    0.0000000e+00
       658    0.0000000e+00
       659    0.0000000e+00
       660    0.0000000e+00
       661    0.0000000e+00
       662    0.0000000e+00
       663    0.0000000e+00
       664    0.0000000e+00
       665    0.0000000e+00
       666    0.0000000e+00
       667    0.0000000e+00
       668    0.0000000e+00
       669    0.0000000e+00
       670    0.0000000e+00
       671    0.0000000e+00
       672    0.0000000e+00
       673    0.0000000e+00
       674    0.0000000e+00
       675    0.0000000e+00
       676    0.0000000e+00
       677    0.0000000e+00
       678    0.0000000e+00
       679    0.0000000e+00
       680    0.0000000e+00
       681    0.0000000e+00
       682    0.0000000e+00
       683    0.0000000e+00
       684    0.0000000e+00
       685    0.0000000e+00
       686    0.0000000e+00
       687    0.0000000e+00
       688    0.0000000e+00
       689    0.0000000e+00
       690    0.0000000e+00
       691    0.0000000e+00
       692    0.0000000e+00
       693    0.0000000e+00
       694    0.0000000e+00
       695    0.0000000e+00
       696    0.0000000e+00
       697    0.0000000e+00
       698    0.0000000e+00
       699    0.0000000e+00
       700    0.0000000e+00
       701    0.0000000e+00
       702    0.0000000e+00
       703    0.0000000e+00
       704    0.0000000e+00
       705    0.0000000e+00
       706    0.0000000e+00
       707    0.0000000e+00
       708    0.0000000e+00
       709    0.0000000e+00
       710    0.0000000e+00
       711    0.0000000e+00
       712    0.0000000e+00
       713    0.0000000e+00
       714    0.0000000e+00
       715    0.0000000e+00
       716    0.0000000e+00
       717    0.0000000e+00
       718    0.0000000e+00
       719    0.0000000e+00
       720    0.0000000e+00
       721    0.0000000e+00
       722    0.0000000e+00
       723    0.0000000e+00
       724    0.0000000e+00
       725    0.0000000e+00
       726    0.0000000e+00
       727    0.0000000e+00
       728    0.0000000e+00
       729    0.0000000e+00
       730    0.0000000e+00
       731    0.0000000e+00
       732    0.0000000e+00
       733    0.0000000e+00
       734    0.0000000e+00
       735    0.0000000e+00
       736    0.0000000e+00
       737    0.0000000e+00
       738    0.0000000e+00
       739    0.0000000e+00
       740    0.0000000e+00
       741    0.0000000e+00
       742    0.0000000e+00
       743    0.0000000e+00
       744    0.0000000e+00
       745    0.0000000e+00
       746    0.0000000e+00
       747    0.0000000e+00
       748    0.0000000e+00
       749    0.0000000e+00
       750    0.0000000e+00
       751    0.0000000e+00
       752    0.0000000e+00
       753    0.0000000e+00
       754    0.0000000e+00
       755    0.0000000e+00
       756    0.0000000e+00
       757    0.0000000e+00
       758    0.0000000e+00
       759    0.0000000e+00
       760    0.0000000e+00
       761    0.0000000e+00
       762    0.0000000e+00
       763    0.0000000e+00
       764    0.0000000e+00
       765    0.0000000e+00
       766    0.0000000e+00
       767    0.0000000e+00
       768    0.0000000e+00
       769    0.0000000e+00
       770    0.0000000e+00
       771    0.0000000e+00
       772    0.0000000e+00
       773    0.0000000e+00
       774    0.0000000e+00
       775    0.0000000e+00
       776    0.0000000e+00
       777    0.0000000e+00
       778    0.0000000e+00
       779    0.0000000e+00
       780    0.0000000e+00
       781    0.0000000e+00
       782    0.0000000e+00
       783    0.0000000e+00
       784    0.0000000e+00
       785    0.0000000e+00
       786    0.0000000e+00
       787    0.0000000e+00
       788    0.0000000e+00
       789    0.0000000e+00
       790    0.0000000e+00
       791    0.0000000e+00
       792    0.0000000e+00
       793    0.0000000e+00
       794    0.0000000e+00
       795    0.0000000e+00
       796    0.0000000e+00
       797    0.0000000e+00
       798    0.0000000e+00
       799    0.0000000e+00
       800    0.0000000e+00
       801    0.0000000e+00
       802    0.0000000e+00
       803    0.0000000e+00
       804    0.0000000e+00
       805    0.0000000e+00
       806    0.0000000e+00
       807    0.0000000e+00
       808    0.0000000e+00
       809    0.0000000e+00
       810    0.0000000e+00
       811    0.0000000e+00
       812    0.0000000e+00
       813    0.0000000e+00
       814    0.0000000e+00
       815    0.0000000e+00
       816    0.0000000e+00
       817    0.0000000e+00
       818    0.0000000e+00
       819    0.0000000e+00
       820    0.0000000e+00
       821    0.0000000e+00
       822    0.0000000e+00
       823    0.0000000e+00
       824    0.0000000e+00
       825    0.0000000e+00
       826    0.0000000e+00
       827    0.0000000e+00
       828    0.0000000e+00
       829    0.0000000e+00
       830    0.0000000e+00
       831    0.0000000e+00
       832    0.0000000e+00
       833    0.0000000e+00
       834    0.0000000e+00
       835    0.0000000e+00
       836    0.0000000e+00
       837    0.0000000e+00
       838    0.0000000e+00
       839    0.0000000e+00
       840    0.0000000e+00
       841    0.0000000e+00
       842    0.0000000e+00
       843    0.0000000e+00
       844    0.0000000e+00
       845    0.0000000e+00
       846    0.0000000e+00
       847    0.0000000e+00
       848    0.0000000e+00
       849    0.0000000e+00
       850    0.0000000e+00
       851    0.0000000e+00
       852    0.0000000e+00
       853    0.0000000e+00
       854    0.0000000e+00
       855    0.0000000e+00
       856    0.0000000e+00
       857    0.0000000e+00
       858    0.0000000e+00
       859    0.0000000e+00
       860    0.0000000e+00
       861    0.0000000e+00
       862    0.0000000e+00
       863    0.0000000e+00
       864    0.0000000e+00
       865    0.0000000e+00
       866    0.0000000e+00
       867    0.0000000e+00
       868    0.0000000e+00
       869    0.0000000e+00
       870    0.0000000e+00
       871    0.0000000e+00
       872    0.0000000e+00
       873    0.0000000e+00
       874    0.0000000e+00
       875    0.0000000e+00
       876    0.0000000e+00
       877    0.0000000e+00
       878    0.0000000e+00
       879    0.0000000e+00
       880    0.0000000e+00
       881    0.0000000e+00
       882    0.0000000e+00
       883    0.0000000e+00
       884    0.0000000e+00
       885    0.0000000e+00
       886    0.0000000e+00
       887    0.0000000e+00
       888    0.0000000e+00
       889    0.0000000e+00
       890    0.0000000e+00
       891    0.0000000e+00
       892    0.0000000e+00
       893    0.0000000e+00
       894    0.0000000e+00
       895    0.0000000e+00
       896    0.0000000e+00
       897    0.0000000e+00
       898    0.0000000e+00
       899    0.0000000e+00
       900    0.0000000e+00
       901    0.0000000e+00
       902    0.0000000e+00
       903    0.0000000e+00
       904    0.0000000e+00
       905    0.0000000e+00
       906    0.0000000e+00
       907    0.0000000e+00
       908    0.0000000e+00
       909    0.0000000e+00
       910    0.0000000e+00
       911    0.0000000e+00
       912    0.0000000e+00
       913    0.0000000e+00
       914    0.0000000e+00
       915    0.0000000e+00
       916    0.0000000e+00
       917    0.0000000e+00
       918    0.0000000e+00
       919    0.0000000e+00
       920    0.0000000e+00
       921    0.0000000e+00
       922    0.0000000e+00
       923    0.0000000e+00
       924    0.0000000e+00
       925    0.0000000e+00
       926    0.0000000e+00
       927    0.0000000e+00
       928    0.0000000e+00
       929    0.0000000e+00
       930    0.0000000e+00
       931    0.0000000e+00
       932    0.0000000e+00
       933    0.0000000e+00
       934    0.0000000e+00
       935    0.0000000e+00
       936    0.0000000e+00
       937    0.0000000e+00
       938    0.0000000e+00
       939    0.0000000e+00
       940    0.0000000e+00
       941    0.0000000e+00
       942    0.0000000e+00
       943    0.0000000e+00
       944    0.0000000e+00
       945    0.0000000e+00
       946    0.0000000e+00
       947    0.0000000e+00
       948    0.0000000e+00
       949    0.0000000e+00
       950    0.0000000e+00
       951    0.0000000e+00
       952    0.0000000e+00
       953    0.0000000e+00
       954    0.0000000e+00
       955    0.0000000e+00
       956    0.0000000e+00
       957    0.0000000e+00
       958    0.0000000e+00
       959    0.0000000e+00
       960    0.0000000e+00
       961    0.0000000e+00
       962    0.0000000e+00
       963    0.0000000e+00
       964    0.0000000e+00
       965    0.0000000e+00
       966    0.0000000e+00
       967    0.0000000e+00
       968    0.0000000e+00
       969    0.0000000e+00
       970    0.0000000e+00
       971    0.0000000e+00
       972    0.0000000e+00
       973    0.0000000e+00
       974    0.0000000e+00
       975    0.0000000e+00
       976    0.0000000e+00
       977    0.0000000e+00
       978    0.0000000e+00
       979    0.0000000e+00
       980    0.0000000e+00
       981    0.0000000e+00
       982    0.0000000e+00
       983    0.0000000e+00
       984    0.0000000e+00
       985    0.0000000e+00
       986    0.0000000e+00
       987    0.0000000e+00
       988    0.0000000e+00
       989    0.0000000e+00
       990    0.0000000e+00
       991    0.0000000e+00
       992    0.0000000e+00
       993    0.0000000e+00
       994    0.0000000e+00
       995    0.0000000e+00
       996    0.0000000e+00
       997    0.0000000e+00
       998    0.0000000e+00
       999    0.0000000e+00
      1000    0.0000000e+00
      1001    0.0000000e+00
      1002    0.0000000e+00
      1003    0.0000000e+00
      1004    0.0000000e+00
      1005    0.0000000e+00
      1006    0.0000000e+00
      1007    0.0000000e+00
      1008    0.0000000e+00
      1009    0.0000000e+00
      1010    0.0000000e+00
      1011    0.0000000e+00
      1012    0.0000000e+00
      1013    0.0000000e+00
      1014    0.0000000e+00
      1015    0.0000000e+00
      1016    0.0000000e+00
      1017    0.0000000e+00
      1018    0.0000000e+00
      1019    0.0000000e+00
      1020    0.0000000e+00
      1021    0.0000000e+00
      1022    0.0000000e+00
      1023    0.0000000e+00
      1024    0.0000000e+00
