    20    6.2499996e-02    2.7012441e+00     10    3.2199061e+00
    40    1.2499999e-01    2.9001999e+00     11    3.1832935e+00
    60    1.8749999e-01    3.1049333e+00     12    3.2757346e+00
    80    2.4999999e-01    3.3156518e+00     13    3.3714971e+00
   100    3.1249997e-01    3.5316775e+00     14    3.4564112e+00
   120    3.7499997e-01    3.7522175e+00     15    3.5286396e+00
   140    4.3749997e-01    3.9765391e+00     15    3.5891464e+00
   160    4.9999997e-01    4.2042498e+00     16    3.6433705e+00
   180    5.6249994e-01    4.4348135e+00     17    3.6890199e+00
   200    6.2499994e-01    4.6677965e+00     18    3.7277280e+00
   220    6.8749994e-01    4.9028563e+00     19    3.7609573e+00
   240    7.4999994e-01    5.1397201e+00     20    3.7898210e+00
   260    8.1249994e-01    5.3781682e+00     21    3.8151707e+00
   280    8.7499994e-01    5.6180229e+00     22    3.8376752e+00
   300    9.3749994e-01    5.8591386e+00     23    3.8578514e+00
   320    9.9999994e-01    6.1013948e+00     24    3.8760995e+00
   340    1.0624999e+00    6.3446905e+00     25    3.8927324e+00
   360    1.1249999e+00    6.5889412e+00     26    3.9080119e+00
   380    1.1874999e+00    6.8340728e+00     27    3.9221054e+00
   400    1.2499999e+00    7.0800229e+00     28    3.9352021e+00
   420    1.3124999e+00    7.3267356e+00     29    3.9474039e+00
   440    1.3749999e+00    7.5741641e+00     30    3.9588563e+00
   460    1.4374999e+00    7.8222647e+00     31    3.9696101e+00
   480    1.4999999e+00    8.0709988e+00     32    3.9797455e+00
   500    1.5624999e+00    8.3203322e+00     33    3.9893353e+00
   520    1.6249999e+00    8.5702350e+00     34    3.9984448e+00
   540    1.6874999e+00    8.8206762e+00     35    4.0070595e+00
   560    1.7499999e+00    9.0716330e+00     36    4.0153104e+00
   580    1.8124999e+00    9.3230792e+00     37    4.0231394e+00
   600    1.8749999e+00    9.5749938e+00     38    4.0306336e+00
   620    1.9374999e+00    9.8273576e+00     39    4.0378222e+00
   640    1.9999999e+00    1.0080150e+01     40    4.0446762e+00
   660    2.0624998e+00    1.0333355e+01     41    4.0512828e+00
   680    2.1249998e+00    1.0586955e+01     42    4.0575983e+00
   700    2.1874998e+00    1.0840935e+01     43    4.0636810e+00
   720    2.2499998e+00    1.1095281e+01     44    4.0695454e+00
   740    2.3124998e+00    1.1349979e+01     45    4.0751625e+00
   760    2.3749998e+00    1.1605018e+01     46    4.0806194e+00
   780    2.4374998e+00    1.1860384e+01     47    4.0858581e+00
   800    2.4999998e+00    1.2116066e+01     48    4.0909076e+00
   820    2.5624998e+00    1.2372056e+01     49    4.0958407e+00
   840    2.6249998e+00    1.2628341e+01     50    4.1005701e+00
   860    2.6874998e+00    1.2884914e+01     51    4.1051685e+00
   880    2.7499998e+00    1.3141766e+01     52    4.1096214e+00
   900    2.8124998e+00    1.3398888e+01     53    4.1139579e+00
   920    2.8749998e+00    1.3656272e+01     54    4.1181488e+00
   940    2.9374998e+00    1.3913913e+01     55    4.1222524e+00
   960    2.9999998e+00    1.4171802e+01     56    4.1262251e+00
   980    3.0624998e+00    1.4429934e+01     57    4.1301105e+00
  1000    3.1249998e+00    1.4688300e+01     58    4.1338649e+00
  1020    3.1874998e+00    1.4946900e+01     59    4.1375902e+00
  1040    3.2499998e+00    1.5205726e+01     60    4.1412136e+00
  1060    3.3124998e+00    1.5464771e+01     61    4.1447352e+00
  1080    3.3749998e+00    1.5724036e+01     62    4.1482276e+00
  1100    3.4374998e+00    1.5983513e+01     63    4.1516328e+00
  1120    3.4999998e+00    1.6243199e+01     64    4.1549797e+00
  1140    3.5624998e+00    1.6503091e+01     66    4.1582684e+00
  1160    3.6249998e+00    1.6763166e+01     67    4.1612079e+00
  1180    3.6874998e+00    1.7023411e+01     68    4.1639146e+00
  1200    3.7499998e+00    1.7283819e+01     69    4.1665339e+00
  1220    3.8124998e+00    1.7544387e+01     70    4.1690951e+00
  1240    3.8749998e+00    1.7805114e+01     71    4.1716271e+00
  1260    3.9374998e+00    1.8065994e+01     72    4.1740718e+00
  1280    3.9999998e+00    1.8327026e+01     73    4.1765165e+00
  1300    4.0624995e+00    1.8588205e+01     74    4.1788740e+00
  1320    4.1249995e+00    1.8849532e+01     75    4.1812314e+00
  1340    4.1874995e+00    1.9111003e+01     76    4.1835306e+00
  1360    4.2499995e+00    1.9372617e+01     77    4.1858298e+00
  1380    4.3124995e+00    1.9634374e+01     78    4.1880999e+00
  1400    4.3749995e+00    1.9896270e+01     79    4.1903409e+00
  1420    4.4374995e+00    2.0158304e+01     80    4.1925528e+00
  1440    4.4999995e+00    2.0420479e+01     81    4.1947937e+00
  1460    4.5624995e+00    2.0682790e+01     82    4.1969765e+00
  1480    4.6249995e+00    2.0945237e+01     83    4.1991593e+00
  1500    4.6874995e+00    2.1207825e+01     84    4.2014003e+00
  1520    4.7499995e+00    2.1470549e+01     85    4.2035831e+00
  1540    4.8124995e+00    2.1733413e+01     86    4.2058241e+00
  1560    4.8749995e+00    2.1996413e+01     87    4.2080069e+00
  1580    4.9374995e+00    2.2259544e+01     89    4.2101024e+00
  1600    4.9999995e+00    2.2522767e+01     90    4.2115576e+00
  1620    5.0624995e+00    2.2786078e+01     91    4.2129836e+00
  1640    5.1249995e+00    2.3049477e+01     92    4.2143806e+00
  1660    5.1874995e+00    2.3312963e+01     93    4.2157776e+00
  1680    5.2499995e+00    2.3576538e+01     94    4.2172037e+00
  1700    5.3124995e+00    2.3840204e+01     95    4.2186589e+00
  1720    5.3749995e+00    2.4103958e+01     96    4.2200559e+00
  1740    5.4374995e+00    2.4367806e+01     97    4.2215693e+00
  1760    5.4999995e+00    2.4631745e+01     98    4.2230245e+00
  1780    5.5624995e+00    2.4895780e+01     99    4.2245670e+00
  1800    5.6249995e+00    2.5159912e+01    100    4.2261095e+00
  1820    5.6874995e+00    2.5424140e+01    101    4.2276520e+00
  1840    5.7499995e+00    2.5688470e+01    102    4.2292818e+00
  1860    5.8124995e+00    2.5952902e+01    103    4.2309116e+00
  1880    5.8749995e+00    2.6217438e+01    104    4.2325705e+00
  1900    5.9374995e+00    2.6482083e+01    105    4.2343167e+00
  1920    5.9999995e+00    2.6746837e+01    106    4.2360630e+00
  1940    6.0624995e+00    2.7011687e+01    108    4.2376055e+00
  1960    6.1249995e+00    2.7276590e+01    109    4.2384495e+00
  1980    6.1874995e+00    2.7541544e+01    110    4.2392644e+00
  2000    6.2499995e+00    2.7806551e+01    111    4.2401084e+00
  2020    6.3124995e+00    2.8071614e+01    112    4.2410106e+00
  2040    6.3749995e+00    2.8336734e+01    113    4.2419128e+00
  2060    6.4374995e+00    2.8601917e+01    114    4.2429315e+00
  2080    6.4999995e+00    2.8867164e+01    115    4.2439501e+00
  2100    6.5624995e+00    2.9132478e+01    116    4.2450270e+00
  2120    6.6249995e+00    2.9397859e+01    117    4.2461038e+00
  2140    6.6874995e+00    2.9663319e+01    118    4.2473553e+00
  2160    6.7499995e+00    2.9928853e+01    119    4.2485485e+00
  2180    6.8124995e+00    3.0194471e+01    120    4.2498873e+00
  2200    6.8749995e+00    3.0460173e+01    121    4.2512261e+00
  2220    6.9374995e+00    3.0725965e+01    122    4.2526813e+00
  2240    6.9999995e+00    3.0991851e+01    123    4.2541656e+00
  2260    7.0624995e+00    3.1257827e+01    125    4.2556208e+00
  2280    7.1249995e+00    3.1523839e+01    126    4.2562028e+00
  2300    7.1874995e+00    3.1789878e+01    127    4.2566103e+00
  2320    7.2499995e+00    3.2055948e+01    128    4.2571342e+00
  2340    7.3124995e+00    3.2322059e+01    129    4.2577744e+00
  2360    7.3749995e+00    3.2588207e+01    130    4.2583565e+00
  2380    7.4374995e+00    3.2854397e+01    131    4.2590550e+00
  2400    7.4999995e+00    3.3120636e+01    132    4.2598117e+00
  2420    7.5624995e+00    3.3386928e+01    133    4.2606848e+00
  2440    7.6249995e+00    3.3653276e+01    134    4.2615579e+00
  2460    7.6874995e+00    3.3919689e+01    135    4.2626057e+00
  2480    7.7499995e+00    3.4186163e+01    136    4.2635952e+00
  2500    7.8124995e+00    3.4452714e+01    137    4.2648176e+00
  2520    7.8749995e+00    3.4719335e+01    138    4.2659235e+00
  2540    7.9374995e+00    3.4986042e+01    139    4.2673205e+00
  2560    7.9999995e+00    3.5252837e+01    141    4.2687175e+00
  2580    8.0624990e+00    3.5519668e+01    142    4.2692996e+00
  2600    8.1249990e+00    3.5786514e+01    143    4.2695324e+00
  2620    8.1874990e+00    3.6053374e+01    144    4.2697652e+00
  2640    8.2499990e+00    3.6320260e+01    145    4.2701727e+00
  2660    8.3124990e+00    3.6587164e+01    146    4.2704637e+00
  2680    8.3749990e+00    3.6854108e+01    147    4.2711040e+00
  2700    8.4374990e+00    3.7121081e+01    148    4.2715697e+00
  2720    8.4999990e+00    3.7388098e+01    149    4.2722681e+00
  2740    8.5624990e+00    3.7655165e+01    150    4.2730831e+00
  2760    8.6249990e+00    3.7922284e+01    151    4.2738980e+00
  2780    8.6874990e+00    3.8189461e+01    152    4.2748293e+00
  2800    8.7499990e+00    3.8456703e+01    153    4.2758770e+00
  2820    8.8124990e+00    3.8724018e+01    154    4.2770412e+00
  2840    8.8749990e+00    3.8991406e+01    155    4.2782053e+00
  2860    8.9374990e+00    3.9258870e+01    157    4.2794277e+00
  2880    8.9999990e+00    3.9526345e+01    158    4.2796023e+00
  2900    9.0624990e+00    3.9793820e+01    159    4.2796023e+00
  2920    9.1249990e+00    4.0061306e+01    160    4.2797769e+00
  2940    9.1874990e+00    4.0328803e+01    161    4.2799516e+00
  2960    9.2499990e+00    4.0596322e+01    162    4.2803008e+00
  2980    9.3124990e+00    4.0863866e+01    163    4.2807083e+00
  3000    9.3749990e+00    4.1131443e+01    164    4.2812321e+00
