         1    9.9999958e-01
         2    9.9999958e-01
         3    9.9999958e-01
         4    9.9999958e-01
         5    9.9999958e-01
         6    9.9999958e-01
         7    9.9999958e-01
         8    9.9999958e-01
         9    9.9999958e-01
        10    9.9999958e-01
        11    9.9999958e-01
        12    9.9999958e-01
        13    9.9999958e-01
        14    9.9999958e-01
        15    9.9999958e-01
        16    9.9999958e-01
        17    9.9999958e-01
        18    9.9999958e-01
        19    9.9999958e-01
        20    9.9999958e-01
        21    9.9999958e-01
        22    9.9999958e-01
        23    9.9999958e-01
        24    9.9999958e-01
        25    9.9999958e-01
        26    9.9999958e-01
        27    9.9999958e-01
        28    9.9999958e-01
        29    9.9999958e-01
        30    9.9999958e-01
        31    9.9999958e-01
        32    9.9999958e-01
        33    9.9999958e-01
        34    9.9999958e-01
        35    9.9999958e-01
        36    9.9999958e-01
        37    9.9999958e-01
        38    9.9999958e-01
        39    9.9999958e-01
        40    9.9999958e-01
        41    9.9999958e-01
        42    9.9999958e-01
        43    9.9999958e-01
        44    9.9999958e-01
        45    9.9999958e-01
        46    9.9999958e-01
        47    9.9999958e-01
        48    9.9999958e-01
        49    9.9999958e-01
        50    9.9999958e-01
        51    9.9999958e-01
        52    9.9999958e-01
        53    9.9999958e-01
        54    9.9999958e-01
        55    9.9999958e-01
        56    9.9999958e-01
        57    9.9999958e-01
        58    9.9999958e-01
        59    9.9999958e-01
        60    9.9999958e-01
        61    9.9999958e-01
        62    9.9999958e-01
        63    9.9999958e-01
        64    9.9999958e-01
        65    9.9999958e-01
        66    9.9999958e-01
        67    9.9999958e-01
        68    9.9999958e-01
        69    9.9999958e-01
        70    9.9999958e-01
        71    9.9999958e-01
        72    9.9999958e-01
        73    9.9999958e-01
        74    9.9999958e-01
        75    9.9999958e-01
        76    9.9999958e-01
        77    9.9999958e-01
        78    9.9999958e-01
        79    9.9999958e-01
        80    9.9999958e-01
        81    9.9999958e-01
        82    9.9999958e-01
        83    9.9999958e-01
        84    9.9999958e-01
        85    9.9999958e-01
        86    9.9999958e-01
        87    9.9999958e-01
        88    9.9999958e-01
        89    9.9999958e-01
        90    9.9999958e-01
        91    9.9999958e-01
        92    9.9999958e-01
        93    9.9999958e-01
        94    9.9999958e-01
        95    9.9999958e-01
        96    9.9999958e-01
        97    9.9999958e-01
        98    9.9999958e-01
        99    9.9999958e-01
       100    9.9999958e-01
       101    9.9999958e-01
       102    9.9999958e-01
       103    9.9999958e-01
       104    9.9999958e-01
       105    9.9999958e-01
       106    9.9999958e-01
       107    9.9999958e-01
       108    9.9999958e-01
       109    9.9999958e-01
       110    9.9999958e-01
       111    9.9999958e-01
       112    9.9999958e-01
       113    9.9999958e-01
       114    9.9999958e-01
       115    9.9999958e-01
       116    9.9999958e-01
       117    9.9999958e-01
       118    9.9999958e-01
       119    9.9999958e-01
       120    9.9999958e-01
       121    9.9999958e-01
       122    9.9999958e-01
       123    9.9999958e-01
       124    9.9999958e-01
       125    9.9999958e-01
       126    9.9999958e-01
       127    9.9999958e-01
       128    9.9999958e-01
       129    9.9999958e-01
       130    9.9999958e-01
       131    9.9999958e-01
       132    9.9999958e-01
       133    9.9999958e-01
       134    9.9999958e-01
       135    9.9999958e-01
       136    9.9999958e-01
       137    9.9999958e-01
       138    9.9999958e-01
       139    9.9999958e-01
       140    9.9999958e-01
       141    9.9999958e-01
       142    9.9999958e-01
       143    9.9999958e-01
       144    9.9999958e-01
       145    9.9999958e-01
       146    9.9999958e-01
       147    9.9999958e-01
       148    9.9999958e-01
       149    9.9999958e-01
       150    9.9999958e-01
       151    9.9999958e-01
       152    9.9999958e-01
       153    9.9999958e-01
       154    9.9999958e-01
       155    9.9999958e-01
       156    9.9999958e-01
       157    9.9999952e-01
       158    9.9999940e-01
       159    9.9999917e-01
       160    9.9999881e-01
       161    9.9999815e-01
       162    9.9999714e-01
       163    9.9999559e-01
       164    9.9999315e-01
       165    9.9998933e-01
       166    9.9998343e-01
       167    9.9997431e-01
       168    9.9996012e-01
       169    9.9993813e-01
       170    9.9990398e-01
       171    9.9985099e-01
       172    9.9976873e-01
       173    9.9964112e-01
       174    9.9944311e-01
       175    9.9913591e-01
       176    9.9865943e-01
       177    9.9792069e-01
       178    9.9677610e-01
       179    9.9500436e-01
       180    9.9226606e-01
       181    9.8804373e-01
       182    9.8155671e-01
       183    9.7164571e-01
       184    9.5663255e-01
       185    9.3418354e-01
       186    9.0126264e-01
       187    8.5434848e-01
       188    7.9018110e-01
       189    7.0723432e-01
       190    6.0760570e-01
       191    4.9809012e-01
       192    3.8889188e-01
       193    2.9006094e-01
       194    2.0806196e-01
       195    1.4471698e-01
       196    9.8382860e-02
       197    6.5807216e-02
       198    4.3529138e-02
       199    2.8577359e-02
       200    1.8667985e-02
       201    1.2154833e-02
       202    7.8971758e-03
       203    5.1237987e-03
       204    3.3214188e-03
       205    2.1518199e-03
       206    1.3935727e-03
       207    9.0230542e-04
       208    5.8413867e-04
       209    3.7813035e-04
       210    2.4476330e-04
       211    1.5843120e-04
       212    1.0254899e-04
       213    6.6377783e-05
       214    4.2965268e-05
       215    2.7811066e-05
       216    1.8002142e-05
       217    1.1653005e-05
       218    7.5432672e-06
       219    4.8830261e-06
       220    3.1610170e-06
       221    2.0463174e-06
       222    1.3247310e-06
       223    8.5761212e-07
       224    5.5521696e-07
       225    3.5945385e-07
       226    2.3271920e-07
       227    1.5067108e-07
       228    9.7552032e-08
       229    6.3161352e-08
       230    4.0895465e-08
       231    2.6479370e-08
       232    1.7145448e-08
       233    1.1101937e-08
       234    7.1888171e-09
       235    4.6550563e-09
       236    3.0144021e-09
       237    1.9520290e-09
       238    1.2640964e-09
       239    8.1862123e-10
       240    5.3014509e-10
       241    3.4333303e-10
       242    2.2235444e-10
       243    1.4400785e-10
       244    9.3269212e-11
       245    6.0409629e-11
       246    3.9129030e-11
       247    2.5347745e-11
       248    1.6424031e-11
       249    1.0647466e-11
       250    6.9109510e-12
       251    4.4984394e-12
       252    2.9476519e-12
       253    1.9614583e-12
       254    1.3509200e-12
       255    9.9907734e-13
       256    8.3853215e-13
