         1    9.9999958e-01
         2    9.9999958e-01
         3    9.9999958e-01
         4    9.9999958e-01
         5    9.9999958e-01
         6    9.9999958e-01
         7    9.9999958e-01
         8    9.9999958e-01
         9    9.9999958e-01
        10    9.9999958e-01
        11    9.9999958e-01
        12    9.9999958e-01
        13    9.9999958e-01
        14    9.9999958e-01
        15    9.9999958e-01
        16    9.9999958e-01
        17    9.9999958e-01
        18    9.9999958e-01
        19    9.9999958e-01
        20    9.9999958e-01
        21    9.9999958e-01
        22    9.9999958e-01
        23    9.9999958e-01
        24    9.9999958e-01
        25    9.9999958e-01
        26    9.9999958e-01
        27    9.9999958e-01
        28    9.9999958e-01
        29    9.9999958e-01
        30    9.9999958e-01
        31    9.9999958e-01
        32    9.9999958e-01
        33    9.9999958e-01
        34    9.9999958e-01
        35    9.9999958e-01
        36    9.9999958e-01
        37    9.9999958e-01
        38    9.9999958e-01
        39    9.9999958e-01
        40    9.9999958e-01
        41    9.9999958e-01
        42    9.9999958e-01
        43    9.9999958e-01
        44    9.9999958e-01
        45    9.9999958e-01
        46    9.9999958e-01
        47    9.9999958e-01
        48    9.9999958e-01
        49    9.9999958e-01
        50    9.9999958e-01
        51    9.9999958e-01
        52    9.9999958e-01
        53    9.9999958e-01
        54    9.9999958e-01
        55    9.9999958e-01
        56    9.9999958e-01
        57    9.9999958e-01
        58    9.9999958e-01
        59    9.9999958e-01
        60    9.9999958e-01
        61    9.9999958e-01
        62    9.9999958e-01
        63    9.9999958e-01
        64    9.9999958e-01
        65    9.9999958e-01
        66    9.9999958e-01
        67    9.9999958e-01
        68    9.9999958e-01
        69    9.9999958e-01
        70    9.9999958e-01
        71    9.9999958e-01
        72    9.9999958e-01
        73    9.9999958e-01
        74    9.9999958e-01
        75    9.9999958e-01
        76    9.9999958e-01
        77    9.9999958e-01
        78    9.9999958e-01
        79    9.9999958e-01
        80    9.9999958e-01
        81    9.9999958e-01
        82    9.9999958e-01
        83    9.9999958e-01
        84    9.9999958e-01
        85    9.9999958e-01
        86    9.9999958e-01
        87    9.9999958e-01
        88    9.9999958e-01
        89    9.9999958e-01
        90    9.9999958e-01
        91    9.9999958e-01
        92    9.9999958e-01
        93    9.9999958e-01
        94    9.9999958e-01
        95    9.9999958e-01
        96    9.9999958e-01
        97    9.9999958e-01
        98    9.9999958e-01
        99    9.9999958e-01
       100    9.9999958e-01
       101    9.9999958e-01
       102    9.9999958e-01
       103    9.9999958e-01
       104    9.9999958e-01
       105    9.9999958e-01
       106    9.9999958e-01
       107    9.9999958e-01
       108    9.9999958e-01
       109    9.9999958e-01
       110    9.9999958e-01
       111    9.9999958e-01
       112    9.9999958e-01
       113    9.9999958e-01
       114    9.9999958e-01
       115    9.9999958e-01
       116    9.9999958e-01
       117    9.9999958e-01
       118    9.9999958e-01
       119    9.9999958e-01
       120    9.9999958e-01
       121    9.9999958e-01
       122    9.9999958e-01
       123    9.9999958e-01
       124    9.9999958e-01
       125    9.9999958e-01
       126    9.9999958e-01
       127    9.9999958e-01
       128    9.9999958e-01
       129    9.9999958e-01
       130    9.9999958e-01
       131    9.9999958e-01
       132    9.9999958e-01
       133    9.9999958e-01
       134    9.9999958e-01
       135    9.9999958e-01
       136    9.9999958e-01
       137    9.9999958e-01
       138    9.9999958e-01
       139    9.9999958e-01
       140    9.9999958e-01
       141    9.9999958e-01
       142    9.9999958e-01
       143    9.9999958e-01
       144    9.9999958e-01
       145    9.9999958e-01
       146    9.9999958e-01
       147    9.9999958e-01
       148    9.9999958e-01
       149    9.9999958e-01
       150    9.9999958e-01
       151    9.9999958e-01
       152    9.9999958e-01
       153    9.9999958e-01
       154    9.9999958e-01
       155    9.9999958e-01
       156    9.9999958e-01
       157    9.9999958e-01
       158    9.9999958e-01
       159    9.9999958e-01
       160    9.9999958e-01
       161    9.9999958e-01
       162    9.9999958e-01
       163    9.9999958e-01
       164    9.9999952e-01
       165    9.9999940e-01
       166    9.9999917e-01
       167    9.9999875e-01
       168    9.9999803e-01
       169    9.9999696e-01
       170    9.9999529e-01
       171    9.9999273e-01
       172    9.9998868e-01
       173    9.9998248e-01
       174    9.9997282e-01
       175    9.9995780e-01
       176    9.9993449e-01
       177    9.9989831e-01
       178    9.9984223e-01
       179    9.9975508e-01
       180    9.9961990e-01
       181    9.9941015e-01
       182    9.9908477e-01
       183    9.9858016e-01
       184    9.9779779e-01
       185    9.9658567e-01
       186    9.9470973e-01
       187    9.9181104e-01
       188    9.8734313e-01
       189    9.8048288e-01
       190    9.7001123e-01
       191    9.5417094e-01
       192    9.3053538e-01
       193    8.9598387e-01
       194    8.4697187e-01
       195    7.8036737e-01
       196    6.9501275e-01
       197    5.9359854e-01
       198    4.8350242e-01
       199    3.7513995e-01
       200    2.7824974e-01
       201    1.9868740e-01
       202    1.3772169e-01
       203    9.3394831e-02
       204    6.2362600e-02
       205    4.1201975e-02
       206    2.7028114e-02
       207    1.7646616e-02
       208    1.1485768e-02
       209    7.4607129e-03
       210    4.8398417e-03
       211    3.1370006e-03
       212    2.0321815e-03
       213    1.3160137e-03
       214    8.5204805e-04
       215    5.5158127e-04
       216    3.5704262e-04
       217    2.3110583e-04
       218    1.4958630e-04
       219    9.6820891e-05
       220    6.2668158e-05
       221    4.0562798e-05
       222    2.6255104e-05
       223    1.6994392e-05
       224    1.1000292e-05
       225    7.1204918e-06
       226    4.6091754e-06
       227    2.9836247e-06
       228    1.9314032e-06
       229    1.2502868e-06
       230    8.0938332e-07
       231    5.2397053e-07
       232    3.3920909e-07
       233    2.1960193e-07
       234    1.4217160e-07
       235    9.2044459e-08
       236    5.9592356e-08
       237    3.8582602e-08
       238    2.4980471e-08
       239    1.6174019e-08
       240    1.0472332e-08
       241    6.7807422e-09
       242    4.3905577e-09
       243    2.8429650e-09
       244    1.8409175e-09
       245    1.1920983e-09
       246    7.7199419e-10
       247    4.9999116e-10
       248    3.2389907e-10
       249    2.0993352e-10
       250    1.3623129e-10
       251    8.8654618e-11
       252    5.8077956e-11
       253    3.8636986e-11
       254    2.6603391e-11
       255    1.9669580e-11
       256    1.6505977e-11
