         1    9.9999958e-01
         2    9.9999958e-01
         3    9.9999958e-01
         4    9.9999958e-01
         5    9.9999958e-01
         6    9.9999958e-01
         7    9.9999958e-01
         8    9.9999958e-01
         9    9.9999958e-01
        10    9.9999958e-01
        11    9.9999958e-01
        12    9.9999958e-01
        13    9.9999958e-01
        14    9.9999958e-01
        15    9.9999958e-01
        16    9.9999958e-01
        17    9.9999958e-01
        18    9.9999958e-01
        19    9.9999958e-01
        20    9.9999958e-01
        21    9.9999958e-01
        22    9.9999958e-01
        23    9.9999958e-01
        24    9.9999958e-01
        25    9.9999958e-01
        26    9.9999958e-01
        27    9.9999958e-01
        28    9.9999958e-01
        29    9.9999958e-01
        30    9.9999958e-01
        31    9.9999958e-01
        32    9.9999958e-01
        33    9.9999958e-01
        34    9.9999958e-01
        35    9.9999958e-01
        36    9.9999958e-01
        37    9.9999958e-01
        38    9.9999958e-01
        39    9.9999958e-01
        40    9.9999958e-01
        41    9.9999958e-01
        42    9.9999958e-01
        43    9.9999958e-01
        44    9.9999958e-01
        45    9.9999958e-01
        46    9.9999958e-01
        47    9.9999958e-01
        48    9.9999958e-01
        49    9.9999958e-01
        50    9.9999958e-01
        51    9.9999958e-01
        52    9.9999958e-01
        53    9.9999958e-01
        54    9.9999958e-01
        55    9.9999958e-01
        56    9.9999958e-01
        57    9.9999958e-01
        58    9.9999958e-01
        59    9.9999958e-01
        60    9.9999958e-01
        61    9.9999958e-01
        62    9.9999958e-01
        63    9.9999958e-01
        64    9.9999958e-01
        65    9.9999958e-01
        66    9.9999958e-01
        67    9.9999958e-01
        68    9.9999958e-01
        69    9.9999958e-01
        70    9.9999958e-01
        71    9.9999958e-01
        72    9.9999958e-01
        73    9.9999958e-01
        74    9.9999958e-01
        75    9.9999958e-01
        76    9.9999958e-01
        77    9.9999958e-01
        78    9.9999958e-01
        79    9.9999958e-01
        80    9.9999958e-01
        81    9.9999958e-01
        82    9.9999958e-01
        83    9.9999958e-01
        84    9.9999958e-01
        85    9.9999958e-01
        86    9.9999958e-01
        87    9.9999958e-01
        88    9.9999958e-01
        89    9.9999958e-01
        90    9.9999958e-01
        91    9.9999958e-01
        92    9.9999958e-01
        93    9.9999958e-01
        94    9.9999958e-01
        95    9.9999958e-01
        96    9.9999958e-01
        97    9.9999958e-01
        98    9.9999958e-01
        99    9.9999958e-01
       100    9.9999958e-01
       101    9.9999958e-01
       102    9.9999958e-01
       103    9.9999958e-01
       104    9.9999958e-01
       105    9.9999958e-01
       106    9.9999958e-01
       107    9.9999958e-01
       108    9.9999958e-01
       109    9.9999958e-01
       110    9.9999958e-01
       111    9.9999958e-01
       112    9.9999958e-01
       113    9.9999958e-01
       114    9.9999958e-01
       115    9.9999958e-01
       116    9.9999952e-01
       117    9.9999940e-01
       118    9.9999917e-01
       119    9.9999875e-01
       120    9.9999803e-01
       121    9.9999696e-01
       122    9.9999529e-01
       123    9.9999267e-01
       124    9.9998868e-01
       125    9.9998242e-01
       126    9.9997276e-01
       127    9.9995774e-01
       128    9.9993443e-01
       129    9.9989825e-01
       130    9.9984211e-01
       131    9.9975502e-01
       132    9.9961990e-01
       133    9.9941033e-01
       134    9.9908525e-01
       135    9.9858105e-01
       136    9.9779958e-01
       137    9.9658900e-01
       138    9.9471569e-01
       139    9.9182135e-01
       140    9.8736060e-01
       141    9.8051196e-01
       142    9.7005886e-01
       143    9.5424742e-01
       144    9.3065524e-01
       145    8.9616597e-01
       146    8.4723771e-01
       147    7.8073496e-01
       148    6.9548672e-01
       149    5.9415925e-01
       150    4.8410398e-01
       151    3.7572387e-01
       152    2.7876642e-01
       153    1.9911055e-01
       154    1.3804816e-01
       155    9.3636066e-02
       156    6.2535644e-02
       157    4.1323688e-02
       158    2.7112646e-02
       159    1.7704869e-02
       160    1.1525723e-02
       161    7.4880440e-03
       162    4.8585092e-03
       163    3.1497409e-03
       164    2.0408733e-03
       165    1.3219425e-03
       166    8.5609185e-04
       167    5.5433915e-04
       168    3.5892322e-04
       169    2.3238797e-04
       170    1.5046021e-04
       171    9.7416363e-05
       172    6.3073749e-05
       173    4.0838935e-05
       174    2.6443020e-05
       175    1.7122204e-05
       176    1.1087176e-05
       177    7.1795203e-06
       178    4.6492555e-06
       179    3.0108224e-06
       180    1.9498477e-06
       181    1.2627876e-06
       182    8.1785055e-07
       183    5.2970211e-07
       184    3.4308653e-07
       185    2.2222342e-07
       186    1.4394291e-07
       187    9.3240594e-08
       188    6.0399614e-08
       189    3.9127105e-08
       190    2.5347532e-08
       191    1.6421323e-08
       192    1.0638863e-08
       193    6.8928188e-09
       194    4.4659427e-09
       195    2.8936380e-09
       196    1.8749513e-09
       197    1.2149284e-09
       198    7.8727463e-10
       199    5.1017229e-10
       200    3.3061495e-10
       201    2.1426105e-10
       202    1.3886066e-10
       203    8.9997509e-11
       204    5.8330694e-11
       205    3.7807611e-11
       206    2.4506253e-11
       207    1.5885111e-11
       208    1.0297204e-11
       209    6.6751995e-12
       210    4.3273809e-12
       211    2.8054468e-12
       212    1.8188427e-12
       213    1.1792463e-12
       214    7.6459292e-13
       215    4.9576126e-13
       216    3.2146340e-13
       217    2.0845259e-13
       218    1.3517612e-13
       219    8.7661649e-14
       220    5.6850791e-14
       221    3.6870650e-14
       222    2.3913465e-14
       223    1.5510361e-14
       224    1.0060489e-14
       225    6.5258074e-15
       226    4.2331882e-15
       227    2.7461181e-15
       228    1.7815144e-15
       229    1.1557881e-15
       230    7.4986996e-16
       231    4.8653350e-16
       232    3.1568857e-16
       233    2.0484458e-16
       234    1.3292597e-16
       235    8.6261127e-17
       236    5.5980990e-17
       237    3.6331764e-17
       238    2.3580504e-17
       239    1.5305257e-17
       240    9.9345781e-18
       241    6.4488154e-18
       242    4.1863230e-18
       243    2.7177459e-18
       244    1.7644538e-18
       245    1.1456225e-18
       246    7.4389681e-19
       247    4.8311132e-19
       248    3.1383424e-19
       249    2.0398681e-19
       250    1.3275758e-19
       251    8.6654918e-20
       252    5.6948542e-20
       253    3.8014442e-20
       254    2.6268809e-20
       255    1.9488904e-20
       256    1.6391909e-20
