         1    9.9999958e-01
         2    9.9999958e-01
         3    9.9999958e-01
         4    9.9999958e-01
         5    9.9999958e-01
         6    9.9999958e-01
         7    9.9999958e-01
         8    9.9999958e-01
         9    9.9999958e-01
        10    9.9999958e-01
        11    9.9999958e-01
        12    9.9999958e-01
        13    9.9999958e-01
        14    9.9999958e-01
        15    9.9999958e-01
        16    9.9999958e-01
        17    9.9999958e-01
        18    9.9999958e-01
        19    9.9999958e-01
        20    9.9999958e-01
        21    9.9999958e-01
        22    9.9999958e-01
        23    9.9999958e-01
        24    9.9999958e-01
        25    9.9999958e-01
        26    9.9999958e-01
        27    9.9999958e-01
        28    9.9999958e-01
        29    9.9999958e-01
        30    9.9999958e-01
        31    9.9999958e-01
        32    9.9999958e-01
        33    9.9999958e-01
        34    9.9999958e-01
        35    9.9999958e-01
        36    9.9999958e-01
        37    9.9999958e-01
        38    9.9999958e-01
        39    9.9999958e-01
        40    9.9999958e-01
        41    9.9999958e-01
        42    9.9999958e-01
        43    9.9999958e-01
        44    9.9999958e-01
        45    9.9999958e-01
        46    9.9999958e-01
        47    9.9999958e-01
        48    9.9999958e-01
        49    9.9999958e-01
        50    9.9999958e-01
        51    9.9999958e-01
        52    9.9999958e-01
        53    9.9999958e-01
        54    9.9999958e-01
        55    9.9999958e-01
        56    9.9999958e-01
        57    9.9999958e-01
        58    9.9999958e-01
        59    9.9999958e-01
        60    9.9999958e-01
        61    9.9999958e-01
        62    9.9999958e-01
        63    9.9999958e-01
        64    9.9999958e-01
        65    9.9999958e-01
        66    9.9999958e-01
        67    9.9999958e-01
        68    9.9999958e-01
        69    9.9999958e-01
        70    9.9999958e-01
        71    9.9999958e-01
        72    9.9999958e-01
        73    9.9999958e-01
        74    9.9999958e-01
        75    9.9999958e-01
        76    9.9999958e-01
        77    9.9999958e-01
        78    9.9999958e-01
        79    9.9999958e-01
        80    9.9999958e-01
        81    9.9999958e-01
        82    9.9999958e-01
        83    9.9999958e-01
        84    9.9999958e-01
        85    9.9999958e-01
        86    9.9999958e-01
        87    9.9999958e-01
        88    9.9999958e-01
        89    9.9999958e-01
        90    9.9999958e-01
        91    9.9999958e-01
        92    9.9999958e-01
        93    9.9999958e-01
        94    9.9999958e-01
        95    9.9999958e-01
        96    9.9999958e-01
        97    9.9999958e-01
        98    9.9999958e-01
        99    9.9999958e-01
       100    9.9999958e-01
       101    9.9999958e-01
       102    9.9999958e-01
       103    9.9999958e-01
       104    9.9999958e-01
       105    9.9999958e-01
       106    9.9999958e-01
       107    9.9999958e-01
       108    9.9999958e-01
       109    9.9999958e-01
       110    9.9999958e-01
       111    9.9999958e-01
       112    9.9999958e-01
       113    9.9999958e-01
       114    9.9999958e-01
       115    9.9999958e-01
       116    9.9999958e-01
       117    9.9999958e-01
       118    9.9999958e-01
       119    9.9999958e-01
       120    9.9999958e-01
       121    9.9999958e-01
       122    9.9999958e-01
       123    9.9999958e-01
       124    9.9999958e-01
       125    9.9999958e-01
       126    9.9999958e-01
       127    9.9999958e-01
       128    9.9999958e-01
       129    9.9999958e-01
       130    9.9999946e-01
       131    9.9999928e-01
       132    9.9999905e-01
       133    9.9999857e-01
       134    9.9999774e-01
       135    9.9999654e-01
       136    9.9999464e-01
       137    9.9999166e-01
       138    9.9998707e-01
       139    9.9997991e-01
       140    9.9996883e-01
       141    9.9995166e-01
       142    9.9992496e-01
       143    9.9988353e-01
       144    9.9981928e-01
       145    9.9971956e-01
       146    9.9956483e-01
       147    9.9932480e-01
       148    9.9895251e-01
       149    9.9837524e-01
       150    9.9748051e-01
       151    9.9609476e-01
       152    9.9395120e-01
       153    9.9064130e-01
       154    9.8554516e-01
       155    9.7773284e-01
       156    9.6583700e-01
       157    9.4790792e-01
       158    9.2130178e-01
       159    8.8272029e-01
       160    8.2862425e-01
       161    7.5628871e-01
       162    6.6554517e-01
       163    5.6051773e-01
       164    4.4981071e-01
       165    3.4405926e-01
       166    2.5205812e-01
       167    1.7821611e-01
       168    1.2262358e-01
       169    8.2720853e-02
       170    5.5036806e-02
       171    3.6274776e-02
       172    2.3758786e-02
       173    1.5496729e-02
       174    1.0080351e-02
       175    6.5455227e-03
       176    4.2453916e-03
       177    2.7515253e-03
       178    1.7824909e-03
       179    1.1543946e-03
       180    7.4748631e-04
       181    4.8395590e-04
       182    3.1331592e-04
       183    2.0283669e-04
       184    1.3131263e-04
       185    8.5009611e-05
       186    5.5034459e-05
       187    3.5629429e-05
       188    2.3067047e-05
       189    1.4934309e-05
       190    9.6691629e-06
       191    6.2604217e-06
       192    4.0534951e-06
       193    2.6246246e-06
       194    1.6994811e-06
       195    1.1004674e-06
       196    7.1260649e-07
       197    4.6146013e-07
       198    2.9883432e-07
       199    1.9352568e-07
       200    1.2533103e-07
       201    8.1169070e-08
       202    5.2569582e-08
       203    3.4047911e-08
       204    2.2052530e-08
       205    1.4283626e-08
       206    9.2518926e-09
       207    5.9928698e-09
       208    3.8819619e-09
       209    2.5146636e-09
       210    1.6289988e-09
       211    1.0552951e-09
       212    6.8365880e-10
       213    4.4291182e-10
       214    2.8695085e-10
       215    1.8591322e-10
       216    1.2045519e-10
       217    7.8046486e-11
       218    5.0570104e-11
       219    3.2767778e-11
       220    2.1233074e-11
       221    1.3759150e-11
       222    8.9162696e-12
       223    5.7781349e-12
       224    3.7445979e-12
       225    2.4268098e-12
       226    1.5728216e-12
       227    1.0193808e-12
       228    6.6070359e-13
       229    4.2824300e-13
       230    2.7757945e-13
       231    1.7992766e-13
       232    1.1663318e-13
       233    7.5606662e-14
       234    4.9013060e-14
       235    3.1774408e-14
       236    2.0599521e-14
       237    1.3355214e-14
       238    8.6588223e-15
       239    5.6141128e-15
       240    3.6401385e-15
       241    2.3603124e-15
       242    1.5305100e-15
       243    9.9247337e-16
       244    6.4360491e-16
       245    4.1738975e-16
       246    2.7070472e-16
       247    1.7559184e-16
       248    1.1392559e-16
       249    7.3956200e-17
       250    4.8069236e-17
       251    3.1333823e-17
       252    2.0562767e-17
       253    1.3705081e-17
       254    9.4551335e-18
       255    7.0038896e-18
       256    5.8847697e-18
