         1    9.9999958e-01
         2    9.9999958e-01
         3    9.9999958e-01
         4    9.9999958e-01
         5    9.9999958e-01
         6    9.9999958e-01
         7    9.9999958e-01
         8    9.9999958e-01
         9    9.9999958e-01
        10    9.9999958e-01
        11    9.9999958e-01
        12    9.9999958e-01
        13    9.9999958e-01
        14    9.9999958e-01
        15    9.9999958e-01
        16    9.9999958e-01
        17    9.9999958e-01
        18    9.9999958e-01
        19    9.9999958e-01
        20    9.9999958e-01
        21    9.9999958e-01
        22    9.9999958e-01
        23    9.9999958e-01
        24    9.9999958e-01
        25    9.9999958e-01
        26    9.9999958e-01
        27    9.9999958e-01
        28    9.9999958e-01
        29    9.9999958e-01
        30    9.9999958e-01
        31    9.9999958e-01
        32    9.9999958e-01
        33    9.9999958e-01
        34    9.9999958e-01
        35    9.9999958e-01
        36    9.9999958e-01
        37    9.9999958e-01
        38    9.9999958e-01
        39    9.9999958e-01
        40    9.9999958e-01
        41    9.9999958e-01
        42    9.9999958e-01
        43    9.9999958e-01
        44    9.9999958e-01
        45    9.9999958e-01
        46    9.9999958e-01
        47    9.9999958e-01
        48    9.9999958e-01
        49    9.9999958e-01
        50    9.9999958e-01
        51    9.9999958e-01
        52    9.9999958e-01
        53    9.9999958e-01
        54    9.9999958e-01
        55    9.9999958e-01
        56    9.9999958e-01
        57    9.9999958e-01
        58    9.9999958e-01
        59    9.9999958e-01
        60    9.9999958e-01
        61    9.9999958e-01
        62    9.9999958e-01
        63    9.9999958e-01
        64    9.9999958e-01
        65    9.9999958e-01
        66    9.9999958e-01
        67    9.9999958e-01
        68    9.9999952e-01
        69    9.9999940e-01
        70    9.9999923e-01
        71    9.9999887e-01
        72    9.9999821e-01
        73    9.9999732e-01
        74    9.9999583e-01
        75    9.9999356e-01
        76    9.9998999e-01
        77    9.9998450e-01
        78    9.9997592e-01
        79    9.9996269e-01
        80    9.9994212e-01
        81    9.9991030e-01
        82    9.9986088e-01
        83    9.9978429e-01
        84    9.9966544e-01
        85    9.9948126e-01
        86    9.9919558e-01
        87    9.9875283e-01
        88    9.9806672e-01
        89    9.9700403e-01
        90    9.9535954e-01
        91    9.9281830e-01
        92    9.8889959e-01
        93    9.8287696e-01
        94    9.7366828e-01
        95    9.5969898e-01
        96    9.3876141e-01
        97    9.0794283e-01
        98    8.6377794e-01
        99    8.0288106e-01
       100    7.2328722e-01
       101    6.2632489e-01
       102    5.1795560e-01
       103    4.0797517e-01
       104    3.0673859e-01
       105    2.2150017e-01
       106    1.5487228e-01
       107    1.0570139e-01
       108    7.0907459e-02
       109    4.7003038e-02
       110    3.0907743e-02
       111    2.0215821e-02
       112    1.3176403e-02
       113    8.5687479e-03
       114    5.5642342e-03
       115    3.6098754e-03
       116    2.3406090e-03
       117    1.5170984e-03
       118    9.8312949e-04
       119    6.3703215e-04
       120    4.1275521e-04
       121    2.6743722e-04
       122    1.7328483e-04
       123    1.1228355e-04
       124    7.2760115e-05
       125    4.7151490e-05
       126    3.0557967e-05
       127    1.9805317e-05
       128    1.2837145e-05
       129    8.3211844e-06
       130    5.3942658e-06
       131    3.4971192e-06
       132    2.2673562e-06
       133    1.4701465e-06
       134    9.5330802e-07
       135    6.1821265e-07
       136    4.0093585e-07
       137    2.6004255e-07
       138    1.6867348e-07
       139    1.0941637e-07
       140    7.0982487e-08
       141    4.6052570e-08
       142    2.9880685e-08
       143    1.9389280e-08
       144    1.2582516e-08
       145    8.1659834e-09
       146    5.3001115e-09
       147    3.4403094e-09
       148    2.2332964e-09
       149    1.4498801e-09
       150    9.4135866e-10
       151    6.1124594e-10
       152    3.9693121e-10
       153    2.5778249e-10
       154    1.6742914e-10
       155    1.0875489e-10
       156    7.0649209e-11
       157    4.5899420e-11
       158    2.9822856e-11
       159    1.9379122e-11
       160    1.2593968e-11
       161    8.1853161e-12
       162    5.3205140e-12
       163    3.4587398e-12
       164    2.2486882e-12
       165    1.4621388e-12
       166    9.5081712e-13
       167    6.1838008e-13
       168    4.0222139e-13
       169    2.6165390e-13
       170    1.7023264e-13
       171    1.1076773e-13
       172    7.2084157e-14
       173    4.6916315e-14
       174    3.0539847e-14
       175    1.9882469e-14
       176    1.2946003e-14
       177    8.4307205e-15
       178    5.4910948e-15
       179    3.5770104e-15
       180    2.3305061e-15
       181    1.5186263e-15
       182    9.8974699e-16
       183    6.4516673e-16
       184    4.2062619e-16
       185    2.7428327e-16
       186    1.7888877e-16
       187    1.1669433e-16
       188    7.6138025e-17
       189    4.9686781e-17
       190    3.2431704e-17
       191    2.1173403e-17
       192    1.3826294e-17
       193    9.0306170e-18
       194    5.8996722e-18
       195    3.8551331e-18
       196    2.5197307e-18
       197    1.6473058e-18
       198    1.0772136e-18
       199    7.0459389e-19
       200    4.6098548e-19
       201    3.0168153e-19
       202    1.9748078e-19
       203    1.2930552e-19
       204    8.4688916e-20
       205    5.5482306e-20
       206    3.6358133e-20
       207    2.3832432e-20
       208    1.5626262e-20
       209    1.0248535e-20
       210    6.7233858e-21
       211    4.4119762e-21
       212    2.8959838e-21
       213    1.9014085e-21
       214    1.2487323e-21
       215    8.2030538e-22
       216    5.3900329e-22
       217    3.5425327e-22
       218    2.3288383e-22
       219    1.5313127e-22
       220    1.0071241e-22
       221    6.6250912e-23
       222    4.3589819e-23
       223    2.8685128e-23
       224    1.8879950e-23
       225    1.2428265e-23
       226    8.1823619e-24
       227    5.3876305e-24
       228    3.5478065e-24
       229    2.3364512e-24
       230    1.5387906e-24
       231    1.0134896e-24
       232    6.6752379e-25
       233    4.3965511e-25
       234    2.8956463e-25
       235    1.9070264e-25
       236    1.2558428e-25
       237    8.2693361e-26
       238    5.4444240e-26
       239    3.5840019e-26
       240    2.3588944e-26
       241    1.5522499e-26
       242    1.0212140e-26
       243    6.7168140e-27
       244    4.4166381e-27
       245    2.9033232e-27
       246    1.9079784e-27
       247    1.2535442e-27
       248    8.2345850e-28
       249    5.4101144e-28
       250    3.5574998e-28
       251    2.3452805e-28
       252    1.5562064e-28
       253    1.0486181e-28
       254    7.3123612e-29
       255    5.4689694e-29
       256    4.6235683e-29
