         1    9.9972993e-01
         2    9.9970049e-01
         3    9.9963677e-01
         4    9.9952823e-01
         5    9.9935675e-01
         6    9.9909335e-01
         7    9.9869299e-01
         8    9.9808609e-01
         9    9.9716616e-01
        10    9.9577057e-01
        11    9.9365127e-01
        12    9.9043202e-01
        13    9.8554528e-01
        14    9.7814476e-01
        15    9.6698946e-01
        16    9.5030969e-01
        17    9.2569262e-01
        18    8.9008337e-01
        19    8.4008777e-01
        20    7.7282554e-01
        21    6.8744791e-01
        22    5.8686548e-01
        23    4.7839698e-01
        24    3.7207142e-01
        25    2.7711263e-01
        26    1.9901086e-01
        27    1.3893060e-01
        28    9.4999850e-02
        29    6.4029388e-02
        30    4.2740401e-02
        31    2.8352335e-02
        32    1.8735254e-02
        33    1.2352163e-02
        34    8.1337914e-03
        35    5.3530219e-03
        36    3.5223982e-03
        37    2.3179969e-03
        38    1.5257123e-03
        39    1.0044626e-03
        40    6.6143781e-04
        41    4.3562838e-04
        42    2.8693478e-04
        43    1.8899588e-04
        44    1.2447523e-04
        45    8.1966005e-05
        46    5.3959051e-05
        47    3.5508820e-05
        48    2.3356855e-05
        49    1.5355610e-05
        50    1.0089439e-05
        51    6.6250791e-06
        52    4.3473096e-06
        53    2.8506308e-06
        54    1.8678488e-06
        55    1.2229693e-06
        56    8.0012541e-07
        57    5.2307843e-07
        58    3.4169636e-07
        59    2.2303725e-07
        60    1.4547064e-07
        61    9.4804548e-08
        62    6.1734802e-08
        63    4.0166473e-08
        64    2.6110131e-08
        65    1.6956518e-08
        66    1.1000369e-08
        67    7.1280462e-09
        68    4.6127919e-09
        69    2.9806548e-09
        70    1.9227586e-09
        71    1.2379415e-09
        72    7.9528217e-10
        73    5.0963433e-10
        74    3.2566508e-10
        75    2.0744689e-10
        76    1.3167555e-10
        77    8.3252627e-11
        78    5.2409781e-11
        79    3.2837642e-11
        80    2.0469118e-11
        81    1.2688683e-11
        82    7.8189599e-12
        83    4.7876750e-12
        84    2.9118988e-12
        85    1.7584991e-12
        86    1.0540637e-12
        87    6.2690532e-13
        88    3.6983323e-13
        89    2.1634390e-13
        90    1.2545597e-13
        91    7.2098557e-14
        92    4.1052329e-14
        93    2.3153651e-14
        94    1.2932203e-14
        95    7.1516127e-15
        96    3.9149562e-15
        97    2.1210931e-15
        98    1.1371714e-15
        99    6.0318963e-16
       100    3.1650175e-16
       101    1.6425912e-16
       102    8.4305196e-17
       103    4.2785298e-17
       104    2.1468273e-17
       105    1.0649074e-17
       106    5.2214494e-18
       107    2.5304030e-18
       108    1.2118939e-18
       109    5.7355442e-19
       110    2.6821344e-19
       111    1.2392087e-19
       112    5.6562694e-20
       113    2.5503650e-20
       114    1.1358668e-20
       115    4.9965744e-21
       116    2.1707269e-21
       117    9.3131136e-22
       118    3.9455811e-22
       119    1.6505308e-22
       120    6.8171624e-23
       121    2.7798550e-23
       122    1.1190535e-23
       123    4.4469430e-24
       124    1.7443215e-24
       125    6.7533332e-25
       126    2.5805307e-25
       127    9.7313210e-26
       128    3.6214216e-26
       129    1.3298534e-26
       130    4.8185731e-27
       131    1.7226450e-27
       132    6.0758675e-28
       133    2.1141135e-28
       134    7.2565140e-29
       135    2.4568545e-29
       136    8.2045406e-30
       137    2.7022400e-30
       138    8.7772724e-31
       139    2.8114606e-31
       140    8.8799711e-32
       141    2.7654662e-32
       142    8.4912576e-33
       143    2.5703462e-33
       144    7.6700088e-34
       145    2.2560717e-34
       146    6.5407909e-35
       147    1.8689387e-35
       148    5.2627630e-36
       149    1.4603342e-36
       150    3.9927823e-37
       151    1.0755941e-37
       152    2.8545285e-38
       153    7.4627117e-39
       154    1.9217533e-39
       155    4.8741505e-40
       156    1.2174901e-40
       157    2.9947149e-41
       158    7.2531209e-42
       159    1.7306036e-42
       160    4.0777785e-43
       161    9.3886997e-44
       162    2.1019477e-44
       163    4.2038954e-45
       164    0.0000000e+00
       165    0.0000000e+00
       166    0.0000000e+00
       167    0.0000000e+00
       168    0.0000000e+00
       169    0.0000000e+00
       170    0.0000000e+00
       171    0.0000000e+00
       172    0.0000000e+00
       173    0.0000000e+00
       174    0.0000000e+00
       175    0.0000000e+00
       176    0.0000000e+00
       177    0.0000000e+00
       178    0.0000000e+00
       179    0.0000000e+00
       180    0.0000000e+00
       181    0.0000000e+00
       182    0.0000000e+00
       183    0.0000000e+00
       184    0.0000000e+00
       185    0.0000000e+00
       186    0.0000000e+00
       187    0.0000000e+00
       188    0.0000000e+00
       189    0.0000000e+00
       190    0.0000000e+00
       191    0.0000000e+00
       192    0.0000000e+00
       193    0.0000000e+00
       194    0.0000000e+00
       195    0.0000000e+00
       196    0.0000000e+00
       197    0.0000000e+00
       198    0.0000000e+00
       199    0.0000000e+00
       200    0.0000000e+00
       201    0.0000000e+00
       202    0.0000000e+00
       203    0.0000000e+00
       204    0.0000000e+00
       205    0.0000000e+00
       206    0.0000000e+00
       207    0.0000000e+00
       208    0.0000000e+00
       209    0.0000000e+00
       210    0.0000000e+00
       211    0.0000000e+00
       212    0.0000000e+00
       213    0.0000000e+00
       214    0.0000000e+00
       215    0.0000000e+00
       216    0.0000000e+00
       217    0.0000000e+00
       218    0.0000000e+00
       219    0.0000000e+00
       220    0.0000000e+00
       221    0.0000000e+00
       222    0.0000000e+00
       223    0.0000000e+00
       224    0.0000000e+00
       225    0.0000000e+00
       226    0.0000000e+00
       227    0.0000000e+00
       228    0.0000000e+00
       229    0.0000000e+00
       230    0.0000000e+00
       231    0.0000000e+00
       232    0.0000000e+00
       233    0.0000000e+00
       234    0.0000000e+00
       235    0.0000000e+00
       236    0.0000000e+00
       237    0.0000000e+00
       238    0.0000000e+00
       239    0.0000000e+00
       240    0.0000000e+00
       241    0.0000000e+00
       242    0.0000000e+00
       243    0.0000000e+00
       244    0.0000000e+00
       245    0.0000000e+00
       246    0.0000000e+00
       247    0.0000000e+00
       248    0.0000000e+00
       249    0.0000000e+00
       250    0.0000000e+00
       251    0.0000000e+00
       252    0.0000000e+00
       253    0.0000000e+00
       254    0.0000000e+00
       255    0.0000000e+00
       256    0.0000000e+00
