         1    9.9999958e-01
         2    9.9999958e-01
         3    9.9999958e-01
         4    9.9999958e-01
         5    9.9999958e-01
         6    9.9999958e-01
         7    9.9999958e-01
         8    9.9999958e-01
         9    9.9999958e-01
        10    9.9999958e-01
        11    9.9999958e-01
        12    9.9999958e-01
        13    9.9999958e-01
        14    9.9999958e-01
        15    9.9999958e-01
        16    9.9999958e-01
        17    9.9999958e-01
        18    9.9999958e-01
        19    9.9999958e-01
        20    9.9999958e-01
        21    9.9999958e-01
        22    9.9999958e-01
        23    9.9999958e-01
        24    9.9999958e-01
        25    9.9999958e-01
        26    9.9999958e-01
        27    9.9999958e-01
        28    9.9999946e-01
        29    9.9999928e-01
        30    9.9999905e-01
        31    9.9999857e-01
        32    9.9999779e-01
        33    9.9999660e-01
        34    9.9999481e-01
        35    9.9999195e-01
        36    9.9998760e-01
        37    9.9998087e-01
        38    9.9997044e-01
        39    9.9995428e-01
        40    9.9992931e-01
        41    9.9989074e-01
        42    9.9983102e-01
        43    9.9973863e-01
        44    9.9959564e-01
        45    9.9937427e-01
        46    9.9903178e-01
        47    9.9850166e-01
        48    9.9768162e-01
        49    9.9641359e-01
        50    9.9445468e-01
        51    9.9143320e-01
        52    9.8678410e-01
        53    9.7965825e-01
        54    9.6880162e-01
        55    9.5241320e-01
        56    9.2801952e-01
        57    8.9246643e-01
        58    8.4222299e-01
        59    7.7426779e-01
        60    6.8768847e-01
        61    5.8551687e-01
        62    4.7540998e-01
        63    3.6781195e-01
        64    2.7220851e-01
        65    1.9409019e-01
        66    1.3443972e-01
        67    9.1163792e-02
        68    6.0901392e-02
        69    4.0272273e-02
        70    2.6450513e-02
        71    1.7295355e-02
        72    1.1276649e-02
        73    7.3391167e-03
        74    4.7711460e-03
        75    3.0996678e-03
        76    2.0130328e-03
        77    1.3071173e-03
        78    8.4871467e-04
        79    5.5109791e-04
        80    3.5788189e-04
        81    2.3243982e-04
        82    1.5099139e-04
        83    9.8100696e-05
        84    6.3749350e-05
        85    4.1435003e-05
        86    2.6937056e-05
        87    1.7515675e-05
        88    1.1392005e-05
        89    7.4109257e-06
        90    4.8222096e-06
        91    3.1385098e-06
        92    2.0431826e-06
        93    1.3304533e-06
        94    8.6656985e-07
        95    5.6457515e-07
        96    3.6792315e-07
        97    2.3983500e-07
        98    1.5638365e-07
        99    1.0199915e-07
       100    6.6547457e-08
       101    4.3430969e-08
       102    2.8353329e-08
       103    1.8516058e-08
       104    1.2095852e-08
       105    7.9044415e-09
       106    5.1672107e-09
       107    3.3790502e-09
       108    2.2104962e-09
       109    1.4465869e-09
       110    9.4702557e-10
       111    6.2021716e-10
       112    4.0634318e-10
       113    2.6632449e-10
       114    1.7462225e-10
       115    1.1454056e-10
       116    7.5160683e-11
       117    4.9339376e-11
       118    3.2401665e-11
       119    2.1286795e-11
       120    1.3990084e-11
       121    9.1980234e-12
       122    6.0496335e-12
       123    3.9803339e-12
       124    2.6197529e-12
       125    1.7248262e-12
       126    1.1359715e-12
       127    7.4837380e-13
       128    4.9316237e-13
       129    3.2506617e-13
       130    2.1431553e-13
       131    1.4132669e-13
       132    9.3211883e-14
       133    6.1486847e-14
       134    4.0564249e-14
       135    2.6763373e-14
       136    1.7658743e-14
       137    1.1651584e-14
       138    7.6877752e-15
       139    5.0721358e-15
       140    3.3461001e-15
       141    2.2071309e-15
       142    1.4555973e-15
       143    9.5975630e-16
       144    6.3265923e-16
       145    4.1691748e-16
       146    2.7465274e-16
       147    1.8086452e-16
       148    1.1905305e-16
       149    7.8329848e-17
       150    5.1510479e-17
       151    3.3855358e-17
       152    2.2238451e-17
       153    1.4598524e-17
       154    9.5768448e-18
       155    6.2780821e-18
       156    4.1124860e-18
       157    2.6917623e-18
       158    1.7603768e-18
       159    1.1502523e-18
       160    7.5089817e-19
       161    4.8972391e-19
       162    3.1906983e-19
       163    2.0766639e-19
       164    1.3501270e-19
       165    8.7678431e-20
       166    5.6872532e-20
       167    3.6845620e-20
       168    2.3841003e-20
       169    1.5406376e-20
       170    9.9425034e-21
       171    6.4075543e-21
       172    4.1235588e-21
       173    2.6498273e-21
       174    1.7002419e-21
       175    1.0892659e-21
       176    6.9673831e-22
       177    4.4493921e-22
       178    2.8366752e-22
       179    1.8054249e-22
       180    1.1470791e-22
       181    7.2750280e-23
       182    4.6056073e-23
       183    2.9102739e-23
       184    1.8355220e-23
       185    1.1554427e-23
       186    7.2591343e-24
       187    4.5514919e-24
       188    2.8480020e-24
       189    1.7784017e-24
       190    1.1081745e-24
       191    6.8906675e-25
       192    4.2753885e-25
       193    2.6469010e-25
       194    1.6350634e-25
       195    1.0077519e-25
       196    6.1970127e-26
       197    3.8019715e-26
       198    2.3271332e-26
       199    1.4210462e-26
       200    8.6568240e-27
       201    5.2609192e-27
       202    3.1893839e-27
       203    1.9287855e-27
       204    1.1635450e-27
       205    7.0015618e-28
       206    4.2025202e-28
       207    2.5160476e-28
       208    1.5024958e-28
       209    8.9492072e-29
       210    5.3164839e-29
       211    3.1501058e-29
       212    1.8615672e-29
       213    1.0971796e-29
       214    6.4493345e-30
       215    3.7807965e-30
       216    2.2104263e-30
       217    1.2888027e-30
       218    7.4939058e-31
       219    4.3454537e-31
       220    2.5128188e-31
       221    1.4490402e-31
       222    8.3327315e-32
       223    4.7783340e-32
       224    2.7323887e-32
       225    1.5580456e-32
       226    8.8589971e-33
       227    5.0228572e-33
       228    2.8397119e-33
       229    1.6008488e-33
       230    8.9985920e-34
       231    5.0436238e-34
       232    2.8187103e-34
       233    1.5707022e-34
       234    8.7270796e-35
       235    4.8347262e-35
       236    2.6705389e-35
       237    1.4707757e-35
       238    8.0762711e-36
       239    4.4216958e-36
       240    2.4136648e-36
       241    1.3136267e-36
       242    7.1280488e-37
       243    3.8562927e-37
       244    2.0800168e-37
       245    1.1185577e-37
       246    5.9971090e-38
       247    3.2056440e-38
       248    1.7083549e-38
       249    9.0768800e-39
       250    4.8086299e-39
       251    2.5406999e-39
       252    1.3402593e-39
       253    7.0862542e-40
       254    3.8085471e-40
       255    2.1819338e-40
       256    1.5123093e-40
