         1    9.9999958e-01
         2    9.9999958e-01
         3    9.9999958e-01
         4    9.9999958e-01
         5    9.9999958e-01
         6    9.9999958e-01
         7    9.9999958e-01
         8    9.9999958e-01
         9    9.9999958e-01
        10    9.9999958e-01
        11    9.9999958e-01
        12    9.9999958e-01
        13    9.9999958e-01
        14    9.9999958e-01
        15    9.9999958e-01
        16    9.9999958e-01
        17    9.9999958e-01
        18    9.9999958e-01
        19    9.9999958e-01
        20    9.9999958e-01
        21    9.9999958e-01
        22    9.9999958e-01
        23    9.9999958e-01
        24    9.9999958e-01
        25    9.9999958e-01
        26    9.9999958e-01
        27    9.9999958e-01
        28    9.9999958e-01
        29    9.9999958e-01
        30    9.9999958e-01
        31    9.9999958e-01
        32    9.9999958e-01
        33    9.9999958e-01
        34    9.9999958e-01
        35    9.9999958e-01
        36    9.9999958e-01
        37    9.9999958e-01
        38    9.9999958e-01
        39    9.9999958e-01
        40    9.9999958e-01
        41    9.9999958e-01
        42    9.9999958e-01
        43    9.9999958e-01
        44    9.9999958e-01
        45    9.9999958e-01
        46    9.9999958e-01
        47    9.9999958e-01
        48    9.9999958e-01
        49    9.9999958e-01
        50    9.9999958e-01
        51    9.9999958e-01
        52    9.9999958e-01
        53    9.9999958e-01
        54    9.9999958e-01
        55    9.9999958e-01
        56    9.9999958e-01
        57    9.9999958e-01
        58    9.9999958e-01
        59    9.9999958e-01
        60    9.9999958e-01
        61    9.9999958e-01
        62    9.9999958e-01
        63    9.9999958e-01
        64    9.9999958e-01
        65    9.9999958e-01
        66    9.9999958e-01
        67    9.9999958e-01
        68    9.9999958e-01
        69    9.9999958e-01
        70    9.9999958e-01
        71    9.9999958e-01
        72    9.9999958e-01
        73    9.9999958e-01
        74    9.9999958e-01
        75    9.9999958e-01
        76    9.9999958e-01
        77    9.9999958e-01
        78    9.9999958e-01
        79    9.9999958e-01
        80    9.9999958e-01
        81    9.9999958e-01
        82    9.9999958e-01
        83    9.9999958e-01
        84    9.9999958e-01
        85    9.9999958e-01
        86    9.9999958e-01
        87    9.9999958e-01
        88    9.9999958e-01
        89    9.9999958e-01
        90    9.9999958e-01
        91    9.9999958e-01
        92    9.9999958e-01
        93    9.9999958e-01
        94    9.9999958e-01
        95    9.9999958e-01
        96    9.9999958e-01
        97    9.9999958e-01
        98    9.9999958e-01
        99    9.9999958e-01
       100    9.9999958e-01
       101    9.9999958e-01
       102    9.9999952e-01
       103    9.9999940e-01
       104    9.9999923e-01
       105    9.9999887e-01
       106    9.9999827e-01
       107    9.9999732e-01
       108    9.9999589e-01
       109    9.9999362e-01
       110    9.9999017e-01
       111    9.9998480e-01
       112    9.9997640e-01
       113    9.9996340e-01
       114    9.9994326e-01
       115    9.9991196e-01
       116    9.9986345e-01
       117    9.9978817e-01
       118    9.9967134e-01
       119    9.9949008e-01
       120    9.9920905e-01
       121    9.9877316e-01
       122    9.9809742e-01
       123    9.9705052e-01
       124    9.9542993e-01
       125    9.9292481e-01
       126    9.8906040e-01
       127    9.8311901e-01
       128    9.7403067e-01
       129    9.6023703e-01
       130    9.3954951e-01
       131    9.0907347e-01
       132    8.6535060e-01
       133    8.0497324e-01
       134    7.2590548e-01
       135    6.2935382e-01
       136    5.2114791e-01
       137    4.1101986e-01
       138    3.0937597e-01
       139    2.2360078e-01
       140    1.5643626e-01
       141    1.0680793e-01
       142    7.1661815e-02
       143    4.7503822e-02
       144    3.1233935e-02
       145    2.0425363e-02
       146    1.3309602e-02
       147    8.6527048e-03
       148    5.6167692e-03
       149    3.6425276e-03
       150    2.3607682e-03
       151    1.5294570e-03
       152    9.9064771e-04
       153    6.4156560e-04
       154    4.1546064e-04
       155    2.6903165e-04
       156    1.7420988e-04
       157    1.1280949e-04
       158    7.3051073e-05
       159    4.7306290e-05
       160    3.0635467e-05
       161    1.9840139e-05
       162    1.2849328e-05
       163    8.3220857e-06
       164    5.3901445e-06
       165    3.4912850e-06
       166    2.2614506e-06
       167    1.4648930e-06
       168    9.4894676e-07
       169    6.1474503e-07
       170    3.9825889e-07
       171    2.5801998e-07
       172    1.6717010e-07
       173    1.0831319e-07
       174    7.0181351e-08
       175    4.5475733e-08
       176    2.9468325e-08
       177    1.9096289e-08
       178    1.2375433e-08
       179    8.0202849e-09
       180    5.1980118e-09
       181    3.3690144e-09
       182    2.1836686e-09
       183    1.4154318e-09
       184    9.1750757e-10
       185    5.9476984e-10
       186    3.8557327e-10
       187    2.4996757e-10
       188    1.6206132e-10
       189    1.0507373e-10
       190    6.8128399e-11
       191    4.4175507e-11
       192    2.8645366e-11
       193    1.8575771e-11
       194    1.2046452e-11
       195    7.8125241e-12
       196    5.0669165e-12
       197    3.2863697e-12
       198    2.1316189e-12
       199    1.3826854e-12
       200    8.9692896e-13
       201    5.8185368e-13
       202    3.7747724e-13
       203    2.4490026e-13
       204    1.5889471e-13
       205    1.0309831e-13
       206    6.6898418e-14
       207    4.3411272e-14
       208    2.8171623e-14
       209    1.8282861e-14
       210    1.1865871e-14
       211    7.7015581e-15
       212    4.9989788e-15
       213    3.2449506e-15
       214    2.1064894e-15
       215    1.3675247e-15
       216    8.8784284e-16
       217    5.7645103e-16
       218    3.7429539e-16
       219    2.4304832e-16
       220    1.5783281e-16
       221    1.0250118e-16
       222    6.6571403e-17
       223    4.3238868e-17
       224    2.8085948e-17
       225    1.8244524e-17
       226    1.1852367e-17
       227    7.7002938e-18
       228    5.0031047e-18
       229    3.2508926e-18
       230    2.1125008e-18
       231    1.3728494e-18
       232    8.9223940e-19
       233    5.7992645e-19
       234    3.7696249e-19
       235    2.4505171e-19
       236    1.5931344e-19
       237    1.0358166e-19
       238    6.7351908e-20
       239    4.3798011e-20
       240    2.8483748e-20
       241    1.8525892e-20
       242    1.2050405e-20
       243    7.8391026e-21
       244    5.1000689e-21
       245    3.3184564e-21
       246    2.1595228e-21
       247    1.4056148e-21
       248    9.1520780e-22
       249    5.9628337e-22
       250    3.8902768e-22
       251    2.5458823e-22
       252    1.6777468e-22
       253    1.1232806e-22
       254    7.7868548e-23
       255    5.7947772e-23
       256    4.8839168e-23
