         1    9.9999958e-01
         2    9.9999958e-01
         3    9.9999958e-01
         4    9.9999958e-01
         5    9.9999958e-01
         6    9.9999958e-01
         7    9.9999958e-01
         8    9.9999958e-01
         9    9.9999958e-01
        10    9.9999958e-01
        11    9.9999958e-01
        12    9.9999958e-01
        13    9.9999958e-01
        14    9.9999958e-01
        15    9.9999958e-01
        16    9.9999958e-01
        17    9.9999958e-01
        18    9.9999958e-01
        19    9.9999958e-01
        20    9.9999958e-01
        21    9.9999958e-01
        22    9.9999958e-01
        23    9.9999958e-01
        24    9.9999958e-01
        25    9.9999958e-01
        26    9.9999958e-01
        27    9.9999958e-01
        28    9.9999958e-01
        29    9.9999958e-01
        30    9.9999958e-01
        31    9.9999958e-01
        32    9.9999958e-01
        33    9.9999958e-01
        34    9.9999958e-01
        35    9.9999958e-01
        36    9.9999958e-01
        37    9.9999958e-01
        38    9.9999958e-01
        39    9.9999958e-01
        40    9.9999958e-01
        41    9.9999958e-01
        42    9.9999958e-01
        43    9.9999958e-01
        44    9.9999958e-01
        45    9.9999958e-01
        46    9.9999958e-01
        47    9.9999958e-01
        48    9.9999958e-01
        49    9.9999958e-01
        50    9.9999958e-01
        51    9.9999958e-01
        52    9.9999958e-01
        53    9.9999958e-01
        54    9.9999958e-01
        55    9.9999958e-01
        56    9.9999958e-01
        57    9.9999958e-01
        58    9.9999958e-01
        59    9.9999958e-01
        60    9.9999958e-01
        61    9.9999958e-01
        62    9.9999958e-01
        63    9.9999958e-01
        64    9.9999958e-01
        65    9.9999958e-01
        66    9.9999958e-01
        67    9.9999958e-01
        68    9.9999958e-01
        69    9.9999958e-01
        70    9.9999958e-01
        71    9.9999958e-01
        72    9.9999958e-01
        73    9.9999958e-01
        74    9.9999958e-01
        75    9.9999958e-01
        76    9.9999958e-01
        77    9.9999958e-01
        78    9.9999958e-01
        79    9.9999958e-01
        80    9.9999958e-01
        81    9.9999958e-01
        82    9.9999958e-01
        83    9.9999958e-01
        84    9.9999958e-01
        85    9.9999958e-01
        86    9.9999958e-01
        87    9.9999958e-01
        88    9.9999958e-01
        89    9.9999958e-01
        90    9.9999958e-01
        91    9.9999958e-01
        92    9.9999958e-01
        93    9.9999958e-01
        94    9.9999958e-01
        95    9.9999958e-01
        96    9.9999958e-01
        97    9.9999958e-01
        98    9.9999958e-01
        99    9.9999958e-01
       100    9.9999958e-01
       101    9.9999958e-01
       102    9.9999958e-01
       103    9.9999958e-01
       104    9.9999958e-01
       105    9.9999958e-01
       106    9.9999958e-01
       107    9.9999958e-01
       108    9.9999958e-01
       109    9.9999952e-01
       110    9.9999940e-01
       111    9.9999917e-01
       112    9.9999881e-01
       113    9.9999815e-01
       114    9.9999714e-01
       115    9.9999559e-01
       116    9.9999321e-01
       117    9.9998945e-01
       118    9.9998361e-01
       119    9.9997461e-01
       120    9.9996060e-01
       121    9.9993891e-01
       122    9.9990523e-01
       123    9.9985301e-01
       124    9.9977195e-01
       125    9.9964613e-01
       126    9.9945092e-01
       127    9.9914819e-01
       128    9.9867880e-01
       129    9.9795109e-01
       130    9.9682379e-01
       131    9.9507898e-01
       132    9.9238247e-01
       133    9.8822480e-01
       134    9.8183680e-01
       135    9.7207594e-01
       136    9.5728606e-01
       137    9.3516046e-01
       138    9.0268910e-01
       139    8.5636133e-01
       140    7.9288787e-01
       141    7.1064591e-01
       142    6.1156780e-01
       143    5.0227445e-01
       144    3.9289176e-01
       145    2.9354191e-01
       146    2.1085827e-01
       147    1.4682651e-01
       148    9.9902347e-02
       149    6.6866674e-02
       150    4.4251714e-02
       151    2.9063031e-02
       152    1.8991355e-02
       153    1.2368863e-02
       154    8.0383206e-03
       155    5.2166819e-03
       156    3.3824726e-03
       157    2.1919312e-03
       158    1.4199223e-03
       159    9.1961748e-04
       160    5.9551629e-04
       161    3.8561074e-04
       162    2.4968354e-04
       163    1.6166897e-04
       164    1.0468059e-04
       165    6.7781773e-05
       166    4.3890424e-05
       167    2.8420951e-05
       168    1.8404355e-05
       169    1.1918363e-05
       170    7.7183977e-06
       171    4.9986479e-06
       172    3.2373753e-06
       173    2.0967605e-06
       174    1.3580632e-06
       175    8.7964332e-07
       176    5.6978212e-07
       177    3.6908517e-07
       178    2.3908927e-07
       179    1.5488497e-07
       180    1.0034005e-07
       181    6.5006255e-08
       182    4.2116465e-08
       183    2.7287554e-08
       184    1.7680451e-08
       185    1.1456136e-08
       186    7.4233366e-09
       187    4.8103468e-09
       188    3.1172374e-09
       189    2.0201321e-09
       190    1.3092004e-09
       191    8.4849450e-10
       192    5.4993143e-10
       193    3.5643863e-10
       194    2.3103504e-10
       195    1.4975723e-10
       196    9.7076659e-11
       197    6.2930175e-11
       198    4.0796252e-11
       199    2.6448373e-11
       200    1.7147275e-11
       201    1.1117545e-11
       202    7.2084248e-12
       203    4.6740107e-12
       204    3.0307981e-12
       205    1.9653615e-12
       206    1.2745184e-12
       207    8.2654819e-13
       208    5.3605438e-13
       209    3.4767084e-13
       210    2.2550001e-13
       211    1.4626618e-13
       212    9.4876913e-14
       213    6.1545536e-14
       214    3.9925670e-14
       215    2.5901664e-14
       216    1.6804405e-14
       217    1.0902819e-14
       218    7.0741608e-15
       219    4.5902007e-15
       220    2.9785801e-15
       221    1.9328940e-15
       222    1.2543771e-15
       223    8.1408517e-16
       224    5.2836428e-16
       225    3.4294080e-16
       226    2.2260105e-16
       227    1.4449674e-16
       228    9.3801944e-17
       229    6.0896024e-17
       230    3.9535719e-17
       231    2.5669317e-17
       232    1.6667224e-17
       233    1.0822731e-17
       234    7.0280598e-18
       235    4.5641448e-18
       236    2.9642112e-18
       237    1.9252407e-18
       238    1.2505111e-18
       239    8.1230118e-19
       240    5.2768436e-19
       241    3.4281477e-19
       242    2.2272748e-19
       243    1.4471659e-19
       244    9.4036270e-20
       245    6.1109648e-20
       246    3.9716589e-20
       247    2.5817019e-20
       248    1.6786820e-20
       249    1.0921718e-20
       250    7.1151435e-21
       251    4.6491476e-21
       252    3.0587742e-21
       253    2.0442587e-21
       254    1.4144371e-21
       255    1.0506649e-21
       256    8.8443056e-22
