         1    9.9999958e-01
         2    9.9999958e-01
         3    9.9999958e-01
         4    9.9999958e-01
         5    9.9999958e-01
         6    9.9999958e-01
         7    9.9999958e-01
         8    9.9999958e-01
         9    9.9999958e-01
        10    9.9999958e-01
        11    9.9999958e-01
        12    9.9999958e-01
        13    9.9999958e-01
        14    9.9999958e-01
        15    9.9999958e-01
        16    9.9999958e-01
        17    9.9999958e-01
        18    9.9999958e-01
        19    9.9999958e-01
        20    9.9999958e-01
        21    9.9999958e-01
        22    9.9999958e-01
        23    9.9999958e-01
        24    9.9999958e-01
        25    9.9999958e-01
        26    9.9999958e-01
        27    9.9999958e-01
        28    9.9999958e-01
        29    9.9999958e-01
        30    9.9999958e-01
        31    9.9999958e-01
        32    9.9999958e-01
        33    9.9999958e-01
        34    9.9999958e-01
        35    9.9999958e-01
        36    9.9999958e-01
        37    9.9999958e-01
        38    9.9999958e-01
        39    9.9999958e-01
        40    9.9999958e-01
        41    9.9999958e-01
        42    9.9999958e-01
        43    9.9999958e-01
        44    9.9999958e-01
        45    9.9999958e-01
        46    9.9999958e-01
        47    9.9999958e-01
        48    9.9999958e-01
        49    9.9999958e-01
        50    9.9999958e-01
        51    9.9999958e-01
        52    9.9999958e-01
        53    9.9999958e-01
        54    9.9999958e-01
        55    9.9999958e-01
        56    9.9999958e-01
        57    9.9999958e-01
        58    9.9999958e-01
        59    9.9999958e-01
        60    9.9999958e-01
        61    9.9999958e-01
        62    9.9999958e-01
        63    9.9999958e-01
        64    9.9999958e-01
        65    9.9999958e-01
        66    9.9999958e-01
        67    9.9999958e-01
        68    9.9999958e-01
        69    9.9999958e-01
        70    9.9999958e-01
        71    9.9999958e-01
        72    9.9999958e-01
        73    9.9999958e-01
        74    9.9999958e-01
        75    9.9999958e-01
        76    9.9999958e-01
        77    9.9999958e-01
        78    9.9999958e-01
        79    9.9999958e-01
        80    9.9999958e-01
        81    9.9999958e-01
        82    9.9999952e-01
        83    9.9999934e-01
        84    9.9999911e-01
        85    9.9999863e-01
        86    9.9999791e-01
        87    9.9999678e-01
        88    9.9999499e-01
        89    9.9999225e-01
        90    9.9998802e-01
        91    9.9998146e-01
        92    9.9997121e-01
        93    9.9995536e-01
        94    9.9993074e-01
        95    9.9989265e-01
        96    9.9983346e-01
        97    9.9974173e-01
        98    9.9959940e-01
        99    9.9937862e-01
       100    9.9903637e-01
       101    9.9850571e-01
       102    9.9768347e-01
       103    9.9641013e-01
       104    9.9444032e-01
       105    9.9139833e-01
       106    9.8671252e-01
       107    9.7952354e-01
       108    9.6856189e-01
       109    9.5200479e-01
       110    9.2735088e-01
       111    8.9141667e-01
       112    8.4065408e-01
       113    7.7206105e-01
       114    6.8480998e-01
       115    5.8208537e-01
       116    4.7170821e-01
       117    3.6420152e-01
       118    2.6899588e-01
       119    1.9144034e-01
       120    1.3237695e-01
       121    8.9623228e-02
       122    5.9782911e-02
       123    3.9475169e-02
       124    2.5889106e-02
       125    1.6902819e-02
       126    1.1003383e-02
       127    7.1493676e-03
       128    4.6395832e-03
       129    3.0085270e-03
       130    1.9499279e-03
       131    1.2634413e-03
       132    8.1849640e-04
       133    5.3019822e-04
       134    3.4343291e-04
       135    2.2245506e-04
       136    1.4409499e-04
       137    9.3339993e-05
       138    6.0464849e-05
       139    3.9170314e-05
       140    2.5376505e-05
       141    1.6441003e-05
       142    1.0652397e-05
       143    6.9022294e-06
       144    4.4725466e-06
       145    2.8983047e-06
       146    1.8782662e-06
       147    1.2172908e-06
       148    7.8896147e-07
       149    5.1137755e-07
       150    3.3147600e-07
       151    2.1487566e-07
       152    1.3929875e-07
       153    9.0309236e-08
       154    5.8552079e-08
       155    3.7964512e-08
       156    2.4617210e-08
       157    1.5963403e-08
       158    1.0352329e-08
       159    6.7139290e-09
       160    4.3545341e-09
       161    2.8244453e-09
       162    1.8321094e-09
       163    1.1884930e-09
       164    7.7102608e-10
       165    5.0022919e-10
       166    3.2456132e-10
       167    2.1059718e-10
       168    1.3665850e-10
       169    8.8684858e-11
       170    5.7556088e-11
       171    3.7356174e-11
       172    2.4247290e-11
       173    1.5739614e-11
       174    1.0217752e-11
       175    6.6335717e-12
       176    4.3069593e-12
       177    2.7965705e-12
       178    1.8159876e-12
       179    1.1793225e-12
       180    7.6592346e-13
       181    4.9747554e-13
       182    3.2314109e-13
       183    2.0991687e-13
       184    1.3637592e-13
       185    8.8606158e-14
       186    5.7574022e-14
       187    3.7413330e-14
       188    2.4314423e-14
       189    1.5803019e-14
       190    1.0272010e-14
       191    6.6774529e-15
       192    4.3411730e-15
       193    2.8225715e-15
       194    1.8353775e-15
       195    1.1935738e-15
       196    7.7627864e-16
       197    5.0493026e-16
       198    3.2846688e-16
       199    2.1369743e-16
       200    1.3904509e-16
       201    9.0481939e-17
       202    5.8886961e-17
       203    3.8329108e-17
       204    2.4951225e-17
       205    1.6244638e-17
       206    1.0577538e-17
       207    6.8883792e-18
       208    4.4865127e-18
       209    2.9225484e-18
       210    1.9040445e-18
       211    1.2406713e-18
       212    8.0854165e-19
       213    5.2700628e-19
       214    3.4355698e-19
       215    2.2400266e-19
       216    1.4607668e-19
       217    9.5276078e-20
       218    6.2153291e-20
       219    4.0553053e-20
       220    2.6464535e-20
       221    1.7273814e-20
       222    1.1277102e-20
       223    7.3636668e-21
       224    4.8092806e-21
       225    3.1416479e-21
       226    2.0527131e-21
       227    1.3415111e-21
       228    8.7691485e-22
       229    5.7334961e-22
       230    3.7495773e-22
       231    2.4527170e-22
       232    1.6047831e-22
       233    1.0502447e-22
       234    6.8749739e-23
       235    4.5015196e-23
       236    2.9481909e-23
       237    1.9313510e-23
       238    1.2655415e-23
       239    8.2947146e-24
       240    5.4379653e-24
       241    3.5659996e-24
       242    2.3390300e-24
       243    1.5346173e-24
       244    1.0071061e-24
       245    6.6109655e-25
       246    4.3408955e-25
       247    2.8513074e-25
       248    1.8737887e-25
       249    1.2324068e-25
       250    8.1186162e-26
       251    5.3663791e-26
       252    3.5736964e-26
       253    2.4193524e-26
       254    1.6967062e-26
       255    1.2765026e-26
       256    1.0836312e-26
