         1    9.9657756e-01
         2    9.9619186e-01
         3    9.9535632e-01
         4    9.9393117e-01
         5    9.9167728e-01
         6    9.8821580e-01
         7    9.8296726e-01
         8    9.7506535e-01
         9    9.6324426e-01
        10    9.4571114e-01
        11    9.2004514e-01
        12    8.8322413e-01
        13    8.3196342e-01
        14    7.6360130e-01
        15    6.7760241e-01
        16    5.7717460e-01
        17    4.6972966e-01
        18    3.6507353e-01
        19    2.7200013e-01
        20    1.9560327e-01
        21    1.3683882e-01
        22    9.3809120e-02
        23    6.3399553e-02
        24    4.2431865e-02
        25    2.8213272e-02
        26    1.8677315e-02
        27    1.2328018e-02
        28    8.1204511e-03
        29    5.3408700e-03
        30    3.5085317e-03
        31    2.3024688e-03
        32    1.5095676e-03
        33    9.8881847e-04
        34    6.4712839e-04
        35    4.2313209e-04
        36    2.7642422e-04
        37    1.8042512e-04
        38    1.1766546e-04
        39    7.6673685e-05
        40    4.9923710e-05
        41    3.2482618e-05
        42    2.1120337e-05
        43    1.3723950e-05
        44    8.9126788e-06
        45    5.7850807e-06
        46    3.7531986e-06
        47    2.4338851e-06
        48    1.5776682e-06
        49    1.0222378e-06
        50    6.6206849e-07
        51    4.2859713e-07
        52    2.7730246e-07
        53    1.7928966e-07
        54    1.1581443e-07
        55    7.4721861e-08
        56    4.8132485e-08
        57    3.0939489e-08
        58    1.9833438e-08
        59    1.2669645e-08
        60    8.0580849e-09
        61    5.0976801e-09
        62    3.2041991e-09
        63    1.9988300e-09
        64    1.2360217e-09
        65    7.5674050e-10
        66    4.5816062e-10
        67    2.7398653e-10
        68    1.6165562e-10
        69    9.4001772e-11
        70    5.3817801e-11
        71    3.0307569e-11
        72    1.6773822e-11
        73    9.1163049e-12
        74    4.8617204e-12
        75    2.5424376e-12
        76    1.3029545e-12
        77    6.5400110e-13
        78    3.2134348e-13
        79    1.5448691e-13
        80    7.2635684e-14
        81    3.3385902e-14
        82    1.4995516e-14
        83    6.5793881e-15
        84    2.8189326e-15
        85    1.1790046e-15
        86    4.8121646e-16
        87    1.9161394e-16
        88    7.4412652e-17
        89    2.8175644e-17
        90    1.0398839e-17
        91    3.7398804e-18
        92    1.3103010e-18
        93    4.4709898e-19
        94    1.4853667e-19
        95    4.8032840e-20
        96    1.5114469e-20
        97    4.6266966e-21
        98    1.3773471e-21
        99    3.9863711e-22
       100    1.1213422e-22
       101    3.0646770e-23
       102    8.1352922e-24
       103    2.0967856e-24
       104    5.2453265e-25
       105    1.2731150e-25
       106    2.9968992e-26
       107    6.8392969e-27
       108    1.5125281e-27
       109    3.2400945e-28
       110    6.7200830e-29
       111    1.3487924e-29
       112    2.6184808e-30
       113    4.9142425e-31
       114    8.9109348e-32
       115    1.5602453e-32
       116    2.6362970e-33
       117    4.2957702e-34
       118    6.7457362e-35
       119    1.0200864e-35
       120    1.4843000e-36
       121    2.0764382e-37
       122    2.7902310e-38
       123    3.5980748e-39
       124    4.4479876e-40
       125    5.2655191e-41
       126    5.9625250e-42
       127    6.4459729e-43
       128    6.5861028e-44
       129    5.6051939e-45
       130    0.0000000e+00
       131    0.0000000e+00
       132    0.0000000e+00
       133    0.0000000e+00
       134    0.0000000e+00
       135    0.0000000e+00
       136    0.0000000e+00
       137    0.0000000e+00
       138    0.0000000e+00
       139    0.0000000e+00
       140    0.0000000e+00
       141    0.0000000e+00
       142    0.0000000e+00
       143    0.0000000e+00
       144    0.0000000e+00
       145    0.0000000e+00
       146    0.0000000e+00
       147    0.0000000e+00
       148    0.0000000e+00
       149    0.0000000e+00
       150    0.0000000e+00
       151    0.0000000e+00
       152    0.0000000e+00
       153    0.0000000e+00
       154    0.0000000e+00
       155    0.0000000e+00
       156    0.0000000e+00
       157    0.0000000e+00
       158    0.0000000e+00
       159    0.0000000e+00
       160    0.0000000e+00
       161    0.0000000e+00
       162    0.0000000e+00
       163    0.0000000e+00
       164    0.0000000e+00
       165    0.0000000e+00
       166    0.0000000e+00
       167    0.0000000e+00
       168    0.0000000e+00
       169    0.0000000e+00
       170    0.0000000e+00
       171    0.0000000e+00
       172    0.0000000e+00
       173    0.0000000e+00
       174    0.0000000e+00
       175    0.0000000e+00
       176    0.0000000e+00
       177    0.0000000e+00
       178    0.0000000e+00
       179    0.0000000e+00
       180    0.0000000e+00
       181    0.0000000e+00
       182    0.0000000e+00
       183    0.0000000e+00
       184    0.0000000e+00
       185    0.0000000e+00
       186    0.0000000e+00
       187    0.0000000e+00
       188    0.0000000e+00
       189    0.0000000e+00
       190    0.0000000e+00
       191    0.0000000e+00
       192    0.0000000e+00
       193    0.0000000e+00
       194    0.0000000e+00
       195    0.0000000e+00
       196    0.0000000e+00
       197    0.0000000e+00
       198    0.0000000e+00
       199    0.0000000e+00
       200    0.0000000e+00
       201    0.0000000e+00
       202    0.0000000e+00
       203    0.0000000e+00
       204    0.0000000e+00
       205    0.0000000e+00
       206    0.0000000e+00
       207    0.0000000e+00
       208    0.0000000e+00
       209    0.0000000e+00
       210    0.0000000e+00
       211    0.0000000e+00
       212    0.0000000e+00
       213    0.0000000e+00
       214    0.0000000e+00
       215    0.0000000e+00
       216    0.0000000e+00
       217    0.0000000e+00
       218    0.0000000e+00
       219    0.0000000e+00
       220    0.0000000e+00
       221    0.0000000e+00
       222    0.0000000e+00
       223    0.0000000e+00
       224    0.0000000e+00
       225    0.0000000e+00
       226    0.0000000e+00
       227    0.0000000e+00
       228    0.0000000e+00
       229    0.0000000e+00
       230    0.0000000e+00
       231    0.0000000e+00
       232    0.0000000e+00
       233    0.0000000e+00
       234    0.0000000e+00
       235    0.0000000e+00
       236    0.0000000e+00
       237    0.0000000e+00
       238    0.0000000e+00
       239    0.0000000e+00
       240    0.0000000e+00
       241    0.0000000e+00
       242    0.0000000e+00
       243    0.0000000e+00
       244    0.0000000e+00
       245    0.0000000e+00
       246    0.0000000e+00
       247    0.0000000e+00
       248    0.0000000e+00
       249    0.0000000e+00
       250    0.0000000e+00
       251    0.0000000e+00
       252    0.0000000e+00
       253    0.0000000e+00
       254    0.0000000e+00
       255    0.0000000e+00
       256    0.0000000e+00
