         1    9.9999881e-01
         2    9.9999869e-01
         3    9.9999839e-01
         4    9.9999791e-01
         5    9.9999714e-01
         6    9.9999601e-01
         7    9.9999428e-01
         8    9.9999171e-01
         9    9.9998784e-01
        10    9.9998188e-01
        11    9.9997294e-01
        12    9.9995929e-01
        13    9.9993861e-01
        14    9.9990702e-01
        15    9.9985874e-01
        16    9.9978495e-01
        17    9.9967194e-01
        18    9.9949861e-01
        19    9.9923253e-01
        20    9.9882364e-01
        21    9.9819511e-01
        22    9.9722838e-01
        23    9.9574172e-01
        24    9.9345672e-01
        25    9.8994923e-01
        26    9.8457795e-01
        27    9.7638607e-01
        28    9.6397370e-01
        29    9.4535804e-01
        30    9.1787237e-01
        31    8.7823045e-01
        32    8.2297599e-01
        33    7.4957407e-01
        34    6.5814412e-01
        35    5.5309099e-01
        36    4.4311318e-01
        37    3.3865616e-01
        38    2.4814874e-01
        39    1.7566893e-01
        40    1.2113471e-01
        41    8.1961796e-02
        42    5.4734185e-02
        43    3.6231987e-02
        44    2.3847666e-02
        45    1.5640035e-02
        46    1.0234991e-02
        47    6.6897362e-03
        48    4.3699541e-03
        49    2.8541232e-03
        50    1.8643040e-03
        51    1.2181150e-03
        52    7.9623319e-04
        53    5.2072399e-04
        54    3.4073225e-04
        55    2.2308592e-04
        56    1.4614819e-04
        57    9.5803603e-05
        58    6.2840394e-05
        59    4.1244231e-05
        60    2.7086380e-05
        61    1.7799022e-05
        62    1.1702818e-05
        63    7.6988090e-06
        64    5.0673739e-06
        65    3.3369845e-06
        66    2.1984720e-06
        67    1.4489888e-06
        68    9.5535881e-07
        69    6.3009219e-07
        70    4.1567594e-07
        71    2.7428055e-07
        72    1.8100877e-07
        73    1.1946571e-07
        74    7.8849659e-08
        75    5.2040708e-08
        76    3.4343699e-08
        77    2.2661332e-08
        78    1.4949704e-08
        79    9.8596944e-09
        80    6.5005996e-09
        81    4.2842885e-09
        82    2.8223850e-09
        83    1.8584189e-09
        84    1.2230358e-09
        85    8.0441798e-10
        86    5.2875054e-10
        87    3.4731687e-10
        88    2.2797472e-10
        89    1.4952464e-10
        90    9.7990338e-11
        91    6.4161815e-11
        92    4.1973040e-11
        93    2.7430955e-11
        94    1.7908657e-11
        95    1.1679112e-11
        96    7.6076853e-12
        97    4.9494883e-12
        98    3.2158813e-12
        99    2.0865852e-12
       100    1.3518570e-12
       101    8.7446738e-13
       102    5.6471852e-13
       103    3.6404161e-13
       104    2.3423594e-13
       105    1.5041480e-13
       106    9.6385383e-14
       107    6.1625875e-14
       108    3.9309061e-14
       109    2.5011819e-14
       110    1.5873236e-14
       111    1.0046100e-14
       112    6.3399417e-15
       113    3.9890805e-15
       114    2.5020993e-15
       115    1.5643191e-15
       116    9.7472221e-16
       117    6.0522611e-16
       118    3.7444111e-16
       119    2.3079546e-16
       120    1.4170958e-16
       121    8.6666459e-17
       122    5.2788096e-17
       123    3.2019080e-17
       124    1.9338646e-17
       125    1.1629085e-17
       126    6.9618879e-18
       127    4.1488877e-18
       128    2.4610611e-18
       129    1.4529931e-18
       130    8.5373120e-19
       131    4.9918623e-19
       132    2.9044020e-19
       133    1.6814109e-19
       134    9.6846881e-20
       135    5.5496420e-20
       136    3.1636317e-20
       137    1.7940060e-20
       138    1.0119411e-20
       139    5.6775052e-21
       140    3.1681761e-21
       141    1.7582883e-21
       142    9.7046562e-22
       143    5.3267326e-22
       144    2.9074639e-22
       145    1.5780593e-22
       146    8.5167014e-23
       147    4.5702811e-23
       148    2.4384999e-23
       149    1.2935893e-23
       150    6.8226008e-24
       151    3.5774211e-24
       152    1.8648498e-24
       153    9.6640450e-25
       154    4.9785564e-25
       155    2.5495627e-25
       156    1.2978804e-25
       157    6.5674932e-26
       158    3.3033159e-26
       159    1.6514905e-26
       160    8.2066841e-27
       161    4.0533638e-27
       162    1.9898048e-27
       163    9.7083028e-28
       164    4.7076642e-28
       165    2.2687594e-28
       166    1.0866354e-28
       167    5.1722991e-29
       168    2.4466949e-29
       169    1.1501771e-29
       170    5.3731711e-30
       171    2.4944238e-30
       172    1.1507370e-30
       173    5.2752256e-31
       174    2.4030234e-31
       175    1.0877272e-31
       176    4.8923805e-32
       177    2.1865119e-32
       178    9.7097530e-33
       179    4.2843276e-33
       180    1.8783162e-33
       181    8.1820082e-34
       182    3.5411949e-34
       183    1.5227622e-34
       184    6.5057970e-35
       185    2.7615232e-35
       186    1.1645833e-35
       187    4.8793261e-36
       188    2.0310024e-36
       189    8.3987812e-37
       190    3.4504134e-37
       191    1.4082154e-37
       192    5.7095777e-38
       193    2.2996929e-38
       194    9.2015423e-39
       195    3.6573820e-39
       196    1.4440857e-39
       197    5.6639923e-40
       198    2.2067508e-40
       199    8.5403536e-41
       200    3.2832423e-41
       201    1.2537417e-41
       202    4.7560070e-42
       203    1.7922607e-42
       204    6.7122196e-43
       205    2.4943113e-43
       206    9.2485699e-44
       207    3.3631163e-44
       208    1.2611686e-44
       209    4.2038954e-45
       210    0.0000000e+00
       211    0.0000000e+00
       212    0.0000000e+00
       213    0.0000000e+00
       214    0.0000000e+00
       215    0.0000000e+00
       216    0.0000000e+00
       217    0.0000000e+00
       218    0.0000000e+00
       219    0.0000000e+00
       220    0.0000000e+00
       221    0.0000000e+00
       222    0.0000000e+00
       223    0.0000000e+00
       224    0.0000000e+00
       225    0.0000000e+00
       226    0.0000000e+00
       227    0.0000000e+00
       228    0.0000000e+00
       229    0.0000000e+00
       230    0.0000000e+00
       231    0.0000000e+00
       232    0.0000000e+00
       233    0.0000000e+00
       234    0.0000000e+00
       235    0.0000000e+00
       236    0.0000000e+00
       237    0.0000000e+00
       238    0.0000000e+00
       239    0.0000000e+00
       240    0.0000000e+00
       241    0.0000000e+00
       242    0.0000000e+00
       243    0.0000000e+00
       244    0.0000000e+00
       245    0.0000000e+00
       246    0.0000000e+00
       247    0.0000000e+00
       248    0.0000000e+00
       249    0.0000000e+00
       250    0.0000000e+00
       251    0.0000000e+00
       252    0.0000000e+00
       253    0.0000000e+00
       254    0.0000000e+00
       255    0.0000000e+00
       256    0.0000000e+00
