         1    9.9999958e-01
         2    9.9999958e-01
         3    9.9999958e-01
         4    9.9999958e-01
         5    9.9999958e-01
         6    9.9999958e-01
         7    9.9999958e-01
         8    9.9999958e-01
         9    9.9999958e-01
        10    9.9999958e-01
        11    9.9999958e-01
        12    9.9999958e-01
        13    9.9999958e-01
        14    9.9999952e-01
        15    9.9999940e-01
        16    9.9999923e-01
        17    9.9999881e-01
        18    9.9999827e-01
        19    9.9999732e-01
        20    9.9999595e-01
        21    9.9999374e-01
        22    9.9999046e-01
        23    9.9998534e-01
        24    9.9997753e-01
        25    9.9996549e-01
        26    9.9994689e-01
        27    9.9991828e-01
        28    9.9987411e-01
        29    9.9980599e-01
        30    9.9970084e-01
        31    9.9953848e-01
        32    9.9928766e-01
        33    9.9890035e-01
        34    9.9830198e-01
        35    9.9737781e-01
        36    9.9595118e-01
        37    9.9375087e-01
        38    9.9036276e-01
        39    9.8515958e-01
        40    9.7720248e-01
        41    9.6511447e-01
        42    9.4693750e-01
        43    9.2002529e-01
        44    8.8109219e-01
        45    8.2663804e-01
        46    7.5401241e-01
        47    6.6314554e-01
        48    5.5824167e-01
        49    4.4790599e-01
        50    3.4267700e-01
        51    2.5121003e-01
        52    1.7780782e-01
        53    1.2252046e-01
        54    8.2798496e-02
        55    5.5202615e-02
        56    3.6469258e-02
        57    2.3948291e-02
        58    1.5664985e-02
        59    1.0221579e-02
        60    6.6596922e-03
        61    4.3352391e-03
        62    2.8208201e-03
        63    1.8351011e-03
        64    1.1938374e-03
        65    7.7675300e-04
        66    5.0548482e-04
        67    3.2903682e-04
        68    2.1424401e-04
        69    1.3954450e-04
        70    9.0921305e-05
        71    5.9261791e-05
        72    3.8640803e-05
        73    2.5204907e-05
        74    1.6447373e-05
        75    1.0737050e-05
        76    7.0122069e-06
        77    4.5815241e-06
        78    2.9947087e-06
        79    1.9583590e-06
        80    1.2812283e-06
        81    8.3861056e-07
        82    5.4915688e-07
        83    3.5977999e-07
        84    2.3582170e-07
        85    1.5464565e-07
        86    1.0146100e-07
        87    6.6598979e-08
        88    4.3736254e-08
        89    2.8735506e-08
        90    1.8888436e-08
        91    1.2421344e-08
        92    8.1720515e-09
        93    5.3786930e-09
        94    3.5415848e-09
        95    2.3328386e-09
        96    1.5371900e-09
        97    1.0132458e-09
        98    6.6808825e-10
        99    4.4062695e-10
       100    2.9067768e-10
       101    1.9179626e-10
       102    1.2657263e-10
       103    8.3539807e-11
       104    5.5142075e-11
       105    3.6399050e-11
       106    2.4026760e-11
       107    1.5859118e-11
       108    1.0466983e-11
       109    6.9072096e-12
       110    4.5572409e-12
       111    3.0060694e-12
       112    1.9823173e-12
       113    1.3067843e-12
       114    8.6113365e-13
       115    5.6722129e-13
       116    3.7344715e-13
       117    2.4574228e-13
       118    1.6161587e-13
       119    1.0622357e-13
       120    6.9770172e-14
       121    4.5794128e-14
       122    3.0034467e-14
       123    1.9682442e-14
       124    1.2887405e-14
       125    8.4305841e-15
       126    5.5097689e-15
       127    3.5972469e-15
       128    2.3460939e-15
       129    1.5283943e-15
       130    9.9452701e-16
       131    6.4634538e-16
       132    4.1952218e-16
       133    2.7193320e-16
       134    1.7601956e-16
       135    1.1376924e-16
       136    7.3422245e-17
       137    4.7308858e-17
       138    3.0432812e-17
       139    1.9543355e-17
       140    1.2528119e-17
       141    8.0163115e-18
       142    5.1196152e-18
       143    3.2632182e-18
       144    2.0757407e-18
       145    1.3176207e-18
       146    8.3458455e-19
       147    5.2745508e-19
       148    3.3258950e-19
       149    2.0922457e-19
       150    1.3130201e-19
       151    8.2197480e-20
       152    5.1327297e-20
       153    3.1968030e-20
       154    1.9858038e-20
       155    1.2302281e-20
       156    7.6004675e-21
       157    4.6824950e-21
       158    2.8765670e-21
       159    1.7620167e-21
       160    1.0761252e-21
       161    6.5525816e-22
       162    3.9777646e-22
       163    2.4072629e-22
       164    1.4522693e-22
       165    8.7335756e-23
       166    5.2352918e-23
       167    3.1280727e-23
       168    1.8628750e-23
       169    1.1057219e-23
       170    6.5410638e-24
       171    3.8563517e-24
       172    2.2657742e-24
       173    1.3266455e-24
       174    7.7406681e-25
       175    4.5006452e-25
       176    2.6075450e-25
       177    1.5053516e-25
       178    8.6592842e-26
       179    4.9631014e-26
       180    2.8342691e-26
       181    1.6126337e-26
       182    9.1417100e-27
       183    5.1630576e-27
       184    2.9051280e-27
       185    1.6285224e-27
       186    9.0946091e-28
       187    5.0597381e-28
       188    2.8042585e-28
       189    1.5482692e-28
       190    8.5154210e-29
       191    4.6654112e-29
       192    2.5461916e-29
       193    1.3842134e-29
       194    7.4958247e-30
       195    4.0432830e-30
       196    2.1724067e-30
       197    1.1626115e-30
       198    6.1973934e-31
       199    3.2904774e-31
       200    1.7401190e-31
       201    9.1656645e-32
       202    4.8084934e-32
       203    2.5125181e-32
       204    1.3075542e-32
       205    6.7772906e-33
       206    3.4985956e-33
       207    1.7987394e-33
       208    9.2103353e-34
       209    4.6968971e-34
       210    2.3854539e-34
       211    1.2065668e-34
       212    6.0778247e-35
       213    3.0490013e-35
       214    1.5232669e-35
       215    7.5787853e-36
       216    3.7551290e-36
       217    1.8528841e-36
       218    9.1047128e-37
       219    4.4552856e-37
       220    2.1710647e-37
       221    1.0535487e-37
       222    5.0911724e-38
       223    2.4499613e-38
       224    1.1740206e-38
       225    5.6022722e-39
       226    2.6620845e-39
       227    1.2596370e-39
       228    5.9351436e-40
       229    2.7847023e-40
       230    1.3010215e-40
       231    6.0526285e-41
       232    2.8039982e-41
       233    1.2933985e-41
       234    5.9415055e-42
       235    2.7171177e-42
       236    1.2387478e-42
       237    5.6192068e-43
       238    2.5363502e-43
       239    1.1350518e-43
       240    5.1848043e-44
       241    2.2420775e-44
       242    9.8090893e-45
       243    2.8025969e-45
       244    0.0000000e+00
       245    0.0000000e+00
       246    0.0000000e+00
       247    0.0000000e+00
       248    0.0000000e+00
       249    0.0000000e+00
       250    0.0000000e+00
       251    0.0000000e+00
       252    0.0000000e+00
       253    0.0000000e+00
       254    0.0000000e+00
       255    0.0000000e+00
       256    0.0000000e+00
