         1    9.9999958e-01
         2    9.9999958e-01
         3    9.9999958e-01
         4    9.9999958e-01
         5    9.9999958e-01
         6    9.9999958e-01
         7    9.9999958e-01
         8    9.9999958e-01
         9    9.9999958e-01
        10    9.9999958e-01
        11    9.9999958e-01
        12    9.9999958e-01
        13    9.9999958e-01
        14    9.9999958e-01
        15    9.9999958e-01
        16    9.9999958e-01
        17    9.9999958e-01
        18    9.9999958e-01
        19    9.9999958e-01
        20    9.9999958e-01
        21    9.9999958e-01
        22    9.9999958e-01
        23    9.9999958e-01
        24    9.9999958e-01
        25    9.9999958e-01
        26    9.9999958e-01
        27    9.9999958e-01
        28    9.9999958e-01
        29    9.9999958e-01
        30    9.9999958e-01
        31    9.9999958e-01
        32    9.9999958e-01
        33    9.9999958e-01
        34    9.9999958e-01
        35    9.9999958e-01
        36    9.9999958e-01
        37    9.9999958e-01
        38    9.9999958e-01
        39    9.9999958e-01
        40    9.9999958e-01
        41    9.9999958e-01
        42    9.9999958e-01
        43    9.9999958e-01
        44    9.9999958e-01
        45    9.9999958e-01
        46    9.9999958e-01
        47    9.9999958e-01
        48    9.9999958e-01
        49    9.9999958e-01
        50    9.9999958e-01
        51    9.9999958e-01
        52    9.9999958e-01
        53    9.9999958e-01
        54    9.9999958e-01
        55    9.9999958e-01
        56    9.9999958e-01
        57    9.9999958e-01
        58    9.9999958e-01
        59    9.9999958e-01
        60    9.9999958e-01
        61    9.9999958e-01
        62    9.9999958e-01
        63    9.9999958e-01
        64    9.9999958e-01
        65    9.9999958e-01
        66    9.9999958e-01
        67    9.9999958e-01
        68    9.9999958e-01
        69    9.9999958e-01
        70    9.9999958e-01
        71    9.9999958e-01
        72    9.9999958e-01
        73    9.9999958e-01
        74    9.9999958e-01
        75    9.9999958e-01
        76    9.9999958e-01
        77    9.9999958e-01
        78    9.9999958e-01
        79    9.9999958e-01
        80    9.9999958e-01
        81    9.9999958e-01
        82    9.9999958e-01
        83    9.9999958e-01
        84    9.9999958e-01
        85    9.9999958e-01
        86    9.9999958e-01
        87    9.9999958e-01
        88    9.9999958e-01
        89    9.9999958e-01
        90    9.9999958e-01
        91    9.9999958e-01
        92    9.9999958e-01
        93    9.9999958e-01
        94    9.9999958e-01
        95    9.9999958e-01
        96    9.9999958e-01
        97    9.9999958e-01
        98    9.9999958e-01
        99    9.9999958e-01
       100    9.9999958e-01
       101    9.9999958e-01
       102    9.9999958e-01
       103    9.9999958e-01
       104    9.9999958e-01
       105    9.9999958e-01
       106    9.9999958e-01
       107    9.9999958e-01
       108    9.9999958e-01
       109    9.9999958e-01
       110    9.9999958e-01
       111    9.9999958e-01
       112    9.9999958e-01
       113    9.9999958e-01
       114    9.9999958e-01
       115    9.9999958e-01
       116    9.9999958e-01
       117    9.9999958e-01
       118    9.9999958e-01
       119    9.9999958e-01
       120    9.9999958e-01
       121    9.9999958e-01
       122    9.9999958e-01
       123    9.9999952e-01
       124    9.9999934e-01
       125    9.9999911e-01
       126    9.9999863e-01
       127    9.9999785e-01
       128    9.9999672e-01
       129    9.9999493e-01
       130    9.9999219e-01
       131    9.9998790e-01
       132    9.9998122e-01
       133    9.9997085e-01
       134    9.9995470e-01
       135    9.9992973e-01
       136    9.9989104e-01
       137    9.9983090e-01
       138    9.9973762e-01
       139    9.9959290e-01
       140    9.9936831e-01
       141    9.9902004e-01
       142    9.9847990e-01
       143    9.9764270e-01
       144    9.9634600e-01
       145    9.9433976e-01
       146    9.9124098e-01
       147    9.8646748e-01
       148    9.7914410e-01
       149    9.6797937e-01
       150    9.5112133e-01
       151    9.2603517e-01
       152    8.8950831e-01
       153    8.3798903e-01
       154    7.6853019e-01
       155    6.8044716e-01
       156    5.7713974e-01
       157    4.6662173e-01
       158    3.5946339e-01
       159    2.6496443e-01
       160    1.8825889e-01
       161    1.3000749e-01
       162    8.7931029e-02
       163    5.8609091e-02
       164    3.8676698e-02
       165    2.5352862e-02
       166    1.6545605e-02
       167    1.0766625e-02
       168    6.9929129e-03
       169    4.5363647e-03
       170    2.9404834e-03
       171    1.9050830e-03
       172    1.2338824e-03
       173    7.9900684e-04
       174    5.1734218e-04
       175    3.3494833e-04
       176    2.1685252e-04
       177    1.4039353e-04
       178    9.0893234e-05
       179    5.8846650e-05
       180    3.8099577e-05
       181    2.4667686e-05
       182    1.5971569e-05
       183    1.0341376e-05
       184    6.6960874e-06
       185    4.3358696e-06
       186    2.8076558e-06
       187    1.8181270e-06
       188    1.1773818e-06
       189    7.6247079e-07
       190    4.9378968e-07
       191    3.1979653e-07
       192    2.0711829e-07
       193    1.3414551e-07
       194    8.6885422e-08
       195    5.6276974e-08
       196    3.6452530e-08
       197    2.3612273e-08
       198    1.5295409e-08
       199    9.9082653e-09
       200    6.4187056e-09
       201    4.1582497e-09
       202    2.6939349e-09
       203    1.7453279e-09
       204    1.1307860e-09
       205    7.3265138e-10
       206    4.7470949e-10
       207    3.0758990e-10
       208    1.9931039e-10
       209    1.2915212e-10
       210    8.3692588e-11
       211    5.4235835e-11
       212    3.5147923e-11
       213    2.2778600e-11
       214    1.4762792e-11
       215    9.5680660e-12
       216    6.2014621e-12
       217    4.0195590e-12
       218    2.6054163e-12
       219    1.6888474e-12
       220    1.0947584e-12
       221    7.0967733e-13
       222    4.6006412e-13
       223    2.9825705e-13
       224    1.9336510e-13
       225    1.2536624e-13
       226    8.1282739e-14
       227    5.2702526e-14
       228    3.4172755e-14
       229    2.2158690e-14
       230    1.4368914e-14
       231    9.3179342e-15
       232    6.0427038e-15
       233    3.9188538e-15
       234    2.5415759e-15
       235    1.6484033e-15
       236    1.0691544e-15
       237    6.9348022e-16
       238    4.4982601e-16
       239    2.9179115e-16
       240    1.8928531e-16
       241    1.2279460e-16
       242    7.9663555e-17
       243    5.1684346e-17
       244    3.3533525e-17
       245    2.1758280e-17
       246    1.4119028e-17
       247    9.1631139e-18
       248    5.9483149e-18
       249    3.8635472e-18
       250    2.5126060e-18
       251    1.6387991e-18
       252    1.0761260e-18
       253    7.1771386e-19
       254    4.9549845e-19
       255    3.6728698e-19
       256    3.0873849e-19
