         1    9.9999958e-01
         2    9.9999958e-01
         3    9.9999958e-01
         4    9.9999958e-01
         5    9.9999958e-01
         6    9.9999958e-01
         7    9.9999958e-01
         8    9.9999958e-01
         9    9.9999958e-01
        10    9.9999958e-01
        11    9.9999958e-01
        12    9.9999958e-01
        13    9.9999958e-01
        14    9.9999958e-01
        15    9.9999958e-01
        16    9.9999958e-01
        17    9.9999958e-01
        18    9.9999958e-01
        19    9.9999958e-01
        20    9.9999958e-01
        21    9.9999958e-01
        22    9.9999958e-01
        23    9.9999958e-01
        24    9.9999958e-01
        25    9.9999958e-01
        26    9.9999958e-01
        27    9.9999958e-01
        28    9.9999958e-01
        29    9.9999958e-01
        30    9.9999958e-01
        31    9.9999958e-01
        32    9.9999958e-01
        33    9.9999958e-01
        34    9.9999958e-01
        35    9.9999958e-01
        36    9.9999958e-01
        37    9.9999958e-01
        38    9.9999958e-01
        39    9.9999958e-01
        40    9.9999958e-01
        41    9.9999958e-01
        42    9.9999958e-01
        43    9.9999958e-01
        44    9.9999958e-01
        45    9.9999958e-01
        46    9.9999958e-01
        47    9.9999958e-01
        48    9.9999958e-01
        49    9.9999958e-01
        50    9.9999958e-01
        51    9.9999958e-01
        52    9.9999958e-01
        53    9.9999958e-01
        54    9.9999958e-01
        55    9.9999958e-01
        56    9.9999958e-01
        57    9.9999958e-01
        58    9.9999958e-01
        59    9.9999958e-01
        60    9.9999958e-01
        61    9.9999958e-01
        62    9.9999958e-01
        63    9.9999958e-01
        64    9.9999958e-01
        65    9.9999958e-01
        66    9.9999958e-01
        67    9.9999958e-01
        68    9.9999958e-01
        69    9.9999958e-01
        70    9.9999958e-01
        71    9.9999958e-01
        72    9.9999958e-01
        73    9.9999958e-01
        74    9.9999958e-01
        75    9.9999952e-01
        76    9.9999940e-01
        77    9.9999917e-01
        78    9.9999875e-01
        79    9.9999809e-01
        80    9.9999702e-01
        81    9.9999541e-01
        82    9.9999291e-01
        83    9.9998903e-01
        84    9.9998301e-01
        85    9.9997360e-01
        86    9.9995911e-01
        87    9.9993658e-01
        88    9.9990159e-01
        89    9.9984741e-01
        90    9.9976343e-01
        91    9.9963307e-01
        92    9.9943095e-01
        93    9.9911761e-01
        94    9.9863178e-01
        95    9.9787891e-01
        96    9.9671298e-01
        97    9.9490899e-01
        98    9.9212211e-01
        99    9.8782688e-01
       100    9.8123109e-01
       101    9.7115970e-01
       102    9.5591396e-01
       103    9.3313670e-01
       104    8.9977181e-01
       105    8.5229546e-01
       106    7.8748584e-01
       107    7.0391822e-01
       108    6.0384762e-01
       109    4.9421906e-01
       110    3.8528425e-01
       111    2.8700182e-01
       112    2.0566945e-01
       113    1.4296196e-01
       114    9.7155981e-02
       115    6.4979039e-02
       116    4.2983998e-02
       117    2.8225023e-02
       118    1.8443353e-02
       119    1.2013152e-02
       120    7.8086169e-03
       121    5.0688982e-03
       122    3.2876565e-03
       123    2.1312307e-03
       124    1.3811323e-03
       125    8.9486834e-04
       126    5.7974877e-04
       127    3.7557955e-04
       128    2.4331076e-04
       129    1.5762616e-04
       130    1.0211972e-04
       131    6.6162153e-05
       132    4.2867807e-05
       133    2.7776425e-05
       134    1.7998907e-05
       135    1.1663839e-05
       136    7.5589783e-06
       137    4.8990432e-06
       138    3.1753118e-06
       139    2.0582054e-06
       140    1.3341923e-06
       141    8.6491968e-07
       142    5.6073924e-07
       143    3.6355837e-07
       144    2.3573038e-07
       145    1.5285701e-07
       146    9.9125138e-08
       147    6.4285210e-08
       148    4.1693408e-08
       149    2.7042883e-08
       150    1.7541558e-08
       151    1.1379236e-08
       152    7.3822402e-09
       153    4.7895372e-09
       154    3.1076324e-09
       155    2.0164928e-09
       156    1.3085640e-09
       157    8.4922930e-10
       158    5.5117177e-10
       159    3.5775138e-10
       160    2.3222471e-10
       161    1.5075396e-10
       162    9.7872946e-11
       163    6.3546356e-11
       164    4.1262271e-11
       165    2.6794806e-11
       166    1.7401379e-11
       167    1.1301933e-11
       168    7.3410540e-12
       169    4.7687145e-12
       170    3.0980043e-12
       171    2.0128023e-12
       172    1.3078543e-12
       173    8.4987957e-13
       174    5.5232658e-13
       175    3.5898454e-13
       176    2.3334454e-13
       177    1.5169191e-13
       178    9.8621354e-14
       179    6.4124521e-14
       180    4.1698741e-14
       181    2.7118668e-14
       182    1.7638489e-14
       183    1.1473689e-14
       184    7.4643948e-15
       185    4.8566531e-15
       186    3.1603250e-15
       187    2.0567423e-15
       188    1.3386985e-15
       189    8.7144878e-16
       190    5.6735971e-16
       191    3.6943175e-16
       192    2.4058610e-16
       193    1.5670001e-16
       194    1.0207782e-16
       195    6.6505765e-17
       196    4.3336568e-17
       197    2.8243526e-17
       198    1.8410021e-17
       199    1.2002248e-17
       200    7.8261080e-18
       201    5.1039443e-18
       202    3.3292392e-18
       203    2.1720264e-18
       204    1.4173214e-18
       205    9.2503225e-19
       206    6.0385524e-19
       207    3.9427422e-19
       208    2.5748724e-19
       209    1.6819261e-19
       210    1.0988898e-19
       211    7.1812402e-20
       212    4.6940193e-20
       213    3.0689684e-20
       214    2.0069841e-20
       215    1.3128079e-20
       216    8.5894613e-21
       217    5.6213377e-21
       218    3.6797970e-21
       219    2.4094596e-21
       220    1.5780769e-21
       221    1.0338326e-21
       222    6.7746435e-22
       223    4.4405548e-22
       224    2.9114054e-22
       225    1.9093370e-22
       226    1.2524964e-22
       227    8.2183315e-23
       228    5.3938995e-23
       229    3.5410552e-23
       230    2.3252586e-23
       231    1.5272719e-23
       232    1.0033798e-23
       233    6.5934884e-24
       234    4.3337375e-24
       235    2.8490729e-24
       236    1.8734145e-24
       237    1.2321082e-24
       238    8.1048220e-25
       239    5.3322713e-25
       240    3.5087249e-25
       241    2.3091307e-25
       242    1.5198601e-25
       243    1.0004801e-25
       244    6.5865479e-26
       245    4.3365977e-26
       246    2.8555264e-26
       247    1.8805644e-26
       248    1.2388269e-26
       249    8.1656756e-27
       250    5.3896930e-27
       251    3.5685957e-27
       252    2.3798603e-27
       253    1.6129802e-27
       254    1.1321566e-27
       255    8.5224403e-28
       256    7.2367256e-28
