         1    9.9999958e-01
         2    9.9999958e-01
         3    9.9999958e-01
         4    9.9999958e-01
         5    9.9999958e-01
         6    9.9999958e-01
         7    9.9999958e-01
         8    9.9999958e-01
         9    9.9999958e-01
        10    9.9999958e-01
        11    9.9999958e-01
        12    9.9999958e-01
        13    9.9999958e-01
        14    9.9999958e-01
        15    9.9999958e-01
        16    9.9999958e-01
        17    9.9999958e-01
        18    9.9999958e-01
        19    9.9999958e-01
        20    9.9999958e-01
        21    9.9999958e-01
        22    9.9999958e-01
        23    9.9999958e-01
        24    9.9999958e-01
        25    9.9999958e-01
        26    9.9999958e-01
        27    9.9999958e-01
        28    9.9999958e-01
        29    9.9999958e-01
        30    9.9999958e-01
        31    9.9999958e-01
        32    9.9999958e-01
        33    9.9999958e-01
        34    9.9999958e-01
        35    9.9999958e-01
        36    9.9999958e-01
        37    9.9999958e-01
        38    9.9999958e-01
        39    9.9999958e-01
        40    9.9999958e-01
        41    9.9999958e-01
        42    9.9999958e-01
        43    9.9999958e-01
        44    9.9999958e-01
        45    9.9999958e-01
        46    9.9999958e-01
        47    9.9999958e-01
        48    9.9999958e-01
        49    9.9999958e-01
        50    9.9999958e-01
        51    9.9999958e-01
        52    9.9999958e-01
        53    9.9999958e-01
        54    9.9999958e-01
        55    9.9999958e-01
        56    9.9999958e-01
        57    9.9999958e-01
        58    9.9999958e-01
        59    9.9999958e-01
        60    9.9999958e-01
        61    9.9999958e-01
        62    9.9999958e-01
        63    9.9999958e-01
        64    9.9999958e-01
        65    9.9999958e-01
        66    9.9999958e-01
        67    9.9999958e-01
        68    9.9999958e-01
        69    9.9999958e-01
        70    9.9999958e-01
        71    9.9999958e-01
        72    9.9999958e-01
        73    9.9999958e-01
        74    9.9999958e-01
        75    9.9999958e-01
        76    9.9999958e-01
        77    9.9999958e-01
        78    9.9999958e-01
        79    9.9999958e-01
        80    9.9999958e-01
        81    9.9999958e-01
        82    9.9999958e-01
        83    9.9999958e-01
        84    9.9999958e-01
        85    9.9999958e-01
        86    9.9999958e-01
        87    9.9999958e-01
        88    9.9999958e-01
        89    9.9999958e-01
        90    9.9999958e-01
        91    9.9999958e-01
        92    9.9999958e-01
        93    9.9999958e-01
        94    9.9999958e-01
        95    9.9999958e-01
        96    9.9999958e-01
        97    9.9999958e-01
        98    9.9999958e-01
        99    9.9999958e-01
       100    9.9999958e-01
       101    9.9999958e-01
       102    9.9999958e-01
       103    9.9999958e-01
       104    9.9999958e-01
       105    9.9999958e-01
       106    9.9999958e-01
       107    9.9999958e-01
       108    9.9999958e-01
       109    9.9999958e-01
       110    9.9999958e-01
       111    9.9999958e-01
       112    9.9999958e-01
       113    9.9999958e-01
       114    9.9999958e-01
       115    9.9999958e-01
       116    9.9999958e-01
       117    9.9999958e-01
       118    9.9999958e-01
       119    9.9999958e-01
       120    9.9999958e-01
       121    9.9999958e-01
       122    9.9999958e-01
       123    9.9999958e-01
       124    9.9999958e-01
       125    9.9999958e-01
       126    9.9999958e-01
       127    9.9999958e-01
       128    9.9999958e-01
       129    9.9999958e-01
       130    9.9999958e-01
       131    9.9999958e-01
       132    9.9999958e-01
       133    9.9999958e-01
       134    9.9999958e-01
       135    9.9999958e-01
       136    9.9999958e-01
       137    9.9999958e-01
       138    9.9999958e-01
       139    9.9999958e-01
       140    9.9999958e-01
       141    9.9999958e-01
       142    9.9999958e-01
       143    9.9999958e-01
       144    9.9999958e-01
       145    9.9999958e-01
       146    9.9999958e-01
       147    9.9999958e-01
       148    9.9999958e-01
       149    9.9999958e-01
       150    9.9999952e-01
       151    9.9999940e-01
       152    9.9999923e-01
       153    9.9999887e-01
       154    9.9999827e-01
       155    9.9999732e-01
       156    9.9999583e-01
       157    9.9999350e-01
       158    9.9998993e-01
       159    9.9998438e-01
       160    9.9997580e-01
       161    9.9996239e-01
       162    9.9994171e-01
       163    9.9990952e-01
       164    9.9985951e-01
       165    9.9978197e-01
       166    9.9966168e-01
       167    9.9947506e-01
       168    9.9918544e-01
       169    9.9873626e-01
       170    9.9803984e-01
       171    9.9696070e-01
       172    9.9529004e-01
       173    9.9270737e-01
       174    9.8872352e-01
       175    9.8259944e-01
       176    9.7323471e-01
       177    9.5902956e-01
       178    9.3774498e-01
       179    9.0643531e-01
       180    8.6161590e-01
       181    7.9992211e-01
       182    7.1948487e-01
       183    6.2181455e-01
       184    5.1308459e-01
       185    4.0321374e-01
       186    3.0250660e-01
       187    2.1803488e-01
       188    1.5221289e-01
       189    1.0375588e-01
       190    6.9531210e-02
       191    4.6051290e-02
       192    3.0259211e-02
       193    1.9778004e-02
       194    1.2882508e-02
       195    8.3721057e-03
       196    5.4328865e-03
       197    3.5222052e-03
       198    2.2820991e-03
       199    1.4780404e-03
       200    9.5704518e-04
       201    6.1960286e-04
       202    4.0110262e-04
       203    2.5964240e-04
       204    1.6806794e-04
       205    1.0879034e-04
       206    7.0420087e-05
       207    4.5583391e-05
       208    2.9506822e-05
       209    1.9100520e-05
       210    1.2364478e-05
       211    8.0041400e-06
       212    5.1815805e-06
       213    3.3544295e-06
       214    2.1716216e-06
       215    1.4059140e-06
       216    9.1021201e-07
       217    5.8929891e-07
       218    3.8153814e-07
       219    2.4702993e-07
       220    1.5994496e-07
       221    1.0356209e-07
       222    6.7056440e-08
       223    4.3419973e-08
       224    2.8115640e-08
       225    1.8206054e-08
       226    1.1789437e-08
       227    7.6344850e-09
       228    4.9439710e-09
       229    3.2017069e-09
       230    2.0734652e-09
       231    1.3428312e-09
       232    8.6967228e-10
       233    5.6324767e-10
       234    3.6479833e-10
       235    2.3627397e-10
       236    1.5303421e-10
       237    9.9122190e-11
       238    6.4204135e-11
       239    4.1587699e-11
       240    2.6938698e-11
       241    1.7450118e-11
       242    1.1303956e-11
       243    7.3227405e-12
       244    4.7438347e-12
       245    3.0732806e-12
       246    1.9911364e-12
       247    1.2901739e-12
       248    8.3617477e-13
       249    5.4221769e-13
       250    3.5202852e-13
       251    2.2920191e-13
       252    1.5022926e-13
       253    9.9997057e-14
       254    6.8892903e-14
       255    5.0965274e-14
       256    4.2784078e-14
