         1    9.9999958e-01
         2    9.9999958e-01
         3    9.9999958e-01
         4    9.9999958e-01
         5    9.9999958e-01
         6    9.9999958e-01
         7    9.9999958e-01
         8    9.9999958e-01
         9    9.9999958e-01
        10    9.9999958e-01
        11    9.9999958e-01
        12    9.9999958e-01
        13    9.9999958e-01
        14    9.9999958e-01
        15    9.9999958e-01
        16    9.9999958e-01
        17    9.9999958e-01
        18    9.9999958e-01
        19    9.9999958e-01
        20    9.9999958e-01
        21    9.9999958e-01
        22    9.9999958e-01
        23    9.9999958e-01
        24    9.9999958e-01
        25    9.9999958e-01
        26    9.9999958e-01
        27    9.9999958e-01
        28    9.9999958e-01
        29    9.9999958e-01
        30    9.9999958e-01
        31    9.9999958e-01
        32    9.9999958e-01
        33    9.9999958e-01
        34    9.9999958e-01
        35    9.9999958e-01
        36    9.9999958e-01
        37    9.9999958e-01
        38    9.9999958e-01
        39    9.9999958e-01
        40    9.9999958e-01
        41    9.9999958e-01
        42    9.9999958e-01
        43    9.9999958e-01
        44    9.9999958e-01
        45    9.9999958e-01
        46    9.9999958e-01
        47    9.9999958e-01
        48    9.9999958e-01
        49    9.9999958e-01
        50    9.9999958e-01
        51    9.9999958e-01
        52    9.9999958e-01
        53    9.9999958e-01
        54    9.9999958e-01
        55    9.9999958e-01
        56    9.9999958e-01
        57    9.9999958e-01
        58    9.9999958e-01
        59    9.9999958e-01
        60    9.9999958e-01
        61    9.9999958e-01
        62    9.9999958e-01
        63    9.9999958e-01
        64    9.9999958e-01
        65    9.9999958e-01
        66    9.9999958e-01
        67    9.9999958e-01
        68    9.9999958e-01
        69    9.9999958e-01
        70    9.9999958e-01
        71    9.9999958e-01
        72    9.9999958e-01
        73    9.9999958e-01
        74    9.9999958e-01
        75    9.9999958e-01
        76    9.9999958e-01
        77    9.9999958e-01
        78    9.9999958e-01
        79    9.9999958e-01
        80    9.9999958e-01
        81    9.9999958e-01
        82    9.9999958e-01
        83    9.9999958e-01
        84    9.9999958e-01
        85    9.9999958e-01
        86    9.9999958e-01
        87    9.9999958e-01
        88    9.9999958e-01
        89    9.9999958e-01
        90    9.9999958e-01
        91    9.9999958e-01
        92    9.9999958e-01
        93    9.9999958e-01
        94    9.9999958e-01
        95    9.9999958e-01
        96    9.9999958e-01
        97    9.9999958e-01
        98    9.9999958e-01
        99    9.9999958e-01
       100    9.9999958e-01
       101    9.9999958e-01
       102    9.9999958e-01
       103    9.9999958e-01
       104    9.9999958e-01
       105    9.9999958e-01
       106    9.9999958e-01
       107    9.9999958e-01
       108    9.9999958e-01
       109    9.9999958e-01
       110    9.9999958e-01
       111    9.9999958e-01
       112    9.9999958e-01
       113    9.9999958e-01
       114    9.9999958e-01
       115    9.9999958e-01
       116    9.9999958e-01
       117    9.9999958e-01
       118    9.9999958e-01
       119    9.9999958e-01
       120    9.9999958e-01
       121    9.9999958e-01
       122    9.9999958e-01
       123    9.9999958e-01
       124    9.9999958e-01
       125    9.9999958e-01
       126    9.9999958e-01
       127    9.9999958e-01
       128    9.9999958e-01
       129    9.9999958e-01
       130    9.9999958e-01
       131    9.9999958e-01
       132    9.9999958e-01
       133    9.9999958e-01
       134    9.9999958e-01
       135    9.9999958e-01
       136    9.9999958e-01
       137    9.9999958e-01
       138    9.9999958e-01
       139    9.9999958e-01
       140    9.9999958e-01
       141    9.9999958e-01
       142    9.9999958e-01
       143    9.9999958e-01
       144    9.9999958e-01
       145    9.9999958e-01
       146    9.9999958e-01
       147    9.9999958e-01
       148    9.9999958e-01
       149    9.9999958e-01
       150    9.9999958e-01
       151    9.9999958e-01
       152    9.9999958e-01
       153    9.9999958e-01
       154    9.9999958e-01
       155    9.9999958e-01
       156    9.9999958e-01
       157    9.9999958e-01
       158    9.9999958e-01
       159    9.9999958e-01
       160    9.9999958e-01
       161    9.9999958e-01
       162    9.9999958e-01
       163    9.9999958e-01
       164    9.9999958e-01
       165    9.9999958e-01
       166    9.9999958e-01
       167    9.9999958e-01
       168    9.9999958e-01
       169    9.9999958e-01
       170    9.9999958e-01
       171    9.9999952e-01
       172    9.9999940e-01
       173    9.9999911e-01
       174    9.9999869e-01
       175    9.9999791e-01
       176    9.9999678e-01
       177    9.9999505e-01
       178    9.9999225e-01
       179    9.9998802e-01
       180    9.9998146e-01
       181    9.9997121e-01
       182    9.9995536e-01
       183    9.9993068e-01
       184    9.9989247e-01
       185    9.9983311e-01
       186    9.9974096e-01
       187    9.9959803e-01
       188    9.9937618e-01
       189    9.9903208e-01
       190    9.9849838e-01
       191    9.9767095e-01
       192    9.9638933e-01
       193    9.9440598e-01
       194    9.9134213e-01
       195    9.8662144e-01
       196    9.7937751e-01
       197    9.6833074e-01
       198    9.5164442e-01
       199    9.2680073e-01
       200    8.9060056e-01
       201    8.3949053e-01
       202    7.7048928e-01
       203    6.8283159e-01
       204    5.7980222e-01
       205    4.6931860e-01
       206    3.6193693e-01
       207    2.6703575e-01
       208    1.8986657e-01
       209    1.3118406e-01
       210    8.8755712e-02
       211    5.9169717e-02
       212    3.9049808e-02
       213    2.5597556e-02
       214    1.6704455e-02
       215    1.0869007e-02
       216    7.0585548e-03
       217    4.5782831e-03
       218    2.9671658e-03
       219    1.9220207e-03
       220    1.2446074e-03
       221    8.0578175e-04
       222    5.2161171e-04
       223    3.3763243e-04
       224    2.1853563e-04
       225    1.4144606e-04
       226    9.1549504e-05
       227    5.9254522e-05
       228    3.8352166e-05
       229    2.4823490e-05
       230    1.6067243e-05
       231    1.0399827e-05
       232    6.7315896e-06
       233    4.3572863e-06
       234    2.8204715e-06
       235    1.8257222e-06
       236    1.1818300e-06
       237    7.6503761e-07
       238    4.9524260e-07
       239    3.2059796e-07
       240    2.0754445e-07
       241    1.3435975e-07
       242    8.6983185e-08
       243    5.6313187e-08
       244    3.6458204e-08
       245    2.3604494e-08
       246    1.5283318e-08
       247    9.8966026e-09
       248    6.4099233e-09
       249    4.1537751e-09
       250    2.6949736e-09
       251    1.7534476e-09
       252    1.1484511e-09
       253    7.6385070e-10
       254    5.2582505e-10
       255    3.8868980e-10
       256    3.2612565e-10
