         1    9.9999958e-01
         2    9.9999958e-01
         3    9.9999958e-01
         4    9.9999958e-01
         5    9.9999958e-01
         6    9.9999958e-01
         7    9.9999958e-01
         8    9.9999958e-01
         9    9.9999958e-01
        10    9.9999958e-01
        11    9.9999958e-01
        12    9.9999958e-01
        13    9.9999958e-01
        14    9.9999958e-01
        15    9.9999958e-01
        16    9.9999958e-01
        17    9.9999958e-01
        18    9.9999958e-01
        19    9.9999958e-01
        20    9.9999958e-01
        21    9.9999958e-01
        22    9.9999958e-01
        23    9.9999958e-01
        24    9.9999958e-01
        25    9.9999958e-01
        26    9.9999958e-01
        27    9.9999958e-01
        28    9.9999958e-01
        29    9.9999958e-01
        30    9.9999958e-01
        31    9.9999958e-01
        32    9.9999958e-01
        33    9.9999958e-01
        34    9.9999958e-01
        35    9.9999958e-01
        36    9.9999958e-01
        37    9.9999958e-01
        38    9.9999958e-01
        39    9.9999958e-01
        40    9.9999958e-01
        41    9.9999958e-01
        42    9.9999958e-01
        43    9.9999958e-01
        44    9.9999958e-01
        45    9.9999958e-01
        46    9.9999958e-01
        47    9.9999958e-01
        48    9.9999958e-01
        49    9.9999958e-01
        50    9.9999958e-01
        51    9.9999958e-01
        52    9.9999958e-01
        53    9.9999958e-01
        54    9.9999958e-01
        55    9.9999958e-01
        56    9.9999958e-01
        57    9.9999958e-01
        58    9.9999958e-01
        59    9.9999958e-01
        60    9.9999958e-01
        61    9.9999958e-01
        62    9.9999958e-01
        63    9.9999958e-01
        64    9.9999958e-01
        65    9.9999958e-01
        66    9.9999958e-01
        67    9.9999958e-01
        68    9.9999958e-01
        69    9.9999958e-01
        70    9.9999958e-01
        71    9.9999958e-01
        72    9.9999958e-01
        73    9.9999958e-01
        74    9.9999958e-01
        75    9.9999958e-01
        76    9.9999958e-01
        77    9.9999958e-01
        78    9.9999958e-01
        79    9.9999958e-01
        80    9.9999958e-01
        81    9.9999958e-01
        82    9.9999958e-01
        83    9.9999958e-01
        84    9.9999958e-01
        85    9.9999958e-01
        86    9.9999958e-01
        87    9.9999958e-01
        88    9.9999958e-01
        89    9.9999958e-01
        90    9.9999958e-01
        91    9.9999958e-01
        92    9.9999958e-01
        93    9.9999958e-01
        94    9.9999958e-01
        95    9.9999958e-01
        96    9.9999958e-01
        97    9.9999958e-01
        98    9.9999958e-01
        99    9.9999958e-01
       100    9.9999958e-01
       101    9.9999958e-01
       102    9.9999958e-01
       103    9.9999958e-01
       104    9.9999958e-01
       105    9.9999958e-01
       106    9.9999958e-01
       107    9.9999958e-01
       108    9.9999958e-01
       109    9.9999958e-01
       110    9.9999958e-01
       111    9.9999958e-01
       112    9.9999958e-01
       113    9.9999958e-01
       114    9.9999958e-01
       115    9.9999958e-01
       116    9.9999958e-01
       117    9.9999958e-01
       118    9.9999958e-01
       119    9.9999958e-01
       120    9.9999958e-01
       121    9.9999958e-01
       122    9.9999958e-01
       123    9.9999958e-01
       124    9.9999958e-01
       125    9.9999958e-01
       126    9.9999958e-01
       127    9.9999958e-01
       128    9.9999958e-01
       129    9.9999958e-01
       130    9.9999958e-01
       131    9.9999958e-01
       132    9.9999958e-01
       133    9.9999958e-01
       134    9.9999958e-01
       135    9.9999958e-01
       136    9.9999958e-01
       137    9.9999946e-01
       138    9.9999928e-01
       139    9.9999899e-01
       140    9.9999845e-01
       141    9.9999762e-01
       142    9.9999630e-01
       143    9.9999422e-01
       144    9.9999106e-01
       145    9.9998617e-01
       146    9.9997860e-01
       147    9.9996680e-01
       148    9.9994844e-01
       149    9.9991995e-01
       150    9.9987578e-01
       151    9.9980724e-01
       152    9.9970090e-01
       153    9.9953586e-01
       154    9.9927986e-01
       155    9.9888277e-01
       156    9.9826705e-01
       157    9.9731278e-01
       158    9.9583507e-01
       159    9.9354970e-01
       160    9.9002206e-01
       161    9.8459333e-01
       162    9.7627783e-01
       163    9.6363145e-01
       164    9.4460732e-01
       165    9.1645634e-01
       166    8.7580603e-01
       167    8.1915230e-01
       168    7.4402493e-01
       169    6.5079635e-01
       170    5.4429913e-01
       171    4.3365237e-01
       172    3.2946256e-01
       173    2.3997661e-01
       174    1.6890512e-01
       175    1.1582635e-01
       176    7.7948838e-02
       177    5.1776323e-02
       178    3.4087665e-02
       179    2.2309568e-02
       180    1.4544175e-02
       181    9.4575426e-03
       182    6.1397040e-03
       183    3.9815456e-03
       184    2.5802259e-03
       185    1.6713759e-03
       186    1.0823593e-03
       187    7.0080219e-04
       188    4.5370730e-04
       189    2.9371868e-04
       190    1.9014084e-04
       191    1.2308787e-04
       192    7.9681282e-05
       193    5.1582458e-05
       194    3.3392935e-05
       195    2.1617991e-05
       196    1.3995398e-05
       197    9.0607673e-06
       198    5.8661717e-06
       199    3.7980001e-06
       200    2.4590408e-06
       201    1.5921619e-06
       202    1.0309069e-06
       203    6.6751727e-07
       204    4.3223150e-07
       205    2.7988600e-07
       206    1.8124119e-07
       207    1.1736634e-07
       208    7.6004831e-08
       209    4.9220930e-08
       210    3.1876411e-08
       211    2.0644297e-08
       212    1.3370322e-08
       213    8.6595371e-09
       214    5.6086540e-09
       215    3.6327354e-09
       216    2.3529900e-09
       217    1.5241145e-09
       218    9.8724828e-10
       219    6.3950867e-10
       220    4.1426457e-10
       221    2.6836169e-10
       222    1.7384999e-10
       223    1.1262642e-10
       224    7.2965467e-11
       225    4.7272217e-11
       226    3.0627122e-11
       227    1.9843488e-11
       228    1.2857056e-11
       229    8.3306088e-12
       230    5.3978866e-12
       231    3.4977004e-12
       232    2.2664876e-12
       233    1.4687100e-12
       234    9.5176731e-13
       235    6.1679031e-13
       236    3.9972057e-13
       237    2.5905241e-13
       238    1.6789241e-13
       239    1.0881453e-13
       240    7.0526972e-14
       241    4.5712637e-14
       242    2.9629914e-14
       243    1.9206064e-14
       244    1.2449789e-14
       245    8.0705901e-15
       246    5.2321221e-15
       247    3.3923627e-15
       248    2.2000482e-15
       249    1.4275617e-15
       250    9.2745301e-16
       251    6.0427590e-16
       252    3.9636009e-16
       253    2.6403523e-16
       254    1.8205684e-16
       255    1.3478714e-16
       256    1.1320996e-16
