         1    9.9999958e-01
         2    9.9999958e-01
         3    9.9999958e-01
         4    9.9999958e-01
         5    9.9999958e-01
         6    9.9999958e-01
         7    9.9999958e-01
         8    9.9999958e-01
         9    9.9999958e-01
        10    9.9999958e-01
        11    9.9999958e-01
        12    9.9999958e-01
        13    9.9999958e-01
        14    9.9999958e-01
        15    9.9999958e-01
        16    9.9999958e-01
        17    9.9999958e-01
        18    9.9999958e-01
        19    9.9999958e-01
        20    9.9999958e-01
        21    9.9999958e-01
        22    9.9999958e-01
        23    9.9999958e-01
        24    9.9999958e-01
        25    9.9999958e-01
        26    9.9999958e-01
        27    9.9999958e-01
        28    9.9999958e-01
        29    9.9999958e-01
        30    9.9999958e-01
        31    9.9999958e-01
        32    9.9999958e-01
        33    9.9999958e-01
        34    9.9999958e-01
        35    9.9999958e-01
        36    9.9999958e-01
        37    9.9999958e-01
        38    9.9999958e-01
        39    9.9999958e-01
        40    9.9999958e-01
        41    9.9999958e-01
        42    9.9999958e-01
        43    9.9999958e-01
        44    9.9999958e-01
        45    9.9999958e-01
        46    9.9999958e-01
        47    9.9999958e-01
        48    9.9999958e-01
        49    9.9999958e-01
        50    9.9999958e-01
        51    9.9999958e-01
        52    9.9999958e-01
        53    9.9999958e-01
        54    9.9999958e-01
        55    9.9999958e-01
        56    9.9999958e-01
        57    9.9999958e-01
        58    9.9999958e-01
        59    9.9999958e-01
        60    9.9999958e-01
        61    9.9999952e-01
        62    9.9999940e-01
        63    9.9999928e-01
        64    9.9999893e-01
        65    9.9999839e-01
        66    9.9999750e-01
        67    9.9999619e-01
        68    9.9999410e-01
        69    9.9999088e-01
        70    9.9998587e-01
        71    9.9997813e-01
        72    9.9996614e-01
        73    9.9994749e-01
        74    9.9991852e-01
        75    9.9987370e-01
        76    9.9980420e-01
        77    9.9969643e-01
        78    9.9952942e-01
        79    9.9927038e-01
        80    9.9886894e-01
        81    9.9824685e-01
        82    9.9728328e-01
        83    9.9579209e-01
        84    9.9348700e-01
        85    9.8993087e-01
        86    9.8446095e-01
        87    9.7608674e-01
        88    9.6335769e-01
        89    9.4421989e-01
        90    9.1591841e-01
        91    8.7508017e-01
        92    8.1821293e-01
        93    7.4287784e-01
        94    6.4949888e-01
        95    5.4296166e-01
        96    4.3240842e-01
        97    3.2841876e-01
        98    2.3917952e-01
        99    1.6834380e-01
       100    1.1545712e-01
       101    7.7719949e-02
       102    5.1642269e-02
       103    3.4013983e-02
       104    2.2272428e-02
       105    1.4528101e-02
       106    9.4529353e-03
       107    6.1408519e-03
       108    3.9851926e-03
       109    2.5846113e-03
       110    1.6756175e-03
       111    1.0860725e-03
       112    7.0387061e-04
       113    4.5614896e-04
       114    2.9561046e-04
       115    1.9157756e-04
       116    1.2416224e-04
       117    8.0474776e-05
       118    5.2162559e-05
       119    3.3813434e-05
       120    2.1920603e-05
       121    1.4211820e-05
       122    9.2147093e-06
       123    5.9751519e-06
       124    3.8748253e-06
       125    2.5129946e-06
       126    1.6299252e-06
       127    1.0572576e-06
       128    6.8585331e-07
       129    4.4495843e-07
       130    2.8869928e-07
       131    1.8733134e-07
       132    1.2156653e-07
       133    7.8896342e-08
       134    5.1208193e-08
       135    3.3240092e-08
       136    2.1578719e-08
       137    1.4009747e-08
       138    9.0965484e-09
       139    5.9069771e-09
       140    3.8361607e-09
       141    2.4915630e-09
       142    1.6184195e-09
       143    1.0513691e-09
       144    6.8306955e-10
       145    4.4383444e-10
       146    2.8841929e-10
       147    1.8744575e-10
       148    1.2183606e-10
       149    7.9200133e-11
       150    5.1490468e-11
       151    3.3479549e-11
       152    2.1771349e-11
       153    1.4159409e-11
       154    9.2100112e-12
       155    5.9914465e-12
       156    3.8981721e-12
       157    2.5365855e-12
       158    1.6508157e-12
       159    1.0745081e-12
       160    6.9949466e-13
       161    4.5543284e-13
       162    2.9657269e-13
       163    1.9315531e-13
       164    1.2582085e-13
       165    8.1973009e-14
       166    5.3415033e-14
       167    3.4812275e-14
       168    2.2692363e-14
       169    1.4794748e-14
       170    9.6475748e-15
       171    6.2923625e-15
       172    4.1048436e-15
       173    2.6783614e-15
       174    1.7479692e-15
       175    1.1410187e-15
       176    7.4498697e-16
       177    4.8652360e-16
       178    3.1780512e-16
       179    2.0764527e-16
       180    1.3570308e-16
       181    8.8708722e-17
       182    5.8003486e-17
       183    3.7936323e-17
       184    2.4818287e-17
       185    1.6240740e-17
       186    1.0630632e-17
       187    6.9603832e-18
       188    4.5585808e-18
       189    2.9864119e-18
       190    1.9570161e-18
       191    1.2828161e-18
       192    8.4112434e-19
       193    5.5167327e-19
       194    3.6193401e-19
       195    2.3752098e-19
       196    1.5591891e-19
       197    1.0238078e-19
       198    6.7244872e-20
       199    4.4179293e-20
       200    2.9033177e-20
       201    1.9084611e-20
       202    1.2548201e-20
       203    8.2524886e-21
       204    5.4286143e-21
       205    3.5718119e-21
       206    2.3505965e-21
       207    1.5472174e-21
       208    1.0185956e-21
       209    6.7069080e-22
       210    4.4167764e-22
       211    2.9089949e-22
       212    1.9161368e-22
       213    1.2622555e-22
       214    8.3156441e-23
       215    5.4785128e-23
       216    3.6094220e-23
       217    2.3779923e-23
       218    1.5666445e-23
       219    1.0320640e-23
       220    6.7984175e-24
       221    4.4777796e-24
       222    2.9488966e-24
       223    1.9417200e-24
       224    1.2782975e-24
       225    8.4136325e-25
       226    5.5364221e-25
       227    3.6421412e-25
       228    2.3952674e-25
       229    1.5747389e-25
       230    1.0349234e-25
       231    6.7989308e-26
       232    4.4647133e-26
       233    2.9305893e-26
       234    1.9227046e-26
       235    1.2608236e-26
       236    8.2635822e-27
       237    5.4130591e-27
       238    3.5437727e-27
       239    2.3186007e-27
       240    1.5160434e-27
       241    9.9063047e-28
       242    6.4686719e-28
       243    4.2209620e-28
       244    2.7522711e-28
       245    1.7932761e-28
       246    1.1675547e-28
       247    7.5961145e-29
       248    4.9388866e-29
       249    3.2099538e-29
       250    2.0867792e-29
       251    1.3590520e-29
       252    8.8999660e-30
       253    5.9112718e-30
       254    4.0586292e-30
       255    2.9901776e-30
       256    2.5024659e-30
