         1    9.9999958e-01
         2    9.9999958e-01
         3    9.9999958e-01
         4    9.9999958e-01
         5    9.9999958e-01
         6    9.9999958e-01
         7    9.9999958e-01
         8    9.9999958e-01
         9    9.9999958e-01
        10    9.9999958e-01
        11    9.9999958e-01
        12    9.9999958e-01
        13    9.9999958e-01
        14    9.9999958e-01
        15    9.9999958e-01
        16    9.9999958e-01
        17    9.9999958e-01
        18    9.9999958e-01
        19    9.9999958e-01
        20    9.9999958e-01
        21    9.9999958e-01
        22    9.9999958e-01
        23    9.9999958e-01
        24    9.9999958e-01
        25    9.9999958e-01
        26    9.9999958e-01
        27    9.9999958e-01
        28    9.9999958e-01
        29    9.9999958e-01
        30    9.9999958e-01
        31    9.9999958e-01
        32    9.9999958e-01
        33    9.9999958e-01
        34    9.9999958e-01
        35    9.9999958e-01
        36    9.9999958e-01
        37    9.9999958e-01
        38    9.9999958e-01
        39    9.9999958e-01
        40    9.9999958e-01
        41    9.9999958e-01
        42    9.9999958e-01
        43    9.9999958e-01
        44    9.9999958e-01
        45    9.9999958e-01
        46    9.9999958e-01
        47    9.9999958e-01
        48    9.9999958e-01
        49    9.9999958e-01
        50    9.9999958e-01
        51    9.9999958e-01
        52    9.9999958e-01
        53    9.9999958e-01
        54    9.9999958e-01
        55    9.9999958e-01
        56    9.9999958e-01
        57    9.9999958e-01
        58    9.9999958e-01
        59    9.9999958e-01
        60    9.9999958e-01
        61    9.9999958e-01
        62    9.9999958e-01
        63    9.9999958e-01
        64    9.9999958e-01
        65    9.9999958e-01
        66    9.9999958e-01
        67    9.9999958e-01
        68    9.9999958e-01
        69    9.9999958e-01
        70    9.9999958e-01
        71    9.9999958e-01
        72    9.9999958e-01
        73    9.9999958e-01
        74    9.9999958e-01
        75    9.9999958e-01
        76    9.9999958e-01
        77    9.9999958e-01
        78    9.9999958e-01
        79    9.9999958e-01
        80    9.9999958e-01
        81    9.9999958e-01
        82    9.9999958e-01
        83    9.9999958e-01
        84    9.9999958e-01
        85    9.9999958e-01
        86    9.9999958e-01
        87    9.9999958e-01
        88    9.9999958e-01
        89    9.9999946e-01
        90    9.9999928e-01
        91    9.9999905e-01
        92    9.9999851e-01
        93    9.9999774e-01
        94    9.9999648e-01
        95    9.9999458e-01
        96    9.9999160e-01
        97    9.9998701e-01
        98    9.9997985e-01
        99    9.9996871e-01
       100    9.9995148e-01
       101    9.9992472e-01
       102    9.9988329e-01
       103    9.9981892e-01
       104    9.9971914e-01
       105    9.9956435e-01
       106    9.9932420e-01
       107    9.9895185e-01
       108    9.9837470e-01
       109    9.9748027e-01
       110    9.9609542e-01
       111    9.9395353e-01
       112    9.9064690e-01
       113    9.8555660e-01
       114    9.7775429e-01
       115    9.6587521e-01
       116    9.4797325e-01
       117    9.2140871e-01
       118    8.8288802e-01
       119    8.2887405e-01
       120    7.5663775e-01
       121    6.6599566e-01
       122    5.6104749e-01
       123    4.5037353e-01
       124    3.4460020e-01
       125    2.5253356e-01
       126    1.7860472e-01
       127    1.2292434e-01
       128    8.2944766e-02
       129    5.5199157e-02
       130    3.6390468e-02
       131    2.3840314e-02
       132    1.5553779e-02
       133    1.0120098e-02
       134    6.5731388e-03
       135    4.2645452e-03
       136    2.7647936e-03
       137    1.7916732e-03
       138    1.1607441e-03
       139    7.5187359e-04
       140    4.8698499e-04
       141    3.1540554e-04
       142    2.0427699e-04
       143    1.3230451e-04
       144    8.5692038e-05
       145    5.5503533e-05
       146    3.5951540e-05
       147    2.3288025e-05
       148    1.5085757e-05
       149    9.7728571e-06
       150    6.3313519e-06
       151    4.1019666e-06
       152    2.6577175e-06
       153    1.7220538e-06
       154    1.1158503e-06
       155    7.2308057e-07
       156    4.6858571e-07
       157    3.0367784e-07
       158    1.9681536e-07
       159    1.2756361e-07
       160    8.2683094e-08
       161    5.3595556e-08
       162    3.4742669e-08
       163    2.2522675e-08
       164    1.4601564e-08
       165    9.4667634e-09
       166    6.1379950e-09
       167    3.9799222e-09
       168    2.5807492e-09
       169    1.6735566e-09
       170    1.0853219e-09
       171    7.0388306e-10
       172    4.5652690e-10
       173    2.9611225e-10
       174    1.9207494e-10
       175    1.2459758e-10
       176    8.0830141e-11
       177    5.2439931e-11
       178    3.4023281e-11
       179    2.2075767e-11
       180    1.4324558e-11
       181    9.2955010e-12
       182    6.0324085e-12
       183    3.9150328e-12
       184    2.5410141e-12
       185    1.6493242e-12
       186    1.0706135e-12
       187    6.9500417e-13
       188    4.5120147e-13
       189    2.9294251e-13
       190    1.9020567e-13
       191    1.2350772e-13
       192    8.0203768e-14
       193    5.2086590e-14
       194    3.3828907e-14
       195    2.1972600e-14
       196    1.4272722e-14
       197    9.2718124e-15
       198    6.0235901e-15
       199    3.9136293e-15
       200    2.5429519e-15
       201    1.6524615e-15
       202    1.0738903e-15
       203    6.9795038e-16
       204    4.5365523e-16
       205    2.9489317e-16
       206    1.9170868e-16
       207    1.2464009e-16
       208    8.1042643e-17
       209    5.2699935e-17
       210    3.4272684e-17
       211    2.2290952e-17
       212    1.4499484e-17
       213    9.4323711e-18
       214    6.1366966e-18
       215    3.9929605e-18
       216    2.5983821e-18
       217    1.6910632e-18
       218    1.1006943e-18
       219    7.1651434e-19
       220    4.6648282e-19
       221    3.0373891e-19
       222    1.9779737e-19
       223    1.2882418e-19
       224    8.3913641e-20
       225    5.4667294e-20
       226    3.5619189e-20
       227    2.3211517e-20
       228    1.5128217e-20
       229    9.8613968e-21
       230    6.4292056e-21
       231    4.1922406e-21
       232    2.7340531e-21
       233    1.7833697e-21
       234    1.1634598e-21
       235    7.5916980e-22
       236    4.9545685e-22
       237    3.2341050e-22
       238    2.1114737e-22
       239    1.3788038e-22
       240    9.0054714e-23
       241    5.8830116e-23
       242    3.8440094e-23
       243    2.5122530e-23
       244    1.6422539e-23
       245    1.0737960e-23
       246    7.0229699e-24
       247    4.5947858e-24
       248    3.0075860e-24
       249    1.9702588e-24
       250    1.2927459e-24
       251    8.5104563e-25
       252    5.6440099e-25
       253    3.8045815e-25
       254    2.6565384e-25
       255    1.9905836e-25
       256    1.6853934e-25
