         1    9.9999958e-01
         2    9.9999958e-01
         3    9.9999958e-01
         4    9.9999958e-01
         5    9.9999958e-01
         6    9.9999958e-01
         7    9.9999958e-01
         8    9.9999958e-01
         9    9.9999958e-01
        10    9.9999958e-01
        11    9.9999958e-01
        12    9.9999958e-01
        13    9.9999958e-01
        14    9.9999958e-01
        15    9.9999958e-01
        16    9.9999958e-01
        17    9.9999958e-01
        18    9.9999958e-01
        19    9.9999958e-01
        20    9.9999958e-01
        21    9.9999958e-01
        22    9.9999958e-01
        23    9.9999958e-01
        24    9.9999958e-01
        25    9.9999958e-01
        26    9.9999958e-01
        27    9.9999958e-01
        28    9.9999958e-01
        29    9.9999958e-01
        30    9.9999958e-01
        31    9.9999958e-01
        32    9.9999958e-01
        33    9.9999958e-01
        34    9.9999958e-01
        35    9.9999958e-01
        36    9.9999958e-01
        37    9.9999958e-01
        38    9.9999958e-01
        39    9.9999958e-01
        40    9.9999958e-01
        41    9.9999958e-01
        42    9.9999958e-01
        43    9.9999958e-01
        44    9.9999958e-01
        45    9.9999958e-01
        46    9.9999958e-01
        47    9.9999958e-01
        48    9.9999958e-01
        49    9.9999958e-01
        50    9.9999958e-01
        51    9.9999958e-01
        52    9.9999958e-01
        53    9.9999958e-01
        54    9.9999958e-01
        55    9.9999958e-01
        56    9.9999958e-01
        57    9.9999958e-01
        58    9.9999958e-01
        59    9.9999958e-01
        60    9.9999958e-01
        61    9.9999958e-01
        62    9.9999958e-01
        63    9.9999958e-01
        64    9.9999958e-01
        65    9.9999958e-01
        66    9.9999958e-01
        67    9.9999958e-01
        68    9.9999958e-01
        69    9.9999958e-01
        70    9.9999958e-01
        71    9.9999958e-01
        72    9.9999958e-01
        73    9.9999958e-01
        74    9.9999958e-01
        75    9.9999958e-01
        76    9.9999958e-01
        77    9.9999958e-01
        78    9.9999958e-01
        79    9.9999958e-01
        80    9.9999958e-01
        81    9.9999958e-01
        82    9.9999958e-01
        83    9.9999958e-01
        84    9.9999958e-01
        85    9.9999958e-01
        86    9.9999958e-01
        87    9.9999958e-01
        88    9.9999958e-01
        89    9.9999958e-01
        90    9.9999958e-01
        91    9.9999958e-01
        92    9.9999958e-01
        93    9.9999958e-01
        94    9.9999958e-01
        95    9.9999958e-01
        96    9.9999958e-01
        97    9.9999958e-01
        98    9.9999958e-01
        99    9.9999958e-01
       100    9.9999958e-01
       101    9.9999958e-01
       102    9.9999958e-01
       103    9.9999958e-01
       104    9.9999958e-01
       105    9.9999958e-01
       106    9.9999958e-01
       107    9.9999958e-01
       108    9.9999958e-01
       109    9.9999958e-01
       110    9.9999958e-01
       111    9.9999958e-01
       112    9.9999958e-01
       113    9.9999958e-01
       114    9.9999958e-01
       115    9.9999958e-01
       116    9.9999958e-01
       117    9.9999958e-01
       118    9.9999958e-01
       119    9.9999958e-01
       120    9.9999958e-01
       121    9.9999958e-01
       122    9.9999958e-01
       123    9.9999958e-01
       124    9.9999958e-01
       125    9.9999958e-01
       126    9.9999958e-01
       127    9.9999958e-01
       128    9.9999958e-01
       129    9.9999958e-01
       130    9.9999958e-01
       131    9.9999958e-01
       132    9.9999958e-01
       133    9.9999958e-01
       134    9.9999958e-01
       135    9.9999958e-01
       136    9.9999958e-01
       137    9.9999958e-01
       138    9.9999958e-01
       139    9.9999958e-01
       140    9.9999958e-01
       141    9.9999958e-01
       142    9.9999958e-01
       143    9.9999958e-01
       144    9.9999958e-01
       145    9.9999958e-01
       146    9.9999958e-01
       147    9.9999958e-01
       148    9.9999958e-01
       149    9.9999958e-01
       150    9.9999958e-01
       151    9.9999958e-01
       152    9.9999958e-01
       153    9.9999958e-01
       154    9.9999958e-01
       155    9.9999958e-01
       156    9.9999958e-01
       157    9.9999958e-01
       158    9.9999958e-01
       159    9.9999958e-01
       160    9.9999958e-01
       161    9.9999958e-01
       162    9.9999958e-01
       163    9.9999958e-01
       164    9.9999958e-01
       165    9.9999958e-01
       166    9.9999958e-01
       167    9.9999958e-01
       168    9.9999958e-01
       169    9.9999958e-01
       170    9.9999958e-01
       171    9.9999958e-01
       172    9.9999958e-01
       173    9.9999958e-01
       174    9.9999958e-01
       175    9.9999958e-01
       176    9.9999958e-01
       177    9.9999958e-01
       178    9.9999946e-01
       179    9.9999934e-01
       180    9.9999905e-01
       181    9.9999857e-01
       182    9.9999779e-01
       183    9.9999660e-01
       184    9.9999475e-01
       185    9.9999183e-01
       186    9.9998736e-01
       187    9.9998039e-01
       188    9.9996960e-01
       189    9.9995285e-01
       190    9.9992681e-01
       191    9.9988639e-01
       192    9.9982375e-01
       193    9.9972641e-01
       194    9.9957544e-01
       195    9.9934119e-01
       196    9.9897772e-01
       197    9.9841404e-01
       198    9.9754030e-01
       199    9.9618691e-01
       200    9.9409294e-01
       201    9.9085897e-01
       202    9.8587835e-01
       203    9.7824025e-01
       204    9.6660364e-01
       205    9.4905257e-01
       206    9.2297977e-01
       207    8.8511443e-01
       208    8.3190864e-01
       209    7.6055479e-01
       210    6.7070132e-01
       211    5.6622386e-01
       212    4.5553434e-01
       213    3.4926143e-01
       214    2.5638366e-01
       215    1.8155856e-01
       216    1.2506545e-01
       217    8.4433563e-02
       218    5.6204274e-02
       219    3.7055172e-02
       220    2.4273587e-02
       221    1.5833316e-02
       222    1.0299097e-02
       223    6.6871019e-03
       224    4.3367636e-03
       225    2.8103739e-03
       226    1.8203343e-03
       227    1.1787013e-03
       228    7.6308288e-04
       229    4.9395493e-04
       230    3.1972129e-04
       231    2.0693694e-04
       232    1.3393539e-04
       233    8.6686072e-05
       234    5.6105258e-05
       235    3.6312864e-05
       236    2.3502911e-05
       237    1.5212060e-05
       238    9.8460096e-06
       239    6.3729249e-06
       240    4.1250000e-06
       241    2.6700293e-06
       242    1.7282853e-06
       243    1.1187238e-06
       244    7.2416930e-07
       245    4.6878202e-07
       246    3.0347624e-07
       247    1.9648228e-07
       248    1.2723878e-07
       249    8.2440003e-08
       250    5.3478157e-08
       251    3.4788791e-08
       252    2.2781387e-08
       253    1.5149295e-08
       254    1.0426467e-08
       255    7.7057525e-09
       256    6.4645866e-09
