         1    9.9999958e-01
         2    9.9999958e-01
         3    9.9999958e-01
         4    9.9999958e-01
         5    9.9999958e-01
         6    9.9999958e-01
         7    9.9999958e-01
         8    9.9999958e-01
         9    9.9999958e-01
        10    9.9999958e-01
        11    9.9999958e-01
        12    9.9999958e-01
        13    9.9999958e-01
        14    9.9999958e-01
        15    9.9999958e-01
        16    9.9999958e-01
        17    9.9999958e-01
        18    9.9999958e-01
        19    9.9999958e-01
        20    9.9999958e-01
        21    9.9999958e-01
        22    9.9999958e-01
        23    9.9999958e-01
        24    9.9999958e-01
        25    9.9999958e-01
        26    9.9999958e-01
        27    9.9999958e-01
        28    9.9999958e-01
        29    9.9999958e-01
        30    9.9999958e-01
        31    9.9999958e-01
        32    9.9999958e-01
        33    9.9999958e-01
        34    9.9999958e-01
        35    9.9999958e-01
        36    9.9999958e-01
        37    9.9999958e-01
        38    9.9999958e-01
        39    9.9999958e-01
        40    9.9999958e-01
        41    9.9999958e-01
        42    9.9999958e-01
        43    9.9999958e-01
        44    9.9999958e-01
        45    9.9999958e-01
        46    9.9999958e-01
        47    9.9999958e-01
        48    9.9999958e-01
        49    9.9999958e-01
        50    9.9999958e-01
        51    9.9999958e-01
        52    9.9999958e-01
        53    9.9999958e-01
        54    9.9999958e-01
        55    9.9999958e-01
        56    9.9999958e-01
        57    9.9999958e-01
        58    9.9999958e-01
        59    9.9999958e-01
        60    9.9999958e-01
        61    9.9999958e-01
        62    9.9999958e-01
        63    9.9999958e-01
        64    9.9999958e-01
        65    9.9999958e-01
        66    9.9999958e-01
        67    9.9999958e-01
        68    9.9999958e-01
        69    9.9999958e-01
        70    9.9999958e-01
        71    9.9999958e-01
        72    9.9999958e-01
        73    9.9999958e-01
        74    9.9999958e-01
        75    9.9999958e-01
        76    9.9999958e-01
        77    9.9999958e-01
        78    9.9999958e-01
        79    9.9999958e-01
        80    9.9999958e-01
        81    9.9999958e-01
        82    9.9999958e-01
        83    9.9999958e-01
        84    9.9999958e-01
        85    9.9999958e-01
        86    9.9999958e-01
        87    9.9999958e-01
        88    9.9999958e-01
        89    9.9999958e-01
        90    9.9999958e-01
        91    9.9999958e-01
        92    9.9999958e-01
        93    9.9999958e-01
        94    9.9999958e-01
        95    9.9999952e-01
        96    9.9999946e-01
        97    9.9999928e-01
        98    9.9999899e-01
        99    9.9999839e-01
       100    9.9999756e-01
       101    9.9999619e-01
       102    9.9999410e-01
       103    9.9999094e-01
       104    9.9998593e-01
       105    9.9997813e-01
       106    9.9996608e-01
       107    9.9994743e-01
       108    9.9991846e-01
       109    9.9987358e-01
       110    9.9980384e-01
       111    9.9969566e-01
       112    9.9952793e-01
       113    9.9926770e-01
       114    9.9886417e-01
       115    9.9823862e-01
       116    9.9726933e-01
       117    9.9576873e-01
       118    9.9344838e-01
       119    9.8986769e-01
       120    9.8435879e-01
       121    9.7592342e-01
       122    9.6310014e-01
       123    9.4382095e-01
       124    9.1531473e-01
       125    8.7419599e-01
       126    8.1697440e-01
       127    7.4124390e-01
       128    6.4750260e-01
       129    5.4073614e-01
       130    4.3016222e-01
       131    3.2636166e-01
       132    2.3745014e-01
       133    1.6698654e-01
       134    1.1444528e-01
       135    7.6992497e-02
       136    5.1131934e-02
       137    3.3661634e-02
       138    2.2031583e-02
       139    1.4364463e-02
       140    9.3421359e-03
       141    6.0659628e-03
       142    3.9346139e-03
       143    2.5504562e-03
       144    1.6525486e-03
       145    1.0704857e-03
       146    6.9333473e-04
       147    4.4902437e-04
       148    2.9079081e-04
       149    1.8831616e-04
       150    1.2195472e-04
       151    7.8980331e-05
       152    5.1150750e-05
       153    3.3128355e-05
       154    2.1456755e-05
       155    1.3897781e-05
       156    9.0021185e-06
       157    5.8312580e-06
       158    3.7774473e-06
       159    2.4471090e-06
       160    1.5853574e-06
       161    1.0271174e-06
       162    6.6547568e-07
       163    4.3118487e-07
       164    2.7939217e-07
       165    1.8104410e-07
       166    1.1732055e-07
       167    7.6029721e-08
       168    4.9273385e-08
       169    3.1934579e-08
       170    2.0698076e-08
       171    1.3415867e-08
       172    8.6961629e-09
       173    5.6371139e-09
       174    3.6543177e-09
       175    2.3690614e-09
       176    1.5359143e-09
       177    9.9581432e-10
       178    6.4567007e-10
       179    4.1866247e-10
       180    2.7148050e-10
       181    1.7604943e-10
       182    1.1417003e-10
       183    7.4044250e-11
       184    4.8023356e-11
       185    3.1148396e-11
       186    2.0204179e-11
       187    1.3105971e-11
       188    8.5019769e-12
       189    5.5156097e-12
       190    3.5784117e-12
       191    2.3217233e-12
       192    1.5064483e-12
       193    9.7751147e-13
       194    6.3432766e-13
       195    4.1165167e-13
       196    2.6715959e-13
       197    1.7339503e-13
       198    1.1254542e-13
       199    7.3054098e-14
       200    4.7422810e-14
       201    3.0786212e-14
       202    1.9987194e-14
       203    1.2977003e-14
       204    8.4260559e-15
       205    5.4714449e-15
       206    3.5531037e-15
       207    2.3075032e-15
       208    1.4986692e-15
       209    9.7341651e-16
       210    6.3229765e-16
       211    4.1074748e-16
       212    2.6684505e-16
       213    1.7337039e-16
       214    1.1264780e-16
       215    7.3198655e-17
       216    4.7568196e-17
       217    3.0914631e-17
       218    2.0093056e-17
       219    1.3060597e-17
       220    8.4901611e-18
       221    5.5195715e-18
       222    3.5886590e-18
       223    2.3334424e-18
       224    1.5174029e-18
       225    9.8683495e-19
       226    6.4184304e-19
       227    4.1749835e-19
       228    2.7159591e-19
       229    1.7669948e-19
       230    1.1497194e-19
       231    7.4815940e-20
       232    4.8690384e-20
       233    3.1691312e-20
       234    2.0629388e-20
       235    1.3430213e-20
       236    8.7444219e-21
       237    5.6941950e-21
       238    3.7084118e-21
       239    2.4154577e-21
       240    1.5735056e-21
       241    1.0251707e-21
       242    6.6801322e-22
       243    4.3534873e-22
       244    2.8376344e-22
       245    1.8499023e-22
       246    1.2062207e-22
       247    7.8671457e-23
       248    5.1331094e-23
       249    3.3516302e-23
       250    2.1916274e-23
       251    1.4376750e-23
       252    9.4985653e-24
       253    6.3770833e-24
       254    4.4338333e-24
       255    3.3089153e-24
       256    2.7940915e-24
