         1    9.9999958e-01
         2    9.9999958e-01
         3    9.9999958e-01
         4    9.9999958e-01
         5    9.9999958e-01
         6    9.9999958e-01
         7    9.9999958e-01
         8    9.9999958e-01
         9    9.9999958e-01
        10    9.9999958e-01
        11    9.9999958e-01
        12    9.9999958e-01
        13    9.9999958e-01
        14    9.9999958e-01
        15    9.9999958e-01
        16    9.9999958e-01
        17    9.9999958e-01
        18    9.9999958e-01
        19    9.9999958e-01
        20    9.9999958e-01
        21    9.9999958e-01
        22    9.9999958e-01
        23    9.9999958e-01
        24    9.9999958e-01
        25    9.9999958e-01
        26    9.9999958e-01
        27    9.9999958e-01
        28    9.9999958e-01
        29    9.9999958e-01
        30    9.9999958e-01
        31    9.9999958e-01
        32    9.9999958e-01
        33    9.9999958e-01
        34    9.9999952e-01
        35    9.9999940e-01
        36    9.9999923e-01
        37    9.9999893e-01
        38    9.9999839e-01
        39    9.9999750e-01
        40    9.9999619e-01
        41    9.9999410e-01
        42    9.9999088e-01
        43    9.9998593e-01
        44    9.9997824e-01
        45    9.9996632e-01
        46    9.9994791e-01
        47    9.9991941e-01
        48    9.9987525e-01
        49    9.9980694e-01
        50    9.9970114e-01
        51    9.9953729e-01
        52    9.9928355e-01
        53    9.9889064e-01
        54    9.9828231e-01
        55    9.9734098e-01
        56    9.9588513e-01
        57    9.9363631e-01
        58    9.9016863e-01
        59    9.8483711e-01
        60    9.7667652e-01
        61    9.6427190e-01
        62    9.4561535e-01
        63    9.1800278e-01
        64    8.7809956e-01
        65    8.2240295e-01
        66    7.4836290e-01
        67    6.5615779e-01
        68    5.5034602e-01
        69    4.3982586e-01
        70    3.3517867e-01
        71    2.4483149e-01
        72    1.7275134e-01
        73    1.1871892e-01
        74    8.0045708e-02
        75    5.3259153e-02
        76    3.5119522e-02
        77    2.3020409e-02
        78    1.5030923e-02
        79    9.7897034e-03
        80    6.3659707e-03
        81    4.1355579e-03
        82    2.6850372e-03
        83    1.7427126e-03
        84    1.1309253e-03
        85    7.3387579e-04
        86    4.7623704e-04
        87    3.0906955e-04
        88    2.0060202e-04
        89    1.3021757e-04
        90    8.4540588e-05
        91    5.4894230e-05
        92    3.5649802e-05
        93    2.3155755e-05
        94    1.5042993e-05
        95    9.7742804e-06
        96    6.3520247e-06
        97    4.1287444e-06
        98    2.6841317e-06
        99    1.7453049e-06
       100    1.1350685e-06
       101    7.3834252e-07
       102    4.8037521e-07
       103    3.1260225e-07
       104    2.0346725e-07
       105    1.3246158e-07
       106    8.6254282e-08
       107    5.6178347e-08
       108    3.6598003e-08
       109    2.3847809e-08
       110    1.5543362e-08
       111    1.0133270e-08
       112    6.6079280e-09
       113    4.3101758e-09
       114    2.8121712e-09
       115    1.8353070e-09
       116    1.1981165e-09
       117    7.8237661e-10
       118    5.1104887e-10
       119    3.3391961e-10
       120    2.1825167e-10
       121    1.4269622e-10
       122    9.3327485e-11
       123    6.1059303e-11
       124    3.9961520e-11
       125    2.6162700e-11
       126    1.7134674e-11
       127    1.1225972e-11
       128    7.3574697e-12
       129    4.8238167e-12
       130    3.1638208e-12
       131    2.0758319e-12
       132    1.3624848e-12
       133    8.9460188e-13
       134    5.8760494e-13
       135    3.8609732e-13
       136    2.5378243e-13
       137    1.6686933e-13
       138    1.0975845e-13
       139    7.2217318e-14
       140    4.7531484e-14
       141    3.1293348e-14
       142    2.0608506e-14
       143    1.3575546e-14
       144    8.9449119e-15
       145    5.8951346e-15
       146    3.8859796e-15
       147    2.5620405e-15
       148    1.6894252e-15
       149    1.1141602e-15
       150    7.3485164e-16
       151    4.8471000e-16
       152    3.1972836e-16
       153    2.1090320e-16
       154    1.3911488e-16
       155    9.1756651e-17
       156    6.0514568e-17
       157    3.9904807e-17
       158    2.6309803e-17
       159    1.7342876e-17
       160    1.1429298e-17
       161    7.5300286e-18
       162    4.9594751e-18
       163    3.2652795e-18
       164    2.1489875e-18
       165    1.4137075e-18
       166    9.2956706e-19
       167    6.1091476e-19
       168    4.0127540e-19
       169    2.6342066e-19
       170    1.7281672e-19
       171    1.1330101e-19
       172    7.4229624e-20
       173    4.8595917e-20
       174    3.1789585e-20
       175    2.0778591e-20
       176    1.3569916e-20
       177    8.8542511e-21
       178    5.7719690e-21
       179    3.7590447e-21
       180    2.4456613e-21
       181    1.5895148e-21
       182    1.0319684e-21
       183    6.6924642e-22
       184    4.3351873e-22
       185    2.8048930e-22
       186    1.8125748e-22
       187    1.1698532e-22
       188    7.5406261e-23
       189    4.8541029e-23
       190    3.1204775e-23
       191    2.0032211e-23
       192    1.2841558e-23
       193    8.2200237e-24
       194    5.2538842e-24
       195    3.3529413e-24
       196    2.1364625e-24
       197    1.3591729e-24
       198    8.6327790e-25
       199    5.4740592e-25
       200    3.4652788e-25
       201    2.1898969e-25
       202    1.3815068e-25
       203    8.6998921e-26
       204    5.4688207e-26
       205    3.4314722e-26
       206    2.1491281e-26
       207    1.3434688e-26
       208    8.3823320e-27
       209    5.2199099e-27
       210    3.2442263e-27
       211    2.0123272e-27
       212    1.2457042e-27
       213    7.6957334e-28
       214    4.7445376e-28
       215    2.9190193e-28
       216    1.7921311e-28
       217    1.0979514e-28
       218    6.7122480e-29
       219    4.0946402e-29
       220    2.4924007e-29
       221    1.5137918e-29
       222    9.1738671e-30
       223    5.5471387e-30
       224    3.3466347e-30
       225    2.0144797e-30
       226    1.2098334e-30
       227    7.2491886e-31
       228    4.3335878e-31
       229    2.5846017e-31
       230    1.5378750e-31
       231    9.1290102e-32
       232    5.4062419e-32
       233    3.1939683e-32
       234    1.8824497e-32
       235    1.1067977e-32
       236    6.4917219e-33
       237    3.7983334e-33
       238    2.2169851e-33
       239    1.2908151e-33
       240    7.4970807e-34
       241    4.3435269e-34
       242    2.5102129e-34
       243    1.4470781e-34
       244    8.3211345e-35
       245    4.7728563e-35
       246    2.7307130e-35
       247    1.5583815e-35
       248    8.8710370e-36
       249    5.0372756e-36
       250    2.8536704e-36
       251    1.6136894e-36
       252    9.1235696e-37
       253    5.1849752e-37
       254    3.0112048e-37
       255    1.8732669e-37
       256    1.3868411e-37
