         1    9.9998122e-01
         2    9.9997920e-01
         3    9.9997485e-01
         4    9.9996746e-01
         5    9.9995577e-01
         6    9.9993795e-01
         7    9.9991089e-01
         8    9.9986994e-01
         9    9.9980801e-01
        10    9.9971420e-01
        11    9.9957174e-01
        12    9.9935502e-01
        13    9.9902457e-01
        14    9.9851996e-01
        15    9.9774849e-01
        16    9.9656785e-01
        17    9.9476033e-01
        18    9.9199390e-01
        19    9.8776501e-01
        20    9.8131734e-01
        21    9.7153217e-01
        22    9.5679396e-01
        23    9.3485945e-01
        24    9.0280628e-01
        25    8.5722327e-01
        26    7.9489124e-01
        27    7.1415073e-01
        28    6.1671364e-01
        29    5.0881362e-01
        30    4.0019745e-01
        31    3.0083820e-01
        32    2.1750522e-01
        33    1.5246870e-01
        34    1.0445093e-01
        35    7.0403047e-02
        36    4.6933375e-02
        37    3.1062147e-02
        38    2.0464199e-02
        39    1.3444957e-02
        40    8.8197105e-03
        41    5.7813614e-03
        42    3.7889318e-03
        43    2.4834962e-03
        44    1.6284151e-03
        45    1.0682670e-03
        46    7.0119847e-04
        47    4.6053695e-04
        48    3.0265938e-04
        49    1.9902358e-04
        50    1.3094943e-04
        51    8.6205277e-05
        52    5.6777153e-05
        53    3.7410864e-05
        54    2.4659166e-05
        55    1.6258691e-05
        56    1.0722295e-05
        57    7.0721603e-06
        58    4.6649325e-06
        59    3.0770470e-06
        60    2.0294824e-06
        61    1.3383398e-06
        62    8.8236067e-07
        63    5.8156019e-07
        64    3.8316310e-07
        65    2.5234039e-07
        66    1.6610372e-07
        67    1.0927956e-07
        68    7.1852980e-08
        69    4.7214769e-08
        70    3.1004209e-08
        71    2.0344959e-08
        72    1.3340459e-08
        73    8.7407193e-09
        74    5.7222982e-09
        75    3.7430388e-09
        76    2.4461941e-09
        77    1.5971673e-09
        78    1.0417902e-09
        79    6.7881994e-10
        80    4.4181833e-10
        81    2.8721925e-10
        82    1.8647692e-10
        83    1.2090222e-10
        84    7.8269335e-11
        85    5.0587395e-11
        86    3.2638180e-11
        87    2.1017296e-11
        88    1.3505926e-11
        89    8.6595089e-12
        90    5.5386511e-12
        91    3.5332438e-12
        92    2.2475843e-12
        93    1.4254198e-12
        94    9.0108113e-13
        95    5.6765996e-13
        96    3.5630700e-13
        97    2.2278239e-13
        98    1.3872902e-13
        99    8.6019015e-14
       100    5.3097582e-14
       101    3.2622905e-14
       102    1.9945964e-14
       103    1.2133650e-14
       104    7.3426745e-15
       105    4.4194554e-15
       106    2.6452288e-15
       107    1.5742337e-15
       108    9.3136747e-16
       109    5.4771729e-16
       110    3.2012234e-16
       111    1.8592729e-16
       112    1.0729620e-16
       113    6.1516092e-17
       114    3.5035480e-17
       115    1.9819679e-17
       116    1.1135535e-17
       117    6.2131302e-18
       118    3.4423564e-18
       119    1.8936962e-18
       120    1.0342819e-18
       121    5.6080069e-19
       122    3.0184754e-19
       123    1.6126730e-19
       124    8.5517719e-20
       125    4.5008022e-20
       126    2.3508339e-20
       127    1.2185057e-20
       128    6.2673399e-21
       129    3.1986489e-21
       130    1.6197796e-21
       131    8.1382440e-22
       132    4.0566835e-22
       133    2.0061255e-22
       134    9.8417725e-23
       135    4.7895980e-23
       136    2.3121620e-23
       137    1.1071703e-23
       138    5.2586166e-24
       139    2.4772737e-24
       140    1.1574622e-24
       141    5.3635861e-25
       142    2.4649325e-25
       143    1.1234201e-25
       144    5.0775374e-26
       145    2.2757494e-26
       146    1.0114466e-26
       147    4.4575475e-27
       148    1.9479183e-27
       149    8.4402406e-28
       150    3.6260687e-28
       151    1.5445507e-28
       152    6.5229087e-29
       153    2.7311251e-29
       154    1.1336822e-29
       155    4.6652922e-30
       156    1.9032361e-30
       157    7.6969950e-31
       158    3.0856962e-31
       159    1.2262444e-31
       160    4.8303837e-32
       161    1.8860601e-32
       162    7.2994063e-33
       163    2.8000533e-33
       164    1.0645855e-33
       165    4.0116128e-34
       166    1.4982018e-34
       167    5.5452758e-35
       168    2.0340709e-35
       169    7.3941421e-36
       170    2.6636470e-36
       171    9.5087029e-37
       172    3.3636439e-37
       173    1.1790473e-37
       174    4.0951813e-38
       175    1.4093666e-38
       176    4.8058680e-39
       177    1.6236971e-39
       178    5.4351463e-40
       179    1.8025182e-40
       180    5.9224478e-41
       181    1.9277663e-41
       182    6.2175613e-42
       183    1.9856399e-42
       184    6.2918301e-43
       185    1.9758308e-43
       186    6.1657132e-44
       187    1.8216880e-44
       188    5.6051939e-45
       189    1.4012985e-45
       190    0.0000000e+00
       191    0.0000000e+00
       192    0.0000000e+00
       193    0.0000000e+00
       194    0.0000000e+00
       195    0.0000000e+00
       196    0.0000000e+00
       197    0.0000000e+00
       198    0.0000000e+00
       199    0.0000000e+00
       200    0.0000000e+00
       201    0.0000000e+00
       202    0.0000000e+00
       203    0.0000000e+00
       204    0.0000000e+00
       205    0.0000000e+00
       206    0.0000000e+00
       207    0.0000000e+00
       208    0.0000000e+00
       209    0.0000000e+00
       210    0.0000000e+00
       211    0.0000000e+00
       212    0.0000000e+00
       213    0.0000000e+00
       214    0.0000000e+00
       215    0.0000000e+00
       216    0.0000000e+00
       217    0.0000000e+00
       218    0.0000000e+00
       219    0.0000000e+00
       220    0.0000000e+00
       221    0.0000000e+00
       222    0.0000000e+00
       223    0.0000000e+00
       224    0.0000000e+00
       225    0.0000000e+00
       226    0.0000000e+00
       227    0.0000000e+00
       228    0.0000000e+00
       229    0.0000000e+00
       230    0.0000000e+00
       231    0.0000000e+00
       232    0.0000000e+00
       233    0.0000000e+00
       234    0.0000000e+00
       235    0.0000000e+00
       236    0.0000000e+00
       237    0.0000000e+00
       238    0.0000000e+00
       239    0.0000000e+00
       240    0.0000000e+00
       241    0.0000000e+00
       242    0.0000000e+00
       243    0.0000000e+00
       244    0.0000000e+00
       245    0.0000000e+00
       246    0.0000000e+00
       247    0.0000000e+00
       248    0.0000000e+00
       249    0.0000000e+00
       250    0.0000000e+00
       251    0.0000000e+00
       252    0.0000000e+00
       253    0.0000000e+00
       254    0.0000000e+00
       255    0.0000000e+00
       256    0.0000000e+00
