         1    9.9999958e-01
         2    9.9999958e-01
         3    9.9999958e-01
         4    9.9999958e-01
         5    9.9999958e-01
         6    9.9999958e-01
         7    9.9999958e-01
         8    9.9999958e-01
         9    9.9999958e-01
        10    9.9999958e-01
        11    9.9999958e-01
        12    9.9999958e-01
        13    9.9999958e-01
        14    9.9999958e-01
        15    9.9999958e-01
        16    9.9999958e-01
        17    9.9999958e-01
        18    9.9999958e-01
        19    9.9999958e-01
        20    9.9999958e-01
        21    9.9999958e-01
        22    9.9999958e-01
        23    9.9999958e-01
        24    9.9999958e-01
        25    9.9999958e-01
        26    9.9999958e-01
        27    9.9999958e-01
        28    9.9999958e-01
        29    9.9999958e-01
        30    9.9999958e-01
        31    9.9999958e-01
        32    9.9999958e-01
        33    9.9999958e-01
        34    9.9999958e-01
        35    9.9999958e-01
        36    9.9999958e-01
        37    9.9999958e-01
        38    9.9999958e-01
        39    9.9999958e-01
        40    9.9999958e-01
        41    9.9999958e-01
        42    9.9999958e-01
        43    9.9999958e-01
        44    9.9999958e-01
        45    9.9999958e-01
        46    9.9999958e-01
        47    9.9999958e-01
        48    9.9999958e-01
        49    9.9999958e-01
        50    9.9999958e-01
        51    9.9999958e-01
        52    9.9999958e-01
        53    9.9999958e-01
        54    9.9999958e-01
        55    9.9999958e-01
        56    9.9999958e-01
        57    9.9999958e-01
        58    9.9999958e-01
        59    9.9999958e-01
        60    9.9999958e-01
        61    9.9999958e-01
        62    9.9999958e-01
        63    9.9999958e-01
        64    9.9999958e-01
        65    9.9999958e-01
        66    9.9999958e-01
        67    9.9999958e-01
        68    9.9999958e-01
        69    9.9999958e-01
        70    9.9999958e-01
        71    9.9999958e-01
        72    9.9999958e-01
        73    9.9999958e-01
        74    9.9999958e-01
        75    9.9999958e-01
        76    9.9999958e-01
        77    9.9999958e-01
        78    9.9999958e-01
        79    9.9999958e-01
        80    9.9999958e-01
        81    9.9999958e-01
        82    9.9999958e-01
        83    9.9999958e-01
        84    9.9999958e-01
        85    9.9999958e-01
        86    9.9999958e-01
        87    9.9999958e-01
        88    9.9999958e-01
        89    9.9999958e-01
        90    9.9999958e-01
        91    9.9999958e-01
        92    9.9999958e-01
        93    9.9999958e-01
        94    9.9999958e-01
        95    9.9999958e-01
        96    9.9999958e-01
        97    9.9999958e-01
        98    9.9999958e-01
        99    9.9999958e-01
       100    9.9999958e-01
       101    9.9999958e-01
       102    9.9999958e-01
       103    9.9999958e-01
       104    9.9999958e-01
       105    9.9999958e-01
       106    9.9999958e-01
       107    9.9999958e-01
       108    9.9999958e-01
       109    9.9999958e-01
       110    9.9999958e-01
       111    9.9999958e-01
       112    9.9999958e-01
       113    9.9999958e-01
       114    9.9999958e-01
       115    9.9999958e-01
       116    9.9999958e-01
       117    9.9999958e-01
       118    9.9999958e-01
       119    9.9999958e-01
       120    9.9999958e-01
       121    9.9999958e-01
       122    9.9999958e-01
       123    9.9999958e-01
       124    9.9999958e-01
       125    9.9999958e-01
       126    9.9999958e-01
       127    9.9999958e-01
       128    9.9999958e-01
       129    9.9999958e-01
       130    9.9999958e-01
       131    9.9999958e-01
       132    9.9999958e-01
       133    9.9999958e-01
       134    9.9999958e-01
       135    9.9999958e-01
       136    9.9999958e-01
       137    9.9999958e-01
       138    9.9999958e-01
       139    9.9999958e-01
       140    9.9999958e-01
       141    9.9999958e-01
       142    9.9999958e-01
       143    9.9999952e-01
       144    9.9999940e-01
       145    9.9999928e-01
       146    9.9999893e-01
       147    9.9999839e-01
       148    9.9999744e-01
       149    9.9999607e-01
       150    9.9999386e-01
       151    9.9999052e-01
       152    9.9998528e-01
       153    9.9997723e-01
       154    9.9996465e-01
       155    9.9994510e-01
       156    9.9991482e-01
       157    9.9986780e-01
       158    9.9979484e-01
       159    9.9968165e-01
       160    9.9950594e-01
       161    9.9923342e-01
       162    9.9881071e-01
       163    9.9815530e-01
       164    9.9713957e-01
       165    9.9556690e-01
       166    9.9313515e-01
       167    9.8938286e-01
       168    9.8361152e-01
       169    9.7477859e-01
       170    9.6136248e-01
       171    9.4121963e-01
       172    9.1150039e-01
       173    8.6876982e-01
       174    8.0958205e-01
       175    7.3175263e-01
       176    6.3621527e-01
       177    5.2848756e-01
       178    4.1812691e-01
       179    3.1562647e-01
       180    2.2865519e-01
       181    1.6025761e-01
       182    1.0955484e-01
       183    7.3566288e-02
       184    4.8791468e-02
       185    3.2089747e-02
       186    2.0987615e-02
       187    1.3676109e-02
       188    8.8903429e-03
       189    5.7702828e-03
       190    3.7414373e-03
       191    2.4243728e-03
       192    1.5702978e-03
       193    1.0168398e-03
       194    6.5834558e-04
       195    4.2620068e-04
       196    2.7589969e-04
       197    1.7859810e-04
       198    1.1561085e-04
       199    7.4837859e-05
       200    4.8444927e-05
       201    3.1360392e-05
       202    2.0301224e-05
       203    1.3142301e-05
       204    8.5080419e-06
       205    5.5080409e-06
       206    3.5659421e-06
       207    2.3086664e-06
       208    1.4947134e-06
       209    9.6775329e-07
       210    6.2658688e-07
       211    4.0570279e-07
       212    2.6269072e-07
       213    1.7009501e-07
       214    1.1014087e-07
       215    7.1320684e-08
       216    4.6184123e-08
       217    2.9907493e-08
       218    1.9367677e-08
       219    1.2542531e-08
       220    8.1227505e-09
       221    5.2605515e-09
       222    3.4069809e-09
       223    2.2065736e-09
       224    1.4291487e-09
       225    9.2565000e-10
       226    5.9955158e-10
       227    3.8834411e-10
       228    2.5154595e-10
       229    1.6294026e-10
       230    1.0554799e-10
       231    6.8372592e-11
       232    4.4291945e-11
       233    2.8693138e-11
       234    1.8588400e-11
       235    1.2042501e-11
       236    7.8019301e-12
       237    5.0547335e-12
       238    3.2749550e-12
       239    2.1218921e-12
       240    1.3748403e-12
       241    8.9082507e-13
       242    5.7722371e-13
       243    3.7403145e-13
       244    2.4237405e-13
       245    1.5706597e-13
       246    1.0179011e-13
       247    6.5974942e-14
       248    4.2771623e-14
       249    2.7743575e-14
       250    1.8017712e-14
       251    1.1734852e-14
       252    7.6941102e-15
       253    5.1232424e-15
       254    3.5309729e-15
       255    2.6130579e-15
       256    2.1941196e-15
