         1    9.9999958e-01
         2    9.9999958e-01
         3    9.9999958e-01
         4    9.9999958e-01
         5    9.9999958e-01
         6    9.9999958e-01
         7    9.9999952e-01
         8    9.9999940e-01
         9    9.9999923e-01
        10    9.9999893e-01
        11    9.9999839e-01
        12    9.9999756e-01
        13    9.9999630e-01
        14    9.9999440e-01
        15    9.9999148e-01
        16    9.9998707e-01
        17    9.9998033e-01
        18    9.9997002e-01
        19    9.9995416e-01
        20    9.9992985e-01
        21    9.9989241e-01
        22    9.9983490e-01
        23    9.9974644e-01
        24    9.9961013e-01
        25    9.9940020e-01
        26    9.9907660e-01
        27    9.9857759e-01
        28    9.9780804e-01
        29    9.9662143e-01
        30    9.9479288e-01
        31    9.9197823e-01
        32    9.8765457e-01
        33    9.8103487e-01
        34    9.7095406e-01
        35    9.5573050e-01
        36    9.3303406e-01
        37    8.9984590e-01
        38    8.5268426e-01
        39    7.8835613e-01
        40    7.0541859e-01
        41    6.0603011e-01
        42    4.9697077e-01
        43    3.8833696e-01
        44    2.9003242e-01
        45    2.0841753e-01
        46    1.4528699e-01
        47    9.9026330e-02
        48    6.6431262e-02
        49    4.4084378e-02
        50    2.9044954e-02
        51    1.9047255e-02
        52    1.2454278e-02
        53    8.1288796e-03
        54    5.3003146e-03
        55    3.4542307e-03
        56    2.2507384e-03
        57    1.4666244e-03
        58    9.5586613e-04
        59    6.2316441e-04
        60    4.0641078e-04
        61    2.6515842e-04
        62    1.7307649e-04
        63    1.1302491e-04
        64    7.3845185e-05
        65    4.8271260e-05
        66    3.1570307e-05
        67    2.0658414e-05
        68    1.3525280e-05
        69    8.8599054e-06
        70    5.8069331e-06
        71    3.8080263e-06
        72    2.4985491e-06
        73    1.6402457e-06
        74    1.0773583e-06
        75    7.0800678e-07
        76    4.6551662e-07
        77    3.0622914e-07
        78    2.0154081e-07
        79    1.3270119e-07
        80    8.7411905e-08
        81    5.7602005e-08
        82    3.7971837e-08
        83    2.5039586e-08
        84    1.6516477e-08
        85    1.0897190e-08
        86    7.1911677e-09
        87    4.7462683e-09
        88    3.1329428e-09
        89    2.0681339e-09
        90    1.3652400e-09
        91    9.0120056e-10
        92    5.9483091e-10
        93    3.9255704e-10
        94    2.5901603e-10
        95    1.7086091e-10
        96    1.1267527e-10
        97    7.4278354e-11
        98    4.8946510e-11
        99    3.2239277e-11
       100    2.1224203e-11
       101    1.3964927e-11
       102    9.1830267e-12
       103    6.0346441e-12
       104    3.9629146e-12
       105    2.6004802e-12
       106    1.7050861e-12
       107    1.1170454e-12
       108    7.3114626e-13
       109    4.7810508e-13
       110    3.1232298e-13
       111    2.0380797e-13
       112    1.3284621e-13
       113    8.6489037e-14
       114    5.6237889e-14
       115    3.6519432e-14
       116    2.3681872e-14
       117    1.5334652e-14
       118    9.9143783e-15
       119    6.3996693e-15
       120    4.1239730e-15
       121    2.6528049e-15
       122    1.7032962e-15
       123    1.0915255e-15
       124    6.9807061e-16
       125    4.4550137e-16
       126    2.8369068e-16
       127    1.8023929e-16
       128    1.1424156e-16
       129    7.2232210e-17
       130    4.5554577e-17
       131    2.8654304e-17
       132    1.7974932e-17
       133    1.1244175e-17
       134    7.0134982e-18
       135    4.3616733e-18
       136    2.7042594e-18
       137    1.6714229e-18
       138    1.0297555e-18
       139    6.3235285e-19
       140    3.8701801e-19
       141    2.3605811e-19
       142    1.4348068e-19
       143    8.6901288e-20
       144    5.2443290e-20
       145    3.1532474e-20
       146    1.8888834e-20
       147    1.1272147e-20
       148    6.7009885e-21
       149    3.9680682e-21
       150    2.3404837e-21
       151    1.3749828e-21
       152    8.0451473e-22
       153    4.6880956e-22
       154    2.7206088e-22
       155    1.5722626e-22
       156    9.0480787e-23
       157    5.1849376e-23
       158    2.9584947e-23
       159    1.6808274e-23
       160    9.5079299e-24
       161    5.3548277e-24
       162    3.0025367e-24
       163    1.6761066e-24
       164    9.3147907e-25
       165    5.1533645e-25
       166    2.8382032e-25
       167    1.5560377e-25
       168    8.4920032e-26
       169    4.6132120e-26
       170    2.4945383e-26
       171    1.3426442e-26
       172    7.1929439e-27
       173    3.8354695e-27
       174    2.0355793e-27
       175    1.0752439e-27
       176    5.6528499e-28
       177    2.9577520e-28
       178    1.5402189e-28
       179    7.9821948e-29
       180    4.1169386e-29
       181    2.1131576e-29
       182    1.0794143e-29
       183    5.4870237e-30
       184    2.7756942e-30
       185    1.3972897e-30
       186    6.9996363e-31
       187    3.4892561e-31
       188    1.7308242e-31
       189    8.5433918e-32
       190    4.1962321e-32
       191    2.0508565e-32
       192    9.9736126e-33
       193    4.8262081e-33
       194    2.3237586e-33
       195    1.1132753e-33
       196    5.3068381e-34
       197    2.5170176e-34
       198    1.1878159e-34
       199    5.5772483e-35
       200    2.6055194e-35
       201    1.2110655e-35
       202    5.6006154e-36
       203    2.5768805e-36
       204    1.1796115e-36
       205    5.3723676e-37
       206    2.4342790e-37
       207    1.0973588e-37
       208    4.9214919e-38
       209    2.1958900e-38
       210    9.7473410e-39
       211    4.3044694e-39
       212    1.8910677e-39
       213    8.2650265e-40
       214    3.5935879e-40
       215    1.5543763e-40
       216    6.6883976e-41
       217    2.8631330e-41
       218    1.2191297e-41
       219    5.1651861e-42
       220    2.1762165e-42
       221    9.1224530e-43
       222    3.7975188e-43
       223    1.5694543e-43
       224    6.4459729e-44
       225    2.6624671e-44
       226    9.8090893e-45
       227    2.8025969e-45
       228    0.0000000e+00
       229    0.0000000e+00
       230    0.0000000e+00
       231    0.0000000e+00
       232    0.0000000e+00
       233    0.0000000e+00
       234    0.0000000e+00
       235    0.0000000e+00
       236    0.0000000e+00
       237    0.0000000e+00
       238    0.0000000e+00
       239    0.0000000e+00
       240    0.0000000e+00
       241    0.0000000e+00
       242    0.0000000e+00
       243    0.0000000e+00
       244    0.0000000e+00
       245    0.0000000e+00
       246    0.0000000e+00
       247    0.0000000e+00
       248    0.0000000e+00
       249    0.0000000e+00
       250    0.0000000e+00
       251    0.0000000e+00
       252    0.0000000e+00
       253    0.0000000e+00
       254    0.0000000e+00
       255    0.0000000e+00
       256    0.0000000e+00
