         1    9.9999958e-01
         2    9.9999958e-01
         3    9.9999958e-01
         4    9.9999958e-01
         5    9.9999958e-01
         6    9.9999958e-01
         7    9.9999958e-01
         8    9.9999958e-01
         9    9.9999958e-01
        10    9.9999958e-01
        11    9.9999958e-01
        12    9.9999958e-01
        13    9.9999958e-01
        14    9.9999958e-01
        15    9.9999958e-01
        16    9.9999958e-01
        17    9.9999958e-01
        18    9.9999958e-01
        19    9.9999958e-01
        20    9.9999958e-01
        21    9.9999958e-01
        22    9.9999958e-01
        23    9.9999958e-01
        24    9.9999958e-01
        25    9.9999958e-01
        26    9.9999958e-01
        27    9.9999958e-01
        28    9.9999958e-01
        29    9.9999958e-01
        30    9.9999958e-01
        31    9.9999958e-01
        32    9.9999958e-01
        33    9.9999958e-01
        34    9.9999958e-01
        35    9.9999958e-01
        36    9.9999958e-01
        37    9.9999958e-01
        38    9.9999958e-01
        39    9.9999958e-01
        40    9.9999958e-01
        41    9.9999958e-01
        42    9.9999958e-01
        43    9.9999958e-01
        44    9.9999958e-01
        45    9.9999958e-01
        46    9.9999958e-01
        47    9.9999958e-01
        48    9.9999952e-01
        49    9.9999940e-01
        50    9.9999911e-01
        51    9.9999869e-01
        52    9.9999797e-01
        53    9.9999690e-01
        54    9.9999523e-01
        55    9.9999255e-01
        56    9.9998850e-01
        57    9.9998218e-01
        58    9.9997246e-01
        59    9.9995738e-01
        60    9.9993396e-01
        61    9.9989772e-01
        62    9.9984151e-01
        63    9.9975449e-01
        64    9.9961948e-01
        65    9.9941039e-01
        66    9.9908626e-01
        67    9.9858421e-01
        68    9.9780667e-01
        69    9.9660307e-01
        70    9.9474186e-01
        71    9.9186826e-01
        72    9.8744196e-01
        73    9.8064965e-01
        74    9.7028667e-01
        75    9.5461571e-01
        76    9.3123543e-01
        77    8.9705127e-01
        78    8.4853363e-01
        79    7.8253132e-01
        80    6.9780767e-01
        81    5.9691036e-01
        82    4.8706159e-01
        83    3.7860027e-01
        84    2.8131658e-01
        85    2.0120291e-01
        86    1.3966542e-01
        87    9.4833352e-02
        88    6.3396141e-02
        89    4.1930161e-02
        90    2.7534803e-02
        91    1.7996486e-02
        92    1.1726256e-02
        93    7.6255919e-03
        94    4.9527297e-03
        95    3.2142417e-03
        96    2.0850180e-03
        97    1.3521536e-03
        98    8.7676704e-04
        99    5.6848826e-04
       100    3.6860563e-04
       101    2.3901295e-04
       102    1.5499232e-04
       103    1.0051596e-04
       104    6.5192944e-05
       105    4.2287287e-05
       106    2.7432470e-05
       107    1.7797847e-05
       108    1.1548315e-05
       109    7.4940986e-06
       110    4.8637421e-06
       111    3.1569871e-06
       112    2.0494010e-06
       113    1.3305577e-06
       114    8.6396011e-07
       115    5.6105796e-07
       116    3.6439852e-07
       117    2.3670155e-07
       118    1.5377370e-07
       119    9.9912647e-08
       120    6.4925786e-08
       121    4.2196206e-08
       122    2.7427738e-08
       123    1.7830692e-08
       124    1.1593356e-08
       125    7.5390085e-09
       126    4.9032578e-09
       127    3.1894958e-09
       128    2.0750455e-09
       129    1.3502153e-09
       130    8.7871882e-10
       131    5.7196575e-10
       132    3.7236184e-10
       133    2.4245836e-10
       134    1.5790214e-10
       135    1.0285366e-10
       136    6.7009211e-11
       137    4.3665110e-11
       138    2.8459164e-11
       139    1.8552380e-11
       140    1.2096773e-11
       141    7.8892257e-12
       142    5.1463191e-12
       143    3.3578340e-12
       144    2.1914148e-12
       145    1.4305255e-12
       146    9.3406045e-13
       147    6.1005010e-13
       148    3.9853822e-13
       149    2.6043011e-13
       150    1.7022832e-13
       151    1.1129985e-13
       152    7.2791735e-14
       153    4.7620802e-14
       154    3.1163118e-14
       155    2.0399374e-14
       156    1.3357543e-14
       157    8.7492710e-15
       158    5.7326347e-15
       159    3.7572929e-15
       160    2.4634014e-15
       161    1.6156053e-15
       162    1.0599261e-15
       163    6.9559410e-16
       164    4.5664176e-16
       165    2.9987044e-16
       166    1.9698289e-16
       167    1.2943688e-16
       168    8.5078458e-17
       169    5.5938400e-17
       170    3.6789642e-17
       171    2.4202585e-17
       172    1.5926256e-17
       173    1.0482766e-17
       174    6.9014760e-18
       175    4.5447007e-18
       176    2.9933561e-18
       177    1.9719384e-18
       178    1.2992764e-18
       179    8.5619728e-19
       180    5.6428772e-19
       181    3.7193897e-19
       182    2.4517512e-19
       183    1.6162314e-19
       184    1.0654711e-19
       185    7.0239053e-20
       186    4.6302275e-20
       187    3.0521081e-20
       188    2.0116779e-20
       189    1.3257594e-20
       190    8.7358512e-21
       191    5.7552779e-21
       192    3.7908282e-21
       193    2.4962879e-21
       194    1.6433643e-21
       195    1.0815273e-21
       196    7.1152694e-22
       197    4.6793028e-22
       198    3.0760446e-22
       199    2.0212102e-22
       200    1.3274664e-22
       201    8.7139393e-23
       202    5.7170290e-23
       203    3.7486680e-23
       204    2.4565206e-23
       205    1.6087434e-23
       206    1.0528400e-23
       207    6.8854683e-24
       208    4.4997312e-24
       209    2.9383826e-24
       210    1.9172795e-24
       211    1.2499851e-24
       212    8.1424201e-25
       213    5.2993013e-25
       214    3.4457794e-25
       215    2.2384508e-25
       216    1.4527353e-25
       217    9.4187237e-26
       218    6.1003144e-26
       219    3.9468896e-26
       220    2.5508720e-26
       221    1.6468029e-26
       222    1.0619460e-26
       223    6.8400588e-27
       224    4.4005069e-27
       225    2.8276138e-27
       226    1.8146850e-27
       227    1.1631494e-27
       228    7.4458185e-28
       229    4.7601622e-28
       230    3.0391579e-28
       231    1.9377471e-28
       232    1.2337962e-28
       233    7.8448146e-29
       234    4.9808713e-29
       235    3.1579275e-29
       236    1.9992358e-29
       237    1.2638107e-29
       238    7.9771424e-30
       239    5.0274923e-30
       240    3.1636307e-30
       241    1.9876607e-30
       242    1.2468458e-30
       243    7.8088945e-31
       244    4.8827600e-31
       245    3.0481330e-31
       246    1.8997270e-31
       247    1.1820593e-31
       248    7.3433755e-32
       249    4.5553330e-32
       250    2.8228192e-32
       251    1.7492462e-32
       252    1.0871033e-32
       253    6.8266056e-33
       254    4.4138762e-33
       255    3.0654788e-33
       256    2.4627418e-33
