         1    9.9999958e-01
         2    9.9999958e-01
         3    9.9999958e-01
         4    9.9999958e-01
         5    9.9999958e-01
         6    9.9999958e-01
         7    9.9999958e-01
         8    9.9999958e-01
         9    9.9999958e-01
        10    9.9999958e-01
        11    9.9999958e-01
        12    9.9999958e-01
        13    9.9999958e-01
        14    9.9999958e-01
        15    9.9999958e-01
        16    9.9999958e-01
        17    9.9999958e-01
        18    9.9999958e-01
        19    9.9999958e-01
        20    9.9999958e-01
        21    9.9999958e-01
        22    9.9999958e-01
        23    9.9999958e-01
        24    9.9999958e-01
        25    9.9999958e-01
        26    9.9999958e-01
        27    9.9999958e-01
        28    9.9999958e-01
        29    9.9999958e-01
        30    9.9999958e-01
        31    9.9999958e-01
        32    9.9999958e-01
        33    9.9999958e-01
        34    9.9999958e-01
        35    9.9999958e-01
        36    9.9999958e-01
        37    9.9999958e-01
        38    9.9999958e-01
        39    9.9999958e-01
        40    9.9999958e-01
        41    9.9999958e-01
        42    9.9999958e-01
        43    9.9999958e-01
        44    9.9999958e-01
        45    9.9999958e-01
        46    9.9999958e-01
        47    9.9999958e-01
        48    9.9999958e-01
        49    9.9999958e-01
        50    9.9999958e-01
        51    9.9999958e-01
        52    9.9999958e-01
        53    9.9999958e-01
        54    9.9999958e-01
        55    9.9999946e-01
        56    9.9999928e-01
        57    9.9999905e-01
        58    9.9999851e-01
        59    9.9999774e-01
        60    9.9999654e-01
        61    9.9999464e-01
        62    9.9999171e-01
        63    9.9998724e-01
        64    9.9998021e-01
        65    9.9996936e-01
        66    9.9995255e-01
        67    9.9992645e-01
        68    9.9988604e-01
        69    9.9982333e-01
        70    9.9972612e-01
        71    9.9957550e-01
        72    9.9934196e-01
        73    9.9898010e-01
        74    9.9841934e-01
        75    9.9755085e-01
        76    9.9620664e-01
        77    9.9412823e-01
        78    9.9092048e-01
        79    9.8598284e-01
        80    9.7841430e-01
        81    9.6688783e-01
        82    9.4950670e-01
        83    9.2368686e-01
        84    8.8617951e-01
        85    8.3344412e-01
        86    7.6264399e-01
        87    6.7334062e-01
        88    5.6927252e-01
        89    4.5872343e-01
        90    3.5228261e-01
        91    2.5900146e-01
        92    1.8366714e-01
        93    1.2667249e-01
        94    8.5611016e-02
        95    5.7044160e-02
        96    3.7643846e-02
        97    2.4681635e-02
        98    1.6114248e-02
        99    1.0491745e-02
       100    6.8189176e-03
       101    4.4268537e-03
       102    2.8719143e-03
       103    1.8623646e-03
       104    1.2074058e-03
       105    7.8268681e-04
       106    5.0734344e-04
       107    3.2886447e-04
       108    2.1318013e-04
       109    1.3819760e-04
       110    8.9595116e-05
       111    5.8090111e-05
       112    3.7666628e-05
       113    2.4425857e-05
       114    1.5841006e-05
       115    1.0274400e-05
       116    6.6645639e-06
       117    4.3234377e-06
       118    2.8049772e-06
       119    1.8200054e-06
       120    1.1810268e-06
       121    7.6646268e-07
       122    4.9747013e-07
       123    3.2291504e-07
       124    2.0963091e-07
       125    1.3610332e-07
       126    8.8374932e-08
       127    5.7390118e-08
       128    3.7272919e-08
       129    2.4210220e-08
       130    1.5727286e-08
       131    1.0217848e-08
       132    6.6392114e-09
       133    4.3144537e-09
       134    2.8040665e-09
       135    1.8226574e-09
       136    1.1848872e-09
       137    7.7038043e-10
       138    5.0094606e-10
       139    3.2578820e-10
       140    2.1190424e-10
       141    1.3784950e-10
       142    8.9687806e-11
       143    5.8361392e-11
       144    3.7982503e-11
       145    2.4723430e-11
       146    1.6095437e-11
       147    1.0480149e-11
       148    6.8250306e-12
       149    4.4454540e-12
       150    2.8960361e-12
       151    1.8869925e-12
       152    1.2297501e-12
       153    8.0157896e-13
       154    5.2258946e-13
       155    3.4077076e-13
       156    2.2225608e-13
       157    1.4498968e-13
       158    9.4605225e-14
       159    6.1743362e-14
       160    4.0305582e-14
       161    2.6317368e-14
       162    1.7187969e-14
       163    1.1228306e-14
       164    7.3369232e-15
       165    4.7954169e-15
       166    3.1351180e-15
       167    2.0502128e-15
       168    1.3411085e-15
       169    8.7750782e-16
       170    5.7433095e-16
       171    3.7601015e-16
       172    2.4624344e-16
       173    1.6130918e-16
       174    1.0570221e-16
       175    6.9285217e-17
       176    4.5428590e-17
       177    2.9795489e-17
       178    1.9548091e-17
       179    1.2828927e-17
       180    8.4218534e-18
       181    5.5303819e-18
       182    3.6327126e-18
       183    2.3868942e-18
       184    1.5687685e-18
       185    1.0313474e-18
       186    6.7821552e-19
       187    4.4611096e-19
       188    2.9351188e-19
       189    1.9315714e-19
       190    1.2714293e-19
       191    8.3707350e-20
       192    5.5121099e-20
       193    3.6303426e-20
       194    2.3913588e-20
       195    1.5754356e-20
       196    1.0380216e-20
       197    6.8399419e-21
       198    4.5074279e-21
       199    2.9704700e-21
       200    1.9576308e-21
       201    1.2901331e-21
       202    8.5020737e-22
       203    5.6026068e-22
       204    3.6916312e-22
       205    2.4321874e-22
       206    1.6021892e-22
       207    1.0552517e-22
       208    6.9488157e-23
       209    4.5747268e-23
       210    3.0109675e-23
       211    1.9811636e-23
       212    1.3031512e-23
       213    8.5687255e-24
       214    5.6321135e-24
       215    3.7003868e-24
       216    2.4301334e-24
       217    1.5951714e-24
       218    1.0465638e-24
       219    6.8626560e-25
       220    4.4975292e-25
       221    2.9457656e-25
       222    1.9282004e-25
       223    1.2613144e-25
       224    8.2451643e-26
       225    5.3860175e-26
       226    3.5157383e-26
       227    2.2931561e-26
       228    1.4945387e-26
       229    9.7325237e-27
       230    6.3325258e-27
       231    4.1167099e-27
       232    2.6738323e-27
       233    1.7350720e-27
       234    1.1248367e-27
       235    7.2851627e-28
       236    4.7136384e-28
       237    3.0467027e-28
       238    1.9672090e-28
       239    1.2688415e-28
       240    8.1750574e-29
       241    5.2612753e-29
       242    3.3821951e-29
       243    2.1717234e-29
       244    1.3928369e-29
       245    8.9223467e-30
       246    5.7087095e-30
       247    3.6482346e-30
       248    2.3288533e-30
       249    1.4852559e-30
       250    9.4686324e-31
       251    6.0420048e-31
       252    3.8720260e-31
       253    2.5125606e-31
       254    1.6826488e-31
       255    1.2099643e-31
       256    9.9598038e-32
