    20    1.0000001e+00    1.1118805e+01     11    1.1188048e+00
    40    2.0000002e+00    1.2236035e+01     12    1.1172305e+00
    60    3.0000002e+00    1.3377094e+01     13    1.1410583e+00
    80    4.0000005e+00    1.4538884e+01     14    1.1617902e+00
   100    5.0000005e+00    1.5718271e+01     15    1.1793871e+00
   120    6.0000005e+00    1.6913582e+01     16    1.1953106e+00
   140    7.0000005e+00    1.8123135e+01     18    1.2095533e+00
   160    8.0000010e+00    1.9340876e+01     19    1.2177405e+00
   180    9.0000010e+00    2.0566386e+01     20    1.2255094e+00
   200    1.0000001e+01    2.1800835e+01     21    1.2344498e+00
   220    1.1000001e+01    2.3045990e+01     23    1.2451545e+00
   240    1.2000001e+01    2.4296663e+01     24    1.2506733e+00
   260    1.3000001e+01    2.5550951e+01     25    1.2542877e+00
   280    1.4000001e+01    2.6811544e+01     26    1.2605923e+00
   300    1.5000001e+01    2.8081146e+01     28    1.2696017e+00
   320    1.6000002e+01    2.9353301e+01     29    1.2721556e+00
   340    1.7000002e+01    3.0627729e+01     30    1.2744275e+00
   360    1.8000002e+01    3.1908261e+01     31    1.2805320e+00
   380    1.9000002e+01    3.3195705e+01     33    1.2874442e+00
   400    2.0000002e+01    3.4482742e+01     34    1.2870368e+00
   420    2.1000002e+01    3.5772853e+01     35    1.2901108e+00
   440    2.2000002e+01    3.7070426e+01     37    1.2975723e+00
   460    2.3000002e+01    3.8368842e+01     38    1.2984164e+00
   480    2.4000002e+01    3.9667691e+01     39    1.2988493e+00
   500    2.5000002e+01    4.0972223e+01     40    1.3045318e+00
   520    2.6000002e+01    4.2280641e+01     42    1.3084172e+00
   540    2.7000002e+01    4.3587355e+01     43    1.3067146e+00
   560    2.8000002e+01    4.4897944e+01     44    1.3105890e+00
   580    2.9000002e+01    4.6214165e+01     46    1.3162206e+00
   600    3.0000002e+01    4.7527861e+01     47    1.3136959e+00
   620    3.1000002e+01    4.8843969e+01     48    1.3161078e+00
   640    3.2000004e+01    5.0166349e+01     50    1.3223797e+00
   660    3.3000004e+01    5.1486160e+01     51    1.3198113e+00
   680    3.4000004e+01    5.2807271e+01     52    1.3211101e+00
   700    3.5000004e+01    5.4134758e+01     54    1.3274874e+00
   720    3.6000004e+01    5.5459859e+01     55    1.3251009e+00
   740    3.7000004e+01    5.6785469e+01     56    1.3256102e+00
   760    3.8000004e+01    5.8117370e+01     58    1.3319003e+00
   780    3.9000004e+01    5.9447011e+01     59    1.3296411e+00
   800    4.0000004e+01    6.0776671e+01     60    1.3296593e+00
   820    4.1000004e+01    6.2112515e+01     62    1.3358439e+00
   840    4.2000004e+01    6.3446016e+01     63    1.3335010e+00
   860    4.3000004e+01    6.4779335e+01     64    1.3333191e+00
   880    4.4000004e+01    6.6118759e+01     66    1.3394236e+00
   900    4.5000004e+01    6.7455541e+01     67    1.3367825e+00
   920    4.6000004e+01    6.8792200e+01     68    1.3366588e+00
   940    4.7000004e+01    7.0134876e+01     70    1.3426760e+00
   960    4.8000004e+01    7.1474438e+01     71    1.3395619e+00
   980    4.9000004e+01    7.2814197e+01     72    1.3397583e+00
  1000    5.0000004e+01    7.4159798e+01     74    1.3456009e+00
  1020    5.1000004e+01    7.5501754e+01     75    1.3419557e+00
  1040    5.2000004e+01    7.6844444e+01     76    1.3426906e+00
  1060    5.3000004e+01    7.8192628e+01     78    1.3481839e+00
  1080    5.4000004e+01    7.9536672e+01     79    1.3440439e+00
  1100    5.5000004e+01    8.0882215e+01     80    1.3455427e+00
  1120    5.6000004e+01    8.2232560e+01     82    1.3503449e+00
  1140    5.7000004e+01    8.3578489e+01     83    1.3459284e+00
  1160    5.8000004e+01    8.4926884e+01     84    1.3483949e+00
  1180    5.9000004e+01    8.6278917e+01     86    1.3520329e+00
  1200    6.0000004e+01    8.7626620e+01     87    1.3477037e+00
  1220    6.1000004e+01    8.8977948e+01     88    1.3513271e+00
  1240    6.2000004e+01    9.0331101e+01     90    1.3531534e+00
  1260    6.3000004e+01    9.1680566e+01     91    1.3494645e+00
  1280    6.4000008e+01    9.3034905e+01     93    1.3543394e+00
  1300    6.5000008e+01    9.4388612e+01     94    1.3537064e+00
  1320    6.6000008e+01    9.5739910e+01     95    1.3512980e+00
  1340    6.7000008e+01    9.7096847e+01     97    1.3569369e+00
  1360    6.8000008e+01    9.8451019e+01     98    1.3541720e+00
  1380    6.9000008e+01    9.9804303e+01     99    1.3532843e+00
  1400    7.0000008e+01    1.0116326e+02    101    1.3589596e+00
  1420    7.1000008e+01    1.0251799e+02    102    1.3547250e+00
  1440    7.2000008e+01    1.0387349e+02    103    1.3555035e+00
  1460    7.3000008e+01    1.0523378e+02    105    1.3602838e+00
  1480    7.4000008e+01    1.0658923e+02    106    1.3554526e+00
  1500    7.5000008e+01    1.0794727e+02    107    1.3580428e+00
  1520    7.6000008e+01    1.0930808e+02    109    1.3608077e+00
  1540    7.7000008e+01    1.1066451e+02    110    1.3564348e+00
  1560    7.8000008e+01    1.1202545e+02    112    1.3609314e+00
  1580    7.9000008e+01    1.1338594e+02    113    1.3604948e+00
  1600    8.0000008e+01    1.1474369e+02    114    1.3577445e+00
  1620    8.1000008e+01    1.1610704e+02    116    1.3633543e+00
  1640    8.2000008e+01    1.1746715e+02    117    1.3601092e+00
  1660    8.3000008e+01    1.1882661e+02    118    1.3594616e+00
  1680    8.4000008e+01    1.2019149e+02    120    1.3648749e+00
  1700    8.5000008e+01    1.2155159e+02    121    1.3601092e+00
  1720    8.6000008e+01    1.2291326e+02    122    1.3616662e+00
  1740    8.7000008e+01    1.2427865e+02    124    1.3653915e+00
  1760    8.8000008e+01    1.2563918e+02    125    1.3605312e+00
  1780    8.9000008e+01    1.2700357e+02    127    1.3643875e+00
  1800    9.0000008e+01    1.2836840e+02    128    1.3648240e+00
  1820    9.1000008e+01    1.2972987e+02    129    1.3614771e+00
  1840    9.2000008e+01    1.3109681e+02    131    1.3669340e+00
  1860    9.3000008e+01    1.3246070e+02    132    1.3638927e+00
  1880    9.4000008e+01    1.3382366e+02    133    1.3629614e+00
  1900    9.5000008e+01    1.3519204e+02    135    1.3683747e+00
  1920    9.6000008e+01    1.3655552e+02    136    1.3634852e+00
  1940    9.7000008e+01    1.3792062e+02    137    1.3651005e+00
  1960    9.8000008e+01    1.3928920e+02    139    1.3685784e+00
  1980    9.9000008e+01    1.4065289e+02    140    1.3636890e+00
  2000    1.0000001e+02    1.4202078e+02    142    1.3678945e+00
  2020    1.0100001e+02    1.4338832e+02    143    1.3675307e+00
  2040    1.0200001e+02    1.4475286e+02    144    1.3645475e+00
  2060    1.0300001e+02    1.4612304e+02    146    1.3701791e+00
  2080    1.0400001e+02    1.4748942e+02    147    1.3663811e+00
  2100    1.0500001e+02    1.4885556e+02    148    1.3661337e+00
  2120    1.0600001e+02    1.5022667e+02    150    1.3711104e+00
  2140    1.0700001e+02    1.5159260e+02    151    1.3659300e+00
  2160    1.0800001e+02    1.5296112e+02    152    1.3685202e+00
  2180    1.0900001e+02    1.5433173e+02    154    1.3706157e+00
  2200    1.1000001e+02    1.5569798e+02    155    1.3662501e+00
  2220    1.1100001e+02    1.5706931e+02    157    1.3713287e+00
  2240    1.1200001e+02    1.5843836e+02    158    1.3690441e+00
  2260    1.1300001e+02    1.5980571e+02    159    1.3673560e+00
  2280    1.1400001e+02    1.6117860e+02    161    1.3728858e+00
  2300    1.1500001e+02    1.6254665e+02    162    1.3680545e+00
  2320    1.1600001e+02    1.6391599e+02    163    1.3693351e+00
  2340    1.1700001e+02    1.6528890e+02    165    1.3729149e+00
  2360    1.1800001e+02    1.6665680e+02    166    1.3678945e+00
  2380    1.1900001e+02    1.6802899e+02    168    1.3721873e+00
  2400    1.2000001e+02    1.6940036e+02    169    1.3713724e+00
  2420    1.2100001e+02    1.7076898e+02    170    1.3686221e+00
  2440    1.2200001e+02    1.7214323e+02    172    1.3742537e+00
  2460    1.2300001e+02    1.7351317e+02    173    1.3699317e+00
  2480    1.2400001e+02    1.7488346e+02    174    1.3702955e+00
  2500    1.2500001e+02    1.7625812e+02    176    1.3746611e+00
  2520    1.2600001e+02    1.7762753e+02    177    1.3694079e+00
  2540    1.2700001e+02    1.7900049e+02    179    1.3729585e+00
  2560    1.2800002e+02    1.8037386e+02    180    1.3733660e+00
  2580    1.2900002e+02    1.8174370e+02    181    1.3698444e+00
  2600    1.3000002e+02    1.8311909e+02    183    1.3753887e+00
  2620    1.3100002e+02    1.8449065e+02    184    1.3715616e+00
  2640    1.3200002e+02    1.8586195e+02    185    1.3712996e+00
  2660    1.3300002e+02    1.8723804e+02    187    1.3760872e+00
  2680    1.3400002e+02    1.8860878e+02    188    1.3707466e+00
  2700    1.3500002e+02    1.8998257e+02    189    1.3737880e+00
  2720    1.3600002e+02    1.9135754e+02    191    1.3749667e+00
  2740    1.3700002e+02    1.9272850e+02    192    1.3709649e+00
  2760    1.3800002e+02    1.9410493e+02    194    1.3764219e+00
  2780    1.3900002e+02    1.9547787e+02    195    1.3729440e+00
  2800    1.4000002e+02    1.9685016e+02    196    1.3722891e+00
  2820    1.4100002e+02    1.9822743e+02    198    1.3772659e+00
  2840    1.4200002e+02    1.9959935e+02    199    1.3719254e+00
  2860    1.4300002e+02    2.0097406e+02    200    1.3747048e+00
  2880    1.4400002e+02    2.0235027e+02    202    1.3762182e+00
  2900    1.4500002e+02    2.0372230e+02    203    1.3720272e+00
  2920    1.4600002e+02    2.0509971e+02    205    1.3774114e+00
  2940    1.4700002e+02    2.0647378e+02    206    1.3740645e+00
  2960    1.4800002e+02    2.0784704e+02    207    1.3732641e+00
  2980    1.4900002e+02    2.0922534e+02    209    1.3782991e+00
  3000    1.5000002e+02    2.1059829e+02    210    1.3729440e+00
