    20    1.0000001e+00    1.2074568e+02
    40    2.0000002e+00    1.4205795e+02
    60    3.0000002e+00    1.6593784e+02
    80    4.0000005e+00    1.9236636e+02
   100    5.0000005e+00    2.2135119e+02
   120    6.0000005e+00    2.5291030e+02
   140    7.0000005e+00    2.8706528e+02
   160    8.0000010e+00    3.2383839e+02
   180    9.0000010e+00    3.6325132e+02
   200    1.0000001e+01    4.0532462e+02
   220    1.1000001e+01    4.5007752e+02
   240    1.2000001e+01    4.9752791e+02
   260    1.3000001e+01    5.4769236e+02
   280    1.4000001e+01    6.0058623e+02
   300    1.5000001e+01    6.5622373e+02
   320    1.6000002e+01    7.1461803e+02
   340    1.7000002e+01    7.7578136e+02
   360    1.8000002e+01    8.3972507e+02
   380    1.9000002e+01    9.0645970e+02
   400    2.0000002e+01    9.7599510e+02
   420    2.1000002e+01    1.0483404e+03
   440    2.2000002e+01    1.1235043e+03
   460    2.3000002e+01    1.2014947e+03
   480    2.4000002e+01    1.2823192e+03
   500    2.5000002e+01    1.3659848e+03
   520    2.6000002e+01    1.4524983e+03
   540    2.7000002e+01    1.5418659e+03
   560    2.8000002e+01    1.6340934e+03
   580    2.9000002e+01    1.7291866e+03
   600    3.0000002e+01    1.8271506e+03
   620    3.1000002e+01    1.9279905e+03
   640    3.2000004e+01    2.0317111e+03
   660    3.3000004e+01    2.1383169e+03
   680    3.4000004e+01    2.2478122e+03
   700    3.5000004e+01    2.3602010e+03
   720    3.6000004e+01    2.4754873e+03
   740    3.7000004e+01    2.5936748e+03
   760    3.8000004e+01    2.7147670e+03
   780    3.9000004e+01    2.8387674e+03
   800    4.0000004e+01    2.9656791e+03
   820    4.1000004e+01    3.0955054e+03
   840    4.2000004e+01    3.2282492e+03
   860    4.3000004e+01    3.3639133e+03
   880    4.4000004e+01    3.5025006e+03
   900    4.5000004e+01    3.6440136e+03
   920    4.6000004e+01    3.7884549e+03
   940    4.7000004e+01    3.9358270e+03
   960    4.8000004e+01    4.0861321e+03
   980    4.9000004e+01    4.2393727e+03
  1000    5.0000004e+01    4.3955508e+03
  1020    5.1000004e+01    4.5546685e+03
  1040    5.2000004e+01    4.7167280e+03
  1060    5.3000004e+01    4.8817312e+03
  1080    5.4000004e+01    5.0496799e+03
  1100    5.5000004e+01    5.2205761e+03
  1120    5.6000004e+01    5.3944214e+03
  1140    5.7000004e+01    5.5712177e+03
  1160    5.8000004e+01    5.7509666e+03
  1180    5.9000004e+01    5.9336698e+03
  1200    6.0000004e+01    6.1193287e+03
  1220    6.1000004e+01    6.3079449e+03
  1240    6.2000004e+01    6.4995199e+03
  1260    6.3000004e+01    6.6940552e+03
  1280    6.4000008e+01    6.8915520e+03
  1300    6.5000008e+01    7.0920118e+03
  1320    6.6000008e+01    7.2954359e+03
  1340    6.7000008e+01    7.5018256e+03
  1360    6.8000008e+01    7.7111821e+03
  1380    6.9000008e+01    7.9235066e+03
  1400    7.0000008e+01    8.1388003e+03
  1420    7.1000008e+01    8.3570643e+03
  1440    7.2000008e+01    8.5782998e+03
  1460    7.3000008e+01    8.8025078e+03
  1480    7.4000008e+01    9.0296895e+03
  1500    7.5000008e+01    9.2598458e+03
  1520    7.6000008e+01    9.4929777e+03
  1540    7.7000008e+01    9.7290863e+03
  1560    7.8000008e+01    9.9681725e+03
  1580    7.9000008e+01    1.0210237e+04
  1600    8.0000008e+01    1.0455281e+04
  1620    8.1000008e+01    1.0703306e+04
  1640    8.2000008e+01    1.0954312e+04
  1660    8.3000008e+01    1.1208300e+04
  1680    8.4000008e+01    1.1465270e+04
  1700    8.5000008e+01    1.1725225e+04
  1720    8.6000008e+01    1.1988164e+04
  1740    8.7000008e+01    1.2254088e+04
  1760    8.8000008e+01    1.2522998e+04
  1780    8.9000008e+01    1.2794896e+04
  1800    9.0000008e+01    1.3069780e+04
  1820    9.1000008e+01    1.3347653e+04
  1840    9.2000008e+01    1.3628515e+04
  1860    9.3000008e+01    1.3912367e+04
  1880    9.4000008e+01    1.4199209e+04
  1900    9.5000008e+01    1.4489042e+04
  1920    9.6000008e+01    1.4781867e+04
  1940    9.7000008e+01    1.5077684e+04
  1960    9.8000008e+01    1.5376493e+04
  1980    9.9000008e+01    1.5678297e+04
  2000    1.0000001e+02    1.5983094e+04
  2020    1.0100001e+02    1.6290886e+04
  2040    1.0200001e+02    1.6601674e+04
  2060    1.0300001e+02    1.6915457e+04
  2080    1.0400001e+02    1.7232236e+04
  2100    1.0500001e+02    1.7552013e+04
  2120    1.0600001e+02    1.7874787e+04
  2140    1.0700001e+02    1.8200559e+04
  2160    1.0800001e+02    1.8529329e+04
  2180    1.0900001e+02    1.8861099e+04
  2200    1.1000001e+02    1.9195868e+04
  2220    1.1100001e+02    1.9533637e+04
  2240    1.1200001e+02    1.9874406e+04
  2260    1.1300001e+02    2.0218177e+04
  2280    1.1400001e+02    2.0564949e+04
  2300    1.1500001e+02    2.0914722e+04
  2320    1.1600001e+02    2.1267499e+04
  2340    1.1700001e+02    2.1623277e+04
  2360    1.1800001e+02    2.1982059e+04
  2380    1.1900001e+02    2.2343845e+04
  2400    1.2000001e+02    2.2708635e+04
  2420    1.2100001e+02    2.3076429e+04
  2440    1.2200001e+02    2.3447228e+04
  2460    1.2300001e+02    2.3821032e+04
  2480    1.2400001e+02    2.4197842e+04
  2500    1.2500001e+02    2.4577658e+04
  2520    1.2600001e+02    2.4960481e+04
  2540    1.2700001e+02    2.5346310e+04
  2560    1.2800002e+02    2.5735146e+04
  2580    1.2900002e+02    2.6126990e+04
  2600    1.3000002e+02    2.6521842e+04
  2620    1.3100002e+02    2.6919702e+04
  2640    1.3200002e+02    2.7320571e+04
  2660    1.3300002e+02    2.7724449e+04
  2680    1.3400002e+02    2.8131336e+04
  2700    1.3500002e+02    2.8541233e+04
  2720    1.3600002e+02    2.8954139e+04
  2740    1.3700002e+02    2.9370056e+04
  2760    1.3800002e+02    2.9788984e+04
  2780    1.3900002e+02    3.0210922e+04
  2800    1.4000002e+02    3.0635872e+04
  2820    1.4100002e+02    3.1063833e+04
  2840    1.4200002e+02    3.1494806e+04
  2860    1.4300002e+02    3.1928791e+04
  2880    1.4400002e+02    3.2365789e+04
  2900    1.4500002e+02    3.2805799e+04
  2920    1.4600002e+02    3.3248823e+04
  2940    1.4700002e+02    3.3694859e+04
  2960    1.4800002e+02    3.4143909e+04
  2980    1.4900002e+02    3.4595973e+04
  3000    1.5000002e+02    3.5051052e+04
