         1    1.0000000e+00
         2    1.0000000e+00
         3    1.0000000e+00
         4    1.0000000e+00
         5    1.0000000e+00
         6    1.0000000e+00
         7    1.0000000e+00
         8    1.0000000e+00
         9    1.0000000e+00
        10    1.0000000e+00
        11    1.0000000e+00
        12    1.0000000e+00
        13    1.0000000e+00
        14    1.0000000e+00
        15    1.0000000e+00
        16    1.0000000e+00
        17    1.0000000e+00
        18    1.0000000e+00
        19    1.0000000e+00
        20    1.0000000e+00
        21    1.0000000e+00
        22    1.0000000e+00
        23    1.0000000e+00
        24    1.0000000e+00
        25    1.0000000e+00
        26    1.0000000e+00
        27    1.0000000e+00
        28    1.0000000e+00
        29    1.0000000e+00
        30    1.0000000e+00
        31    1.0000000e+00
        32    1.0000000e+00
        33    1.0000000e+00
        34    1.0000000e+00
        35    1.0000000e+00
        36    1.0000000e+00
        37    1.0000000e+00
        38    1.0000000e+00
        39    1.0000000e+00
        40    1.0000000e+00
        41    1.0000000e+00
        42    1.0000000e+00
        43    1.0000000e+00
        44    1.0000000e+00
        45    1.0000000e+00
        46    1.0000000e+00
        47    1.0000000e+00
        48    1.0000000e+00
        49    1.0000000e+00
        50    1.0000000e+00
        51    1.0000000e+00
        52    1.0000000e+00
        53    1.0000000e+00
        54    1.0000000e+00
        55    1.0000000e+00
        56    1.0000000e+00
        57    1.0000000e+00
        58    1.0000000e+00
        59    1.0000000e+00
        60    1.0000000e+00
        61    1.0000000e+00
        62    1.0000000e+00
        63    1.0000000e+00
        64    1.0000000e+00
        65    1.0000000e+00
        66    1.0000000e+00
        67    1.0000000e+00
        68    1.0000000e+00
        69    1.0000000e+00
        70    1.0000000e+00
        71    1.0000000e+00
        72    1.0000000e+00
        73    1.0000000e+00
        74    1.0000000e+00
        75    1.0000000e+00
        76    1.0000000e+00
        77    9.9999994e-01
        78    9.9999982e-01
        79    9.9999940e-01
        80    9.9999821e-01
        81    9.9999458e-01
        82    9.9998367e-01
        83    9.9995100e-01
        84    9.9985307e-01
        85    9.9955922e-01
        86    9.9867821e-01
        87    9.9604028e-01
        88    9.8817796e-01
        89    9.6509403e-01
        90    9.0030831e-01
        91    7.4064398e-01
        92    4.6288216e-01
        93    2.1472657e-01
        94    8.4461346e-02
        95    3.1042699e-02
        96    1.1125159e-02
        97    3.9511770e-03
        98    1.3988324e-03
        99    4.9468799e-04
       100    1.7488202e-04
       101    6.1818864e-05
       102    2.1852407e-05
       103    7.7249260e-06
       104    2.7309343e-06
       105    9.6549945e-07
       106    3.4136383e-07
       107    1.2070019e-07
       108    4.2679936e-08
       109    1.5092635e-08
       110    5.3374283e-09
       111    1.8876649e-09
       112    6.6764239e-10
       113    2.3615068e-10
       114    8.3533590e-11
       115    2.9550161e-11
       116    1.0454076e-11
       117    3.6986122e-12
       118    1.3086379e-12
       119    4.6305023e-13
       120    1.6385695e-13
       121    5.7986927e-14
       122    2.0522212e-14
       123    7.2635235e-15
       124    2.5709881e-15
       125    9.1008640e-16
       126    3.2217766e-16
       127    1.1406143e-16
       128    4.0384364e-17
       129    1.4299445e-17
       130    5.0635712e-18
       131    1.7931932e-18
       132    6.3508224e-19
       133    2.2493977e-19
       134    7.9677617e-20
       135    2.8225445e-20
       136    9.9995433e-21
       137    3.5428683e-21
       138    1.2553532e-21
       139    4.4485000e-22
       140    1.5765169e-22
       141    5.5875535e-23
       142    1.9805396e-23
       143    7.0207713e-24
       144    2.4890084e-24
       145    8.8248824e-25
       146    3.1292007e-25
       147    1.1096873e-25
       148    3.9356052e-26
       149    1.3959407e-26
       150    4.9518563e-27
       151    1.7567732e-27
       152    6.2331991e-28
       153    2.2118475e-28
       154    7.8496336e-29
       155    2.7860882e-29
       156    9.8899219e-30
       157    3.5111129e-30
       158    1.2466715e-30
       159    4.4270674e-31
       160    1.5723119e-31
       161    5.5849758e-32
       162    1.9841099e-32
       163    7.0497519e-33
       164    2.5052295e-33
       165    8.9040758e-34
       166    3.1651907e-34
       167    1.1253379e-34
       168    4.0016611e-35
       169    1.4232281e-35
       170    5.0627675e-36
       171    1.8012898e-36
       172    6.4100876e-37
       173    2.2815608e-37
       174    8.1225200e-38
       175    2.8922996e-38
       176    1.0301314e-38
       177    3.6697947e-39
       178    1.3076567e-39
       179    4.6607047e-40
       180    1.6615616e-40
       181    5.9251103e-41
       182    2.1132982e-41
       183    7.5389857e-42
       184    2.6904931e-42
       185    9.5988945e-43
       186    3.4331812e-43
       187    1.2191297e-43
       188    4.3440252e-44
       189    1.5414283e-44
       190    4.2038954e-45
       191    0.0000000e+00
       192    0.0000000e+00
       193    0.0000000e+00
       194    0.0000000e+00
       195    0.0000000e+00
       196    0.0000000e+00
       197    0.0000000e+00
       198    0.0000000e+00
       199    0.0000000e+00
       200    0.0000000e+00
       201    0.0000000e+00
       202    0.0000000e+00
       203    0.0000000e+00
       204    0.0000000e+00
       205    0.0000000e+00
       206    0.0000000e+00
       207    0.0000000e+00
       208    0.0000000e+00
       209    0.0000000e+00
       210    0.0000000e+00
       211    0.0000000e+00
       212    0.0000000e+00
       213    0.0000000e+00
       214    0.0000000e+00
       215    0.0000000e+00
       216    0.0000000e+00
       217    0.0000000e+00
       218    0.0000000e+00
       219    0.0000000e+00
       220    0.0000000e+00
       221    0.0000000e+00
       222    0.0000000e+00
       223    0.0000000e+00
       224    0.0000000e+00
       225    0.0000000e+00
       226    0.0000000e+00
       227    0.0000000e+00
       228    0.0000000e+00
       229    0.0000000e+00
       230    0.0000000e+00
       231    0.0000000e+00
       232    0.0000000e+00
       233    0.0000000e+00
       234    0.0000000e+00
       235    0.0000000e+00
       236    0.0000000e+00
       237    0.0000000e+00
       238    0.0000000e+00
       239    0.0000000e+00
       240    0.0000000e+00
       241    0.0000000e+00
       242    0.0000000e+00
       243    0.0000000e+00
       244    0.0000000e+00
       245    0.0000000e+00
       246    0.0000000e+00
       247    0.0000000e+00
       248    0.0000000e+00
       249    0.0000000e+00
       250    0.0000000e+00
       251    0.0000000e+00
       252    0.0000000e+00
       253    0.0000000e+00
       254    0.0000000e+00
       255    0.0000000e+00
       256    0.0000000e+00
