         1    1.0000000e+00
         2    1.0000000e+00
         3    1.0000000e+00
         4    1.0000000e+00
         5    1.0000000e+00
         6    1.0000000e+00
         7    1.0000000e+00
         8    1.0000000e+00
         9    1.0000000e+00
        10    1.0000000e+00
        11    9.9999994e-01
        12    9.9999994e-01
        13    9.9999970e-01
        14    9.9999923e-01
        15    9.9999768e-01
        16    9.9999315e-01
        17    9.9997967e-01
        18    9.9993956e-01
        19    9.9982005e-01
        20    9.9946398e-01
        21    9.9840319e-01
        22    9.9524635e-01
        23    9.8589814e-01
        24    9.5868033e-01
        25    8.8347661e-01
        26    7.0499194e-01
        27    4.2051858e-01
        28    1.8945469e-01
        29    7.3750205e-02
        30    2.7072240e-02
        31    9.7275348e-03
        32    3.4699521e-03
        33    1.2351298e-03
        34    4.3951377e-04
        35    1.5645692e-04
        36    5.5729957e-05
        37    1.9865400e-05
        38    7.0866022e-06
        39    2.5299730e-06
        40    9.0391200e-07
        41    3.2318681e-07
        42    1.1562982e-07
        43    4.1393271e-08
        44    1.4824103e-08
        45    5.3100422e-09
        46    1.9019788e-09
        47    6.8100930e-10
        48    2.4365593e-10
        49    8.7074750e-11
        50    3.1066739e-11
        51    1.1060414e-11
        52    3.9273177e-12
        53    1.3900947e-12
        54    4.9022196e-13
        55    1.7215564e-13
        56    6.0174603e-14
        57    2.0924384e-14
        58    7.2346736e-15
        59    2.4858803e-15
        60    8.4837158e-16
        61    2.8738261e-16
        62    9.6559638e-17
        63    3.2155015e-17
        64    1.0603292e-17
        65    3.4590634e-18
        66    1.1152165e-18
        67    3.5495757e-19
        68    1.1141104e-19
        69    3.4444857e-20
        70    1.0477901e-20
        71    3.1325152e-21
        72    9.1940600e-22
        73    2.6464153e-22
        74    7.4628305e-23
        75    2.0597802e-23
        76    5.5591123e-24
        77    1.4657860e-24
        78    3.7726474e-25
        79    9.4705950e-26
        80    2.3169772e-26
        81    5.5201189e-27
        82    1.2797791e-27
        83    2.8851336e-28
        84    6.3201859e-29
        85    1.3443683e-29
        86    2.7747443e-30
        87    5.5530837e-31
        88    1.0768100e-31
        89    2.0217113e-32
        90    3.6723917e-33
        91    6.4490260e-34
        92    1.0939798e-34
        93    1.7911661e-35
        94    2.8281383e-36
        95    4.3024212e-37
        96    6.3003175e-38
        97    8.8719064e-39
        98    1.2001042e-39
        99    1.5576974e-40
       100    1.9377155e-41
       101    2.3065373e-42
       102    2.6204281e-43
       103    2.8025969e-44
       104    2.8025969e-45
       105    0.0000000e+00
       106    0.0000000e+00
       107    0.0000000e+00
       108    0.0000000e+00
       109    0.0000000e+00
       110    0.0000000e+00
       111    0.0000000e+00
       112    0.0000000e+00
       113    0.0000000e+00
       114    0.0000000e+00
       115    0.0000000e+00
       116    0.0000000e+00
       117    0.0000000e+00
       118    0.0000000e+00
       119    0.0000000e+00
       120    0.0000000e+00
       121    0.0000000e+00
       122    0.0000000e+00
       123    0.0000000e+00
       124    0.0000000e+00
       125    0.0000000e+00
       126    0.0000000e+00
       127    0.0000000e+00
       128    0.0000000e+00
       129    0.0000000e+00
       130    0.0000000e+00
       131    0.0000000e+00
       132    0.0000000e+00
       133    0.0000000e+00
       134    0.0000000e+00
       135    0.0000000e+00
       136    0.0000000e+00
       137    0.0000000e+00
       138    0.0000000e+00
       139    0.0000000e+00
       140    0.0000000e+00
       141    0.0000000e+00
       142    0.0000000e+00
       143    0.0000000e+00
       144    0.0000000e+00
       145    0.0000000e+00
       146    0.0000000e+00
       147    0.0000000e+00
       148    0.0000000e+00
       149    0.0000000e+00
       150    0.0000000e+00
       151    0.0000000e+00
       152    0.0000000e+00
       153    0.0000000e+00
       154    0.0000000e+00
       155    0.0000000e+00
       156    0.0000000e+00
       157    0.0000000e+00
       158    0.0000000e+00
       159    0.0000000e+00
       160    0.0000000e+00
       161    0.0000000e+00
       162    0.0000000e+00
       163    0.0000000e+00
       164    0.0000000e+00
       165    0.0000000e+00
       166    0.0000000e+00
       167    0.0000000e+00
       168    0.0000000e+00
       169    0.0000000e+00
       170    0.0000000e+00
       171    0.0000000e+00
       172    0.0000000e+00
       173    0.0000000e+00
       174    0.0000000e+00
       175    0.0000000e+00
       176    0.0000000e+00
       177    0.0000000e+00
       178    0.0000000e+00
       179    0.0000000e+00
       180    0.0000000e+00
       181    0.0000000e+00
       182    0.0000000e+00
       183    0.0000000e+00
       184    0.0000000e+00
       185    0.0000000e+00
       186    0.0000000e+00
       187    0.0000000e+00
       188    0.0000000e+00
       189    0.0000000e+00
       190    0.0000000e+00
       191    0.0000000e+00
       192    0.0000000e+00
       193    0.0000000e+00
       194    0.0000000e+00
       195    0.0000000e+00
       196    0.0000000e+00
       197    0.0000000e+00
       198    0.0000000e+00
       199    0.0000000e+00
       200    0.0000000e+00
       201    0.0000000e+00
       202    0.0000000e+00
       203    0.0000000e+00
       204    0.0000000e+00
       205    0.0000000e+00
       206    0.0000000e+00
       207    0.0000000e+00
       208    0.0000000e+00
       209    0.0000000e+00
       210    0.0000000e+00
       211    0.0000000e+00
       212    0.0000000e+00
       213    0.0000000e+00
       214    0.0000000e+00
       215    0.0000000e+00
       216    0.0000000e+00
       217    0.0000000e+00
       218    0.0000000e+00
       219    0.0000000e+00
       220    0.0000000e+00
       221    0.0000000e+00
       222    0.0000000e+00
       223    0.0000000e+00
       224    0.0000000e+00
       225    0.0000000e+00
       226    0.0000000e+00
       227    0.0000000e+00
       228    0.0000000e+00
       229    0.0000000e+00
       230    0.0000000e+00
       231    0.0000000e+00
       232    0.0000000e+00
       233    0.0000000e+00
       234    0.0000000e+00
       235    0.0000000e+00
       236    0.0000000e+00
       237    0.0000000e+00
       238    0.0000000e+00
       239    0.0000000e+00
       240    0.0000000e+00
       241    0.0000000e+00
       242    0.0000000e+00
       243    0.0000000e+00
       244    0.0000000e+00
       245    0.0000000e+00
       246    0.0000000e+00
       247    0.0000000e+00
       248    0.0000000e+00
       249    0.0000000e+00
       250    0.0000000e+00
       251    0.0000000e+00
       252    0.0000000e+00
       253    0.0000000e+00
       254    0.0000000e+00
       255    0.0000000e+00
       256    0.0000000e+00
