         1    1.0000000e+00
         2    1.0000000e+00
         3    1.0000000e+00
         4    1.0000000e+00
         5    1.0000000e+00
         6    1.0000000e+00
         7    1.0000000e+00
         8    1.0000000e+00
         9    1.0000000e+00
        10    1.0000000e+00
        11    1.0000000e+00
        12    1.0000000e+00
        13    1.0000000e+00
        14    1.0000000e+00
        15    1.0000000e+00
        16    1.0000000e+00
        17    1.0000000e+00
        18    1.0000000e+00
        19    1.0000000e+00
        20    1.0000000e+00
        21    1.0000000e+00
        22    1.0000000e+00
        23    1.0000000e+00
        24    1.0000000e+00
        25    1.0000000e+00
        26    1.0000000e+00
        27    1.0000000e+00
        28    1.0000000e+00
        29    1.0000000e+00
        30    1.0000000e+00
        31    1.0000000e+00
        32    1.0000000e+00
        33    1.0000000e+00
        34    1.0000000e+00
        35    1.0000000e+00
        36    1.0000000e+00
        37    1.0000000e+00
        38    1.0000000e+00
        39    1.0000000e+00
        40    1.0000000e+00
        41    1.0000000e+00
        42    1.0000000e+00
        43    1.0000000e+00
        44    1.0000000e+00
        45    1.0000000e+00
        46    1.0000000e+00
        47    1.0000000e+00
        48    1.0000000e+00
        49    1.0000000e+00
        50    1.0000000e+00
        51    1.0000000e+00
        52    1.0000000e+00
        53    1.0000000e+00
        54    1.0000000e+00
        55    1.0000000e+00
        56    1.0000000e+00
        57    1.0000000e+00
        58    1.0000000e+00
        59    1.0000000e+00
        60    1.0000000e+00
        61    1.0000000e+00
        62    1.0000000e+00
        63    1.0000000e+00
        64    1.0000000e+00
        65    1.0000000e+00
        66    1.0000000e+00
        67    1.0000000e+00
        68    1.0000000e+00
        69    1.0000000e+00
        70    1.0000000e+00
        71    1.0000000e+00
        72    1.0000000e+00
        73    1.0000000e+00
        74    1.0000000e+00
        75    1.0000000e+00
        76    1.0000000e+00
        77    1.0000000e+00
        78    1.0000000e+00
        79    1.0000000e+00
        80    1.0000000e+00
        81    1.0000000e+00
        82    1.0000000e+00
        83    1.0000000e+00
        84    1.0000000e+00
        85    1.0000000e+00
        86    1.0000000e+00
        87    1.0000000e+00
        88    1.0000000e+00
        89    1.0000000e+00
        90    1.0000000e+00
        91    1.0000000e+00
        92    1.0000000e+00
        93    9.9999994e-01
        94    9.9999988e-01
        95    9.9999964e-01
        96    9.9999893e-01
        97    9.9999666e-01
        98    9.9998999e-01
        99    9.9996990e-01
       100    9.9990964e-01
       101    9.9972886e-01
       102    9.9918634e-01
       103    9.9755991e-01
       104    9.9270105e-01
       105    9.7832221e-01
       106    9.3690908e-01
       107    8.2680005e-01
       108    5.9381390e-01
       109    3.0999476e-01
       110    1.2902145e-01
       111    4.8473626e-02
       112    1.7510014e-02
       113    6.2355422e-03
       114    2.2093407e-03
       115    7.8141631e-04
       116    2.7621130e-04
       117    9.7615659e-05
       118    3.4496908e-05
       119    1.2191189e-05
       120    4.3084906e-06
       121    1.5227208e-06
       122    5.3818621e-07
       123    1.9022279e-07
       124    6.7237302e-08
       125    2.3767088e-08
       126    8.4015559e-09
       127    2.9700358e-09
       128    1.0499821e-09
       129    3.7121078e-10
       130    1.3124349e-10
       131    4.6403804e-11
       132    1.6407721e-11
       133    5.8017870e-12
       134    2.0516078e-12
       135    7.2551459e-13
       136    2.5657672e-13
       137    9.0741908e-14
       138    3.2093580e-14
       139    1.1351371e-14
       140    4.0151187e-15
       141    1.4202626e-15
       142    5.0241113e-16
       143    1.7773398e-16
       144    6.2878531e-17
       145    2.2246172e-17
       146    7.8709900e-18
       147    2.7849972e-18
       148    9.8546638e-19
       149    3.4872304e-19
       150    1.2340750e-19
       151    4.3674186e-20
       152    1.5457195e-20
       153    5.4709075e-21
       154    1.9364718e-21
       155    6.8546671e-22
       156    2.4265276e-22
       157    8.5902964e-23
       158    3.0412727e-23
       159    1.0767805e-23
       160    3.8126239e-24
       161    1.3500382e-24
       162    4.7807259e-25
       163    1.6930417e-25
       164    5.9960855e-26
       165    2.1237082e-26
       166    7.5222725e-27
       167    2.6645936e-27
       168    9.4393255e-28
       169    3.3441015e-28
       170    1.1848051e-28
       171    4.1980136e-29
       172    1.4875472e-29
       173    5.2714267e-30
       174    1.8681710e-30
       175    6.6211995e-31
       176    2.3468693e-31
       177    8.3190523e-32
       178    2.9491184e-32
       179    1.0455495e-32
       180    3.7070776e-33
       181    1.3144807e-33
       182    4.6613622e-34
       183    1.6531352e-34
       184    5.8632929e-35
       185    2.0797603e-35
       186    7.3777560e-36
       187    2.6174327e-36
       188    9.2868394e-37
       189    3.2953569e-37
       190    1.1694458e-37
       191    4.1505143e-38
       192    1.4732246e-38
       193    5.2297678e-39
       194    1.8567065e-39
       195    6.5925488e-40
       196    2.3410653e-40
       197    8.3143242e-41
       198    2.9532365e-41
       199    1.0490120e-41
       200    3.7260526e-42
       201    1.3228258e-42
       202    4.6943499e-43
       203    1.6675452e-43
       204    5.8854536e-44
       205    2.1019477e-44
       206    7.0064923e-45
       207    1.4012985e-45
       208    0.0000000e+00
       209    0.0000000e+00
       210    0.0000000e+00
       211    0.0000000e+00
       212    0.0000000e+00
       213    0.0000000e+00
       214    0.0000000e+00
       215    0.0000000e+00
       216    0.0000000e+00
       217    0.0000000e+00
       218    0.0000000e+00
       219    0.0000000e+00
       220    0.0000000e+00
       221    0.0000000e+00
       222    0.0000000e+00
       223    0.0000000e+00
       224    0.0000000e+00
       225    0.0000000e+00
       226    0.0000000e+00
       227    0.0000000e+00
       228    0.0000000e+00
       229    0.0000000e+00
       230    0.0000000e+00
       231    0.0000000e+00
       232    0.0000000e+00
       233    0.0000000e+00
       234    0.0000000e+00
       235    0.0000000e+00
       236    0.0000000e+00
       237    0.0000000e+00
       238    0.0000000e+00
       239    0.0000000e+00
       240    0.0000000e+00
       241    0.0000000e+00
       242    0.0000000e+00
       243    0.0000000e+00
       244    0.0000000e+00
       245    0.0000000e+00
       246    0.0000000e+00
       247    0.0000000e+00
       248    0.0000000e+00
       249    0.0000000e+00
       250    0.0000000e+00
       251    0.0000000e+00
       252    0.0000000e+00
       253    0.0000000e+00
       254    0.0000000e+00
       255    0.0000000e+00
       256    0.0000000e+00
