         1    1.0000000e+00
         2    1.0000000e+00
         3    1.0000000e+00
         4    1.0000000e+00
         5    1.0000000e+00
         6    1.0000000e+00
         7    1.0000000e+00
         8    1.0000000e+00
         9    1.0000000e+00
        10    1.0000000e+00
        11    1.0000000e+00
        12    1.0000000e+00
        13    1.0000000e+00
        14    1.0000000e+00
        15    1.0000000e+00
        16    1.0000000e+00
        17    1.0000000e+00
        18    1.0000000e+00
        19    1.0000000e+00
        20    1.0000000e+00
        21    1.0000000e+00
        22    1.0000000e+00
        23    1.0000000e+00
        24    1.0000000e+00
        25    1.0000000e+00
        26    1.0000000e+00
        27    1.0000000e+00
        28    1.0000000e+00
        29    1.0000000e+00
        30    1.0000000e+00
        31    1.0000000e+00
        32    1.0000000e+00
        33    1.0000000e+00
        34    1.0000000e+00
        35    1.0000000e+00
        36    1.0000000e+00
        37    1.0000000e+00
        38    1.0000000e+00
        39    1.0000000e+00
        40    1.0000000e+00
        41    1.0000000e+00
        42    1.0000000e+00
        43    1.0000000e+00
        44    1.0000000e+00
        45    1.0000000e+00
        46    1.0000000e+00
        47    1.0000000e+00
        48    1.0000000e+00
        49    1.0000000e+00
        50    1.0000000e+00
        51    1.0000000e+00
        52    1.0000000e+00
        53    1.0000000e+00
        54    1.0000000e+00
        55    1.0000000e+00
        56    1.0000000e+00
        57    1.0000000e+00
        58    1.0000000e+00
        59    1.0000000e+00
        60    1.0000000e+00
        61    1.0000000e+00
        62    1.0000000e+00
        63    1.0000000e+00
        64    1.0000000e+00
        65    1.0000000e+00
        66    1.0000000e+00
        67    1.0000000e+00
        68    1.0000000e+00
        69    1.0000000e+00
        70    1.0000000e+00
        71    1.0000000e+00
        72    1.0000000e+00
        73    1.0000000e+00
        74    1.0000000e+00
        75    1.0000000e+00
        76    1.0000000e+00
        77    1.0000000e+00
        78    1.0000000e+00
        79    1.0000000e+00
        80    1.0000000e+00
        81    1.0000000e+00
        82    1.0000000e+00
        83    1.0000000e+00
        84    1.0000000e+00
        85    1.0000000e+00
        86    1.0000000e+00
        87    1.0000000e+00
        88    1.0000000e+00
        89    1.0000000e+00
        90    1.0000000e+00
        91    1.0000000e+00
        92    1.0000000e+00
        93    1.0000000e+00
        94    1.0000000e+00
        95    1.0000000e+00
        96    1.0000000e+00
        97    1.0000000e+00
        98    1.0000000e+00
        99    1.0000000e+00
       100    1.0000000e+00
       101    1.0000000e+00
       102    1.0000000e+00
       103    1.0000000e+00
       104    1.0000000e+00
       105    1.0000000e+00
       106    1.0000000e+00
       107    1.0000000e+00
       108    1.0000000e+00
       109    1.0000000e+00
       110    1.0000000e+00
       111    1.0000000e+00
       112    1.0000000e+00
       113    1.0000000e+00
       114    1.0000000e+00
       115    1.0000000e+00
       116    1.0000000e+00
       117    1.0000000e+00
       118    1.0000000e+00
       119    1.0000000e+00
       120    1.0000000e+00
       121    1.0000000e+00
       122    1.0000000e+00
       123    1.0000000e+00
       124    1.0000000e+00
       125    1.0000000e+00
       126    1.0000000e+00
       127    1.0000000e+00
       128    1.0000000e+00
       129    1.0000000e+00
       130    1.0000000e+00
       131    1.0000000e+00
       132    1.0000000e+00
       133    1.0000000e+00
       134    1.0000000e+00
       135    1.0000000e+00
       136    1.0000000e+00
       137    1.0000000e+00
       138    1.0000000e+00
       139    1.0000000e+00
       140    1.0000000e+00
       141    1.0000000e+00
       142    1.0000000e+00
       143    1.0000000e+00
       144    1.0000000e+00
       145    1.0000000e+00
       146    1.0000000e+00
       147    1.0000000e+00
       148    1.0000000e+00
       149    1.0000000e+00
       150    1.0000000e+00
       151    1.0000000e+00
       152    1.0000000e+00
       153    1.0000000e+00
       154    1.0000000e+00
       155    1.0000000e+00
       156    1.0000000e+00
       157    1.0000000e+00
       158    1.0000000e+00
       159    1.0000000e+00
       160    1.0000000e+00
       161    1.0000000e+00
       162    1.0000000e+00
       163    1.0000000e+00
       164    1.0000000e+00
       165    1.0000000e+00
       166    1.0000000e+00
       167    1.0000000e+00
       168    1.0000000e+00
       169    1.0000000e+00
       170    1.0000000e+00
       171    1.0000000e+00
       172    1.0000000e+00
       173    1.0000000e+00
       174    1.0000000e+00
       175    9.9999994e-01
       176    9.9999994e-01
       177    9.9999976e-01
       178    9.9999934e-01
       179    9.9999803e-01
       180    9.9999410e-01
       181    9.9998230e-01
       182    9.9994677e-01
       183    9.9984014e-01
       184    9.9952012e-01
       185    9.9856013e-01
       186    9.9568498e-01
       187    9.8711681e-01
       188    9.6199268e-01
       189    8.9184707e-01
       190    7.2187829e-01
       191    4.3904886e-01
       192    1.9980650e-01
       193    7.7904113e-02
       194    2.8526872e-02
       195    1.0206006e-02
       196    3.6210713e-03
       197    1.2809609e-03
       198    4.5267271e-04
       199    1.5991056e-04
       200    5.6483106e-05
       201    1.9950116e-05
       202    7.0464548e-06
       203    2.4888514e-06
       204    8.7908717e-07
       205    3.1050612e-07
       206    1.0967658e-07
       207    3.8740314e-08
       208    1.3684155e-08
       209    4.8336859e-09
       210    1.7074362e-09
       211    6.0313721e-10
       212    2.1305585e-10
       213    7.5262123e-11
       214    2.6586743e-11
       215    9.3920314e-12
       216    3.3178720e-12
       217    1.1721021e-12
       218    4.1407307e-13
       219    1.4628316e-13
       220    5.1679394e-14
       221    1.8257712e-14
       222    6.4503173e-15
       223    2.2788807e-15
       224    8.0513372e-16
       225    2.8445942e-16
       226    1.0050287e-16
       227    3.5509335e-17
       228    1.2546211e-17
       229    4.4329060e-18
       230    1.5662838e-18
       231    5.5342457e-19
       232    1.9554754e-19
       233    6.9095909e-20
       234    2.4415095e-20
       235    8.6272151e-21
       236    3.0485192e-21
       237    1.0772422e-21
       238    3.8066590e-22
       239    1.3451813e-22
       240    4.7536133e-23
       241    1.6798602e-23
       242    5.9364761e-24
       243    2.0979282e-24
       244    7.4141068e-25
       245    2.6201939e-25
       246    9.2600746e-26
       247    3.2726677e-26
       248    1.1566336e-26
       249    4.0878626e-27
       250    1.4447869e-27
       251    5.1064771e-28
       252    1.8049877e-28
       253    6.3835586e-29
       254    2.2671840e-29
       255    8.3215747e-30
       256    3.8127022e-30
