         1    1.0000000e+00
         2    1.0000000e+00
         3    1.0000000e+00
         4    1.0000000e+00
         5    1.0000000e+00
         6    1.0000000e+00
         7    1.0000000e+00
         8    1.0000000e+00
         9    1.0000000e+00
        10    1.0000000e+00
        11    1.0000000e+00
        12    1.0000000e+00
        13    1.0000000e+00
        14    1.0000000e+00
        15    1.0000000e+00
        16    1.0000000e+00
        17    1.0000000e+00
        18    1.0000000e+00
        19    1.0000000e+00
        20    1.0000000e+00
        21    1.0000000e+00
        22    1.0000000e+00
        23    1.0000000e+00
        24    1.0000000e+00
        25    1.0000000e+00
        26    1.0000000e+00
        27    1.0000000e+00
        28    1.0000000e+00
        29    1.0000000e+00
        30    1.0000000e+00
        31    1.0000000e+00
        32    1.0000000e+00
        33    1.0000000e+00
        34    1.0000000e+00
        35    1.0000000e+00
        36    1.0000000e+00
        37    1.0000000e+00
        38    1.0000000e+00
        39    1.0000000e+00
        40    1.0000000e+00
        41    1.0000000e+00
        42    1.0000000e+00
        43    1.0000000e+00
        44    1.0000000e+00
        45    1.0000000e+00
        46    1.0000000e+00
        47    1.0000000e+00
        48    1.0000000e+00
        49    1.0000000e+00
        50    1.0000000e+00
        51    1.0000000e+00
        52    1.0000000e+00
        53    1.0000000e+00
        54    1.0000000e+00
        55    1.0000000e+00
        56    1.0000000e+00
        57    1.0000000e+00
        58    1.0000000e+00
        59    1.0000000e+00
        60    1.0000000e+00
        61    1.0000000e+00
        62    1.0000000e+00
        63    1.0000000e+00
        64    1.0000000e+00
        65    1.0000000e+00
        66    1.0000000e+00
        67    1.0000000e+00
        68    1.0000000e+00
        69    1.0000000e+00
        70    1.0000000e+00
        71    1.0000000e+00
        72    1.0000000e+00
        73    1.0000000e+00
        74    1.0000000e+00
        75    1.0000000e+00
        76    1.0000000e+00
        77    1.0000000e+00
        78    1.0000000e+00
        79    1.0000000e+00
        80    1.0000000e+00
        81    1.0000000e+00
        82    1.0000000e+00
        83    1.0000000e+00
        84    1.0000000e+00
        85    1.0000000e+00
        86    1.0000000e+00
        87    1.0000000e+00
        88    1.0000000e+00
        89    1.0000000e+00
        90    1.0000000e+00
        91    1.0000000e+00
        92    1.0000000e+00
        93    1.0000000e+00
        94    1.0000000e+00
        95    1.0000000e+00
        96    1.0000000e+00
        97    1.0000000e+00
        98    1.0000000e+00
        99    1.0000000e+00
       100    1.0000000e+00
       101    1.0000000e+00
       102    1.0000000e+00
       103    1.0000000e+00
       104    1.0000000e+00
       105    1.0000000e+00
       106    1.0000000e+00
       107    1.0000000e+00
       108    1.0000000e+00
       109    1.0000000e+00
       110    1.0000000e+00
       111    1.0000000e+00
       112    1.0000000e+00
       113    1.0000000e+00
       114    1.0000000e+00
       115    1.0000000e+00
       116    1.0000000e+00
       117    1.0000000e+00
       118    1.0000000e+00
       119    1.0000000e+00
       120    1.0000000e+00
       121    1.0000000e+00
       122    1.0000000e+00
       123    1.0000000e+00
       124    1.0000000e+00
       125    1.0000000e+00
       126    1.0000000e+00
       127    1.0000000e+00
       128    1.0000000e+00
       129    1.0000000e+00
       130    1.0000000e+00
       131    1.0000000e+00
       132    1.0000000e+00
       133    1.0000000e+00
       134    1.0000000e+00
       135    1.0000000e+00
       136    1.0000000e+00
       137    1.0000000e+00
       138    1.0000000e+00
       139    1.0000000e+00
       140    1.0000000e+00
       141    1.0000000e+00
       142    1.0000000e+00
       143    1.0000000e+00
       144    1.0000000e+00
       145    1.0000000e+00
       146    1.0000000e+00
       147    1.0000000e+00
       148    1.0000000e+00
       149    1.0000000e+00
       150    1.0000000e+00
       151    1.0000000e+00
       152    1.0000000e+00
       153    1.0000000e+00
       154    1.0000000e+00
       155    1.0000000e+00
       156    1.0000000e+00
       157    1.0000000e+00
       158    1.0000000e+00
       159    1.0000000e+00
       160    1.0000000e+00
       161    1.0000000e+00
       162    1.0000000e+00
       163    1.0000000e+00
       164    1.0000000e+00
       165    1.0000000e+00
       166    1.0000000e+00
       167    1.0000000e+00
       168    1.0000000e+00
       169    1.0000000e+00
       170    1.0000000e+00
       171    1.0000000e+00
       172    1.0000000e+00
       173    1.0000000e+00
       174    1.0000000e+00
       175    1.0000000e+00
       176    1.0000000e+00
       177    1.0000000e+00
       178    1.0000000e+00
       179    1.0000000e+00
       180    1.0000000e+00
       181    1.0000000e+00
       182    1.0000000e+00
       183    1.0000000e+00
       184    1.0000000e+00
       185    1.0000000e+00
       186    1.0000000e+00
       187    1.0000000e+00
       188    1.0000000e+00
       189    1.0000000e+00
       190    1.0000000e+00
       191    1.0000000e+00
       192    1.0000000e+00
       193    1.0000000e+00
       194    1.0000000e+00
       195    1.0000000e+00
       196    1.0000000e+00
       197    1.0000000e+00
       198    1.0000000e+00
       199    1.0000000e+00
       200    1.0000000e+00
       201    1.0000000e+00
       202    1.0000000e+00
       203    1.0000000e+00
       204    1.0000000e+00
       205    1.0000000e+00
       206    1.0000000e+00
       207    1.0000000e+00
       208    1.0000000e+00
       209    1.0000000e+00
       210    1.0000000e+00
       211    1.0000000e+00
       212    1.0000000e+00
       213    1.0000000e+00
       214    1.0000000e+00
       215    1.0000000e+00
       216    1.0000000e+00
       217    1.0000000e+00
       218    1.0000000e+00
       219    1.0000000e+00
       220    1.0000000e+00
       221    1.0000000e+00
       222    1.0000000e+00
       223    1.0000000e+00
       224    1.0000000e+00
       225    1.0000000e+00
       226    1.0000000e+00
       227    1.0000000e+00
       228    1.0000000e+00
       229    1.0000000e+00
       230    1.0000000e+00
       231    1.0000000e+00
       232    1.0000000e+00
       233    1.0000000e+00
       234    1.0000000e+00
       235    1.0000000e+00
       236    1.0000000e+00
       237    1.0000000e+00
       238    1.0000000e+00
       239    1.0000000e+00
       240    1.0000000e+00
       241    1.0000000e+00
       242    1.0000000e+00
       243    1.0000000e+00
       244    1.0000000e+00
       245    1.0000000e+00
       246    1.0000000e+00
       247    1.0000000e+00
       248    1.0000000e+00
       249    1.0000000e+00
       250    1.0000000e+00
       251    1.0000000e+00
       252    1.0000000e+00
       253    1.0000000e+00
       254    1.0000000e+00
       255    1.0000000e+00
       256    1.0000000e+00
       257    1.0000000e+00
       258    1.0000000e+00
       259    1.0000000e+00
       260    1.0000000e+00
       261    1.0000000e+00
       262    1.0000000e+00
       263    1.0000000e+00
       264    1.0000000e+00
       265    1.0000000e+00
       266    1.0000000e+00
       267    1.0000000e+00
       268    1.0000000e+00
       269    1.0000000e+00
       270    1.0000000e+00
       271    1.0000000e+00
       272    1.0000000e+00
       273    1.0000000e+00
       274    1.0000000e+00
       275    1.0000000e+00
       276    1.0000000e+00
       277    1.0000000e+00
       278    1.0000000e+00
       279    1.0000000e+00
       280    1.0000000e+00
       281    1.0000000e+00
       282    1.0000000e+00
       283    1.0000000e+00
       284    1.0000000e+00
       285    1.0000000e+00
       286    1.0000000e+00
       287    1.0000000e+00
       288    1.0000000e+00
       289    1.0000000e+00
       290    1.0000000e+00
       291    1.0000000e+00
       292    1.0000000e+00
       293    1.0000000e+00
       294    1.0000000e+00
       295    1.0000000e+00
       296    1.0000000e+00
       297    1.0000000e+00
       298    1.0000000e+00
       299    1.0000000e+00
       300    1.0000000e+00
       301    1.0000000e+00
       302    1.0000000e+00
       303    1.0000000e+00
       304    1.0000000e+00
       305    1.0000000e+00
       306    1.0000000e+00
       307    1.0000000e+00
       308    1.0000000e+00
       309    1.0000000e+00
       310    1.0000000e+00
       311    1.0000000e+00
       312    1.0000000e+00
       313    1.0000000e+00
       314    1.0000000e+00
       315    1.0000000e+00
       316    1.0000000e+00
       317    1.0000000e+00
       318    1.0000000e+00
       319    1.0000000e+00
       320    1.0000000e+00
       321    1.0000000e+00
       322    1.0000000e+00
       323    1.0000000e+00
       324    1.0000000e+00
       325    1.0000000e+00
       326    1.0000000e+00
       327    1.0000000e+00
       328    1.0000000e+00
       329    1.0000000e+00
       330    1.0000000e+00
       331    1.0000000e+00
       332    1.0000000e+00
       333    1.0000000e+00
       334    1.0000000e+00
       335    1.0000000e+00
       336    1.0000000e+00
       337    1.0000000e+00
       338    1.0000000e+00
       339    1.0000000e+00
       340    1.0000000e+00
       341    1.0000000e+00
       342    1.0000000e+00
       343    1.0000000e+00
       344    1.0000000e+00
       345    1.0000000e+00
       346    1.0000000e+00
       347    1.0000000e+00
       348    1.0000000e+00
       349    1.0000000e+00
       350    1.0000000e+00
       351    1.0000000e+00
       352    1.0000000e+00
       353    1.0000000e+00
       354    1.0000000e+00
       355    1.0000000e+00
       356    1.0000000e+00
       357    9.9999994e-01
       358    9.9999994e-01
       359    9.9999976e-01
       360    9.9999940e-01
       361    9.9999815e-01
       362    9.9999452e-01
       363    9.9998343e-01
       364    9.9995023e-01
       365    9.9985045e-01
       366    9.9955094e-01
       367    9.9865222e-01
       368    9.9595916e-01
       369    9.8792726e-01
       370    9.6433717e-01
       371    8.9817601e-01
       372    7.3572999e-01
       373    4.5625573e-01
       374    2.1038905e-01
       375    8.2495645e-02
       376    3.0269133e-02
       377    1.0835728e-02
       378    3.8447492e-03
       379    1.3599145e-03
       380    4.8047712e-04
       381    1.6969310e-04
       382    5.9923426e-05
       383    2.1159685e-05
       384    7.4716354e-06
       385    2.6382804e-06
       386    9.3159395e-07
       387    3.2895275e-07
       388    1.1615600e-07
       389    4.1015802e-08
       390    1.4483122e-08
       391    5.1141633e-09
       392    1.8058781e-09
       393    6.3768141e-10
       394    2.2517516e-10
       395    7.9513091e-11
       396    2.8077488e-11
       397    9.9146941e-12
       398    3.5010786e-12
       399    1.2363055e-12
       400    4.3656734e-13
       401    1.5416227e-13
       402    5.4438536e-14
       403    1.9223665e-14
       404    6.7883999e-15
       405    2.3971771e-15
       406    8.4651425e-16
       407    2.9893026e-16
       408    1.0556185e-16
       409    3.7277391e-17
       410    1.3163928e-17
       411    4.6486516e-18
       412    1.6416098e-18
       413    5.7971475e-19
       414    2.0471998e-19
       415    7.2294888e-20
       416    2.5530330e-20
       417    9.0158519e-21
       418    3.1838937e-21
       419    1.1243767e-21
       420    3.9706954e-22
       421    1.4022415e-22
       422    4.9519995e-23
       423    1.7487986e-23
       424    6.1759041e-24
       425    2.1810357e-24
       426    7.7024078e-25
       427    2.7201430e-25
       428    9.6063512e-26
       429    3.3925533e-26
       430    1.1981092e-26
       431    4.2312396e-27
       432    1.4943089e-27
       433    5.2773345e-28
       434    1.8637619e-28
       435    6.5821497e-29
       436    2.3245911e-29
       437    8.2096932e-30
       438    2.8994044e-30
       439    1.0239817e-30
       440    3.6164058e-31
       441    1.2772139e-31
       442    4.5107800e-32
       443    1.5930933e-32
       444    5.6264222e-33
       445    1.9871240e-33
       446    7.0180930e-34
       447    2.4786478e-34
       448    8.7541125e-35
       449    3.0917972e-35
       450    1.0919718e-35
       451    3.8566776e-36
       452    1.3621247e-36
       453    4.8108518e-37
       454    1.6991381e-37
       455    6.0011840e-38
       456    2.1195651e-38
       457    7.4861428e-39
       458    2.6440582e-39
       459    9.3386874e-40
       460    3.2983903e-40
       461    1.1649975e-40
       462    4.1147728e-41
       463    1.4532866e-41
       464    5.1329563e-42
       465    1.8132802e-42
       466    6.3899210e-43
       467    2.2560905e-43
       468    7.9874012e-44
       469    2.8025969e-44
       470    9.8090893e-45
       471    2.8025969e-45
       472    0.0000000e+00
       473    0.0000000e+00
       474    0.0000000e+00
       475    0.0000000e+00
       476    0.0000000e+00
       477    0.0000000e+00
       478    0.0000000e+00
       479    0.0000000e+00
       480    0.0000000e+00
       481    0.0000000e+00
       482    0.0000000e+00
       483    0.0000000e+00
       484    0.0000000e+00
       485    0.0000000e+00
       486    0.0000000e+00
       487    0.0000000e+00
       488    0.0000000e+00
       489    0.0000000e+00
       490    0.0000000e+00
       491    0.0000000e+00
       492    0.0000000e+00
       493    0.0000000e+00
       494    0.0000000e+00
       495    0.0000000e+00
       496    0.0000000e+00
       497    0.0000000e+00
       498    0.0000000e+00
       499    0.0000000e+00
       500    0.0000000e+00
       501    0.0000000e+00
       502    0.0000000e+00
       503    0.0000000e+00
       504    0.0000000e+00
       505    0.0000000e+00
       506    0.0000000e+00
       507    0.0000000e+00
       508    0.0000000e+00
       509    0.0000000e+00
       510    0.0000000e+00
       511    0.0000000e+00
       512    0.0000000e+00
       513    0.0000000e+00
       514    0.0000000e+00
       515    0.0000000e+00
       516    0.0000000e+00
       517    0.0000000e+00
       518    0.0000000e+00
       519    0.0000000e+00
       520    0.0000000e+00
       521    0.0000000e+00
       522    0.0000000e+00
       523    0.0000000e+00
       524    0.0000000e+00
       525    0.0000000e+00
       526    0.0000000e+00
       527    0.0000000e+00
       528    0.0000000e+00
       529    0.0000000e+00
       530    0.0000000e+00
       531    0.0000000e+00
       532    0.0000000e+00
       533    0.0000000e+00
       534    0.0000000e+00
       535    0.0000000e+00
       536    0.0000000e+00
       537    0.0000000e+00
       538    0.0000000e+00
       539    0.0000000e+00
       540    0.0000000e+00
       541    0.0000000e+00
       542    0.0000000e+00
       543    0.0000000e+00
       544    0.0000000e+00
       545    0.0000000e+00
       546    0.0000000e+00
       547    0.0000000e+00
       548    0.0000000e+00
       549    0.0000000e+00
       550    0.0000000e+00
       551    0.0000000e+00
       552    0.0000000e+00
       553    0.0000000e+00
       554    0.0000000e+00
       555    0.0000000e+00
       556    0.0000000e+00
       557    0.0000000e+00
       558    0.0000000e+00
       559    0.0000000e+00
       560    0.0000000e+00
       561    0.0000000e+00
       562    0.0000000e+00
       563    0.0000000e+00
       564    0.0000000e+00
       565    0.0000000e+00
       566    0.0000000e+00
       567    0.0000000e+00
       568    0.0000000e+00
       569    0.0000000e+00
       570    0.0000000e+00
       571    0.0000000e+00
       572    0.0000000e+00
       573    0.0000000e+00
       574    0.0000000e+00
       575    0.0000000e+00
       576    0.0000000e+00
       577    0.0000000e+00
       578    0.0000000e+00
       579    0.0000000e+00
       580    0.0000000e+00
       581    0.0000000e+00
       582    0.0000000e+00
       583    0.0000000e+00
       584    0.0000000e+00
       585    0.0000000e+00
       586    0.0000000e+00
       587    0.0000000e+00
       588    0.0000000e+00
       589    0.0000000e+00
       590    0.0000000e+00
       591    0.0000000e+00
       592    0.0000000e+00
       593    0.0000000e+00
       594    0.0000000e+00
       595    0.0000000e+00
       596    0.0000000e+00
       597    0.0000000e+00
       598    0.0000000e+00
       599    0.0000000e+00
       600    0.0000000e+00
       601    0.0000000e+00
       602    0.0000000e+00
       603    0.0000000e+00
       604    0.0000000e+00
       605    0.0000000e+00
       606    0.0000000e+00
       607    0.0000000e+00
       608    0.0000000e+00
       609    0.0000000e+00
       610    0.0000000e+00
       611    0.0000000e+00
       612    0.0000000e+00
       613    0.0000000e+00
       614    0.0000000e+00
       615    0.0000000e+00
       616    0.0000000e+00
       617    0.0000000e+00
       618    0.0000000e+00
       619    0.0000000e+00
       620    0.0000000e+00
       621    0.0000000e+00
       622    0.0000000e+00
       623    0.0000000e+00
       624    0.0000000e+00
       625    0.0000000e+00
       626    0.0000000e+00
       627    0.0000000e+00
       628    0.0000000e+00
       629    0.0000000e+00
       630    0.0000000e+00
       631    0.0000000e+00
       632    0.0000000e+00
       633    0.0000000e+00
       634    0.0000000e+00
       635    0.0000000e+00
       636    0.0000000e+00
       637    0.0000000e+00
       638    0.0000000e+00
       639    0.0000000e+00
       640    0.0000000e+00
       641    0.0000000e+00
       642    0.0000000e+00
       643    0.0000000e+00
       644    0.0000000e+00
       645    0.0000000e+00
       646    0.0000000e+00
       647    0.0000000e+00
       648    0.0000000e+00
       649    0.0000000e+00
       650    0.0000000e+00
       651    0.0000000e+00
       652    0.0000000e+00
       653    0.0000000e+00
       654    0.0000000e+00
       655    0.0000000e+00
       656    0.0000000e+00
       657    0.0000000e+00
       658    0.0000000e+00
       659    0.0000000e+00
       660    0.0000000e+00
       661    0.0000000e+00
       662    0.0000000e+00
       663    0.0000000e+00
       664    0.0000000e+00
       665    0.0000000e+00
       666    0.0000000e+00
       667    0.0000000e+00
       668    0.0000000e+00
       669    0.0000000e+00
       670    0.0000000e+00
       671    0.0000000e+00
       672    0.0000000e+00
       673    0.0000000e+00
       674    0.0000000e+00
       675    0.0000000e+00
       676    0.0000000e+00
       677    0.0000000e+00
       678    0.0000000e+00
       679    0.0000000e+00
       680    0.0000000e+00
       681    0.0000000e+00
       682    0.0000000e+00
       683    0.0000000e+00
       684    0.0000000e+00
       685    0.0000000e+00
       686    0.0000000e+00
       687    0.0000000e+00
       688    0.0000000e+00
       689    0.0000000e+00
       690    0.0000000e+00
       691    0.0000000e+00
       692    0.0000000e+00
       693    0.0000000e+00
       694    0.0000000e+00
       695    0.0000000e+00
       696    0.0000000e+00
       697    0.0000000e+00
       698    0.0000000e+00
       699    0.0000000e+00
       700    0.0000000e+00
       701    0.0000000e+00
       702    0.0000000e+00
       703    0.0000000e+00
       704    0.0000000e+00
       705    0.0000000e+00
       706    0.0000000e+00
       707    0.0000000e+00
       708    0.0000000e+00
       709    0.0000000e+00
       710    0.0000000e+00
       711    0.0000000e+00
       712    0.0000000e+00
       713    0.0000000e+00
       714    0.0000000e+00
       715    0.0000000e+00
       716    0.0000000e+00
       717    0.0000000e+00
       718    0.0000000e+00
       719    0.0000000e+00
       720    0.0000000e+00
       721    0.0000000e+00
       722    0.0000000e+00
       723    0.0000000e+00
       724    0.0000000e+00
       725    0.0000000e+00
       726    0.0000000e+00
       727    0.0000000e+00
       728    0.0000000e+00
       729    0.0000000e+00
       730    0.0000000e+00
       731    0.0000000e+00
       732    0.0000000e+00
       733    0.0000000e+00
       734    0.0000000e+00
       735    0.0000000e+00
       736    0.0000000e+00
       737    0.0000000e+00
       738    0.0000000e+00
       739    0.0000000e+00
       740    0.0000000e+00
       741    0.0000000e+00
       742    0.0000000e+00
       743    0.0000000e+00
       744    0.0000000e+00
       745    0.0000000e+00
       746    0.0000000e+00
       747    0.0000000e+00
       748    0.0000000e+00
       749    0.0000000e+00
       750    0.0000000e+00
       751    0.0000000e+00
       752    0.0000000e+00
       753    0.0000000e+00
       754    0.0000000e+00
       755    0.0000000e+00
       756    0.0000000e+00
       757    0.0000000e+00
       758    0.0000000e+00
       759    0.0000000e+00
       760    0.0000000e+00
       761    0.0000000e+00
       762    0.0000000e+00
       763    0.0000000e+00
       764    0.0000000e+00
       765    0.0000000e+00
       766    0.0000000e+00
       767    0.0000000e+00
       768    0.0000000e+00
       769    0.0000000e+00
       770    0.0000000e+00
       771    0.0000000e+00
       772    0.0000000e+00
       773    0.0000000e+00
       774    0.0000000e+00
       775    0.0000000e+00
       776    0.0000000e+00
       777    0.0000000e+00
       778    0.0000000e+00
       779    0.0000000e+00
       780    0.0000000e+00
       781    0.0000000e+00
       782    0.0000000e+00
       783    0.0000000e+00
       784    0.0000000e+00
       785    0.0000000e+00
       786    0.0000000e+00
       787    0.0000000e+00
       788    0.0000000e+00
       789    0.0000000e+00
       790    0.0000000e+00
       791    0.0000000e+00
       792    0.0000000e+00
       793    0.0000000e+00
       794    0.0000000e+00
       795    0.0000000e+00
       796    0.0000000e+00
       797    0.0000000e+00
       798    0.0000000e+00
       799    0.0000000e+00
       800    0.0000000e+00
       801    0.0000000e+00
       802    0.0000000e+00
       803    0.0000000e+00
       804    0.0000000e+00
       805    0.0000000e+00
       806    0.0000000e+00
       807    0.0000000e+00
       808    0.0000000e+00
       809    0.0000000e+00
       810    0.0000000e+00
       811    0.0000000e+00
       812    0.0000000e+00
       813    0.0000000e+00
       814    0.0000000e+00
       815    0.0000000e+00
       816    0.0000000e+00
       817    0.0000000e+00
       818    0.0000000e+00
       819    0.0000000e+00
       820    0.0000000e+00
       821    0.0000000e+00
       822    0.0000000e+00
       823    0.0000000e+00
       824    0.0000000e+00
       825    0.0000000e+00
       826    0.0000000e+00
       827    0.0000000e+00
       828    0.0000000e+00
       829    0.0000000e+00
       830    0.0000000e+00
       831    0.0000000e+00
       832    0.0000000e+00
       833    0.0000000e+00
       834    0.0000000e+00
       835    0.0000000e+00
       836    0.0000000e+00
       837    0.0000000e+00
       838    0.0000000e+00
       839    0.0000000e+00
       840    0.0000000e+00
       841    0.0000000e+00
       842    0.0000000e+00
       843    0.0000000e+00
       844    0.0000000e+00
       845    0.0000000e+00
       846    0.0000000e+00
       847    0.0000000e+00
       848    0.0000000e+00
       849    0.0000000e+00
       850    0.0000000e+00
       851    0.0000000e+00
       852    0.0000000e+00
       853    0.0000000e+00
       854    0.0000000e+00
       855    0.0000000e+00
       856    0.0000000e+00
       857    0.0000000e+00
       858    0.0000000e+00
       859    0.0000000e+00
       860    0.0000000e+00
       861    0.0000000e+00
       862    0.0000000e+00
       863    0.0000000e+00
       864    0.0000000e+00
       865    0.0000000e+00
       866    0.0000000e+00
       867    0.0000000e+00
       868    0.0000000e+00
       869    0.0000000e+00
       870    0.0000000e+00
       871    0.0000000e+00
       872    0.0000000e+00
       873    0.0000000e+00
       874    0.0000000e+00
       875    0.0000000e+00
       876    0.0000000e+00
       877    0.0000000e+00
       878    0.0000000e+00
       879    0.0000000e+00
       880    0.0000000e+00
       881    0.0000000e+00
       882    0.0000000e+00
       883    0.0000000e+00
       884    0.0000000e+00
       885    0.0000000e+00
       886    0.0000000e+00
       887    0.0000000e+00
       888    0.0000000e+00
       889    0.0000000e+00
       890    0.0000000e+00
       891    0.0000000e+00
       892    0.0000000e+00
       893    0.0000000e+00
       894    0.0000000e+00
       895    0.0000000e+00
       896    0.0000000e+00
       897    0.0000000e+00
       898    0.0000000e+00
       899    0.0000000e+00
       900    0.0000000e+00
       901    0.0000000e+00
       902    0.0000000e+00
       903    0.0000000e+00
       904    0.0000000e+00
       905    0.0000000e+00
       906    0.0000000e+00
       907    0.0000000e+00
       908    0.0000000e+00
       909    0.0000000e+00
       910    0.0000000e+00
       911    0.0000000e+00
       912    0.0000000e+00
       913    0.0000000e+00
       914    0.0000000e+00
       915    0.0000000e+00
       916    0.0000000e+00
       917    0.0000000e+00
       918    0.0000000e+00
       919    0.0000000e+00
       920    0.0000000e+00
       921    0.0000000e+00
       922    0.0000000e+00
       923    0.0000000e+00
       924    0.0000000e+00
       925    0.0000000e+00
       926    0.0000000e+00
       927    0.0000000e+00
       928    0.0000000e+00
       929    0.0000000e+00
       930    0.0000000e+00
       931    0.0000000e+00
       932    0.0000000e+00
       933    0.0000000e+00
       934    0.0000000e+00
       935    0.0000000e+00
       936    0.0000000e+00
       937    0.0000000e+00
       938    0.0000000e+00
       939    0.0000000e+00
       940    0.0000000e+00
       941    0.0000000e+00
       942    0.0000000e+00
       943    0.0000000e+00
       944    0.0000000e+00
       945    0.0000000e+00
       946    0.0000000e+00
       947    0.0000000e+00
       948    0.0000000e+00
       949    0.0000000e+00
       950    0.0000000e+00
       951    0.0000000e+00
       952    0.0000000e+00
       953    0.0000000e+00
       954    0.0000000e+00
       955    0.0000000e+00
       956    0.0000000e+00
       957    0.0000000e+00
       958    0.0000000e+00
       959    0.0000000e+00
       960    0.0000000e+00
       961    0.0000000e+00
       962    0.0000000e+00
       963    0.0000000e+00
       964    0.0000000e+00
       965    0.0000000e+00
       966    0.0000000e+00
       967    0.0000000e+00
       968    0.0000000e+00
       969    0.0000000e+00
       970    0.0000000e+00
       971    0.0000000e+00
       972    0.0000000e+00
       973    0.0000000e+00
       974    0.0000000e+00
       975    0.0000000e+00
       976    0.0000000e+00
       977    0.0000000e+00
       978    0.0000000e+00
       979    0.0000000e+00
       980    0.0000000e+00
       981    0.0000000e+00
       982    0.0000000e+00
       983    0.0000000e+00
       984    0.0000000e+00
       985    0.0000000e+00
       986    0.0000000e+00
       987    0.0000000e+00
       988    0.0000000e+00
       989    0.0000000e+00
       990    0.0000000e+00
       991    0.0000000e+00
       992    0.0000000e+00
       993    0.0000000e+00
       994    0.0000000e+00
       995    0.0000000e+00
       996    0.0000000e+00
       997    0.0000000e+00
       998    0.0000000e+00
       999    0.0000000e+00
      1000    0.0000000e+00
      1001    0.0000000e+00
      1002    0.0000000e+00
      1003    0.0000000e+00
      1004    0.0000000e+00
      1005    0.0000000e+00
      1006    0.0000000e+00
      1007    0.0000000e+00
      1008    0.0000000e+00
      1009    0.0000000e+00
      1010    0.0000000e+00
      1011    0.0000000e+00
      1012    0.0000000e+00
      1013    0.0000000e+00
      1014    0.0000000e+00
      1015    0.0000000e+00
      1016    0.0000000e+00
      1017    0.0000000e+00
      1018    0.0000000e+00
      1019    0.0000000e+00
      1020    0.0000000e+00
      1021    0.0000000e+00
      1022    0.0000000e+00
      1023    0.0000000e+00
      1024    0.0000000e+00
