    10    1.2462238e+01
    11    1.2607692e+01
    12    1.2728905e+01
    13    1.2831469e+01
    14    1.2919381e+01
    15    1.2995571e+01
    16    1.3062238e+01
    17    1.3121062e+01
    18    1.3173349e+01
    19    1.3220133e+01
    20    1.3262238e+01
    21    1.3300333e+01
    22    1.3334965e+01
    23    1.3366586e+01
    24    1.3395571e+01
    25    1.3422238e+01
    26    1.3446853e+01
    27    1.3469645e+01
    28    1.3490809e+01
    29    1.3510514e+01
    30    1.3528905e+01
    31    1.3546109e+01
    32    1.3562238e+01
    33    1.3577390e+01
    34    1.3591650e+01
    35    1.3605095e+01
    36    1.3617794e+01
    37    1.3629806e+01
    38    1.3641185e+01
    39    1.3651982e+01
    40    1.3662238e+01
    41    1.3671994e+01
    42    1.3681286e+01
    43    1.3690145e+01
    44    1.3698602e+01
    45    1.3706682e+01
    46    1.3714412e+01
    47    1.3721812e+01
    48    1.3728905e+01
    49    1.3735707e+01
    50    1.3742238e+01
    51    1.3748512e+01
    52    1.3754546e+01
    53    1.3760351e+01
    54    1.3765942e+01
    55    1.3771329e+01
    56    1.3776524e+01
    57    1.3781536e+01
    58    1.3786376e+01
    59    1.3791052e+01
    60    1.3795571e+01
    61    1.3799943e+01
    62    1.3804173e+01
    63    1.3808270e+01
    64    1.3812238e+01
    65    1.3816084e+01
    66    1.3819814e+01
    67    1.3823432e+01
    68    1.3826944e+01
    69    1.3830354e+01
    70    1.3833667e+01
    71    1.3836886e+01
    72    1.3840016e+01
    73    1.3843060e+01
    74    1.3846022e+01
    75    1.3848905e+01
    76    1.3851712e+01
    77    1.3854446e+01
    78    1.3857110e+01
    79    1.3859706e+01
    80    1.3862238e+01
    81    1.3864707e+01
    82    1.3867116e+01
    83    1.3869467e+01
    84    1.3871762e+01
    85    1.3874003e+01
    86    1.3876191e+01
    87    1.3878330e+01
    88    1.3880420e+01
    89    1.3882463e+01
    90    1.3884460e+01
    91    1.3886414e+01
    92    1.3888325e+01
    93    1.3890195e+01
    94    1.3892025e+01
    95    1.3893817e+01
    96    1.3895571e+01
    97    1.3897290e+01
    98    1.3898973e+01
    99    1.3900622e+01
   100    1.3902238e+01
   101    1.3903822e+01
   102    1.3905375e+01
   103    1.3906898e+01
   104    1.3908392e+01
   105    1.3909857e+01
   106    1.3911295e+01
   107    1.3912705e+01
   108    1.3914090e+01
   109    1.3915449e+01
   110    1.3916783e+01
   111    1.3918094e+01
   112    1.3919381e+01
   113    1.3920645e+01
   114    1.3921887e+01
   115    1.3923108e+01
   116    1.3924307e+01
   117    1.3925486e+01
   118    1.3926645e+01
   119    1.3927784e+01
   120    1.3928905e+01
   121    1.3930007e+01
   122    1.3931090e+01
   123    1.3932157e+01
   124    1.3933206e+01
   125    1.3934238e+01
   126    1.3935254e+01
   127    1.3936254e+01
   128    1.3937238e+01
   129    1.3938207e+01
   130    1.3939161e+01
   131    1.3940101e+01
   132    1.3941026e+01
   133    1.3941937e+01
   134    1.3942835e+01
   135    1.3943719e+01
   136    1.3944591e+01
   137    1.3945450e+01
   138    1.3946296e+01
   139    1.3947130e+01
   140    1.3947952e+01
   141    1.3948763e+01
   142    1.3949562e+01
   143    1.3950350e+01
   144    1.3951127e+01
   145    1.3951893e+01
   146    1.3952649e+01
   147    1.3953394e+01
   148    1.3954130e+01
   149    1.3954855e+01
   150    1.3955571e+01
   151    1.3956278e+01
   152    1.3956975e+01
   153    1.3957663e+01
   154    1.3958342e+01
   155    1.3959012e+01
   156    1.3959674e+01
   157    1.3960327e+01
   158    1.3960972e+01
   159    1.3961609e+01
   160    1.3962238e+01
   161    1.3962859e+01
   162    1.3963473e+01
   163    1.3964078e+01
   164    1.3964677e+01
   165    1.3965267e+01
   166    1.3965852e+01
   167    1.3966430e+01
   168    1.3967000e+01
   169    1.3967563e+01
   170    1.3968120e+01
   171    1.3968671e+01
   172    1.3969215e+01
   173    1.3969752e+01
   174    1.3970284e+01
   175    1.3970809e+01
   176    1.3971329e+01
   177    1.3971843e+01
   178    1.3972350e+01
   179    1.3972853e+01
   180    1.3973349e+01
   181    1.3973840e+01
   182    1.3974326e+01
   183    1.3974806e+01
   184    1.3975281e+01
   185    1.3975752e+01
   186    1.3976216e+01
   187    1.3976676e+01
   188    1.3977132e+01
   189    1.3977582e+01
   190    1.3978027e+01
   191    1.3978468e+01
   192    1.3978905e+01
   193    1.3979336e+01
   194    1.3979764e+01
   195    1.3980187e+01
   196    1.3980605e+01
   197    1.3981020e+01
   198    1.3981430e+01
   199    1.3981836e+01
   200    1.3982238e+01
   201    1.3982636e+01
   202    1.3983030e+01
   203    1.3983420e+01
   204    1.3983807e+01
   205    1.3984189e+01
   206    1.3984568e+01
   207    1.3984943e+01
   208    1.3985315e+01
   209    1.3985683e+01
   210    1.3986048e+01
   211    1.3986409e+01
   212    1.3986766e+01
   213    1.3987121e+01
   214    1.3987472e+01
   215    1.3987819e+01
   216    1.3988164e+01
   217    1.3988505e+01
   218    1.3988844e+01
   219    1.3989179e+01
   220    1.3989511e+01
   221    1.3989840e+01
   222    1.3990166e+01
   223    1.3990489e+01
   224    1.3990809e+01
   225    1.3991127e+01
   226    1.3991442e+01
   227    1.3991753e+01
   228    1.3992063e+01
   229    1.3992369e+01
   230    1.3992673e+01
   231    1.3992974e+01
   232    1.3993272e+01
   233    1.3993568e+01
   234    1.3993862e+01
   235    1.3994153e+01
   236    1.3994441e+01
   237    1.3994727e+01
   238    1.3995011e+01
   239    1.3995292e+01
   240    1.3995571e+01
   241    1.3995848e+01
   242    1.3996122e+01
   243    1.3996394e+01
   244    1.3996664e+01
   245    1.3996932e+01
   246    1.3997197e+01
   247    1.3997461e+01
   248    1.3997722e+01
   249    1.3997981e+01
   250    1.3998238e+01
   251    1.3998493e+01
   252    1.3998746e+01
   253    1.3998997e+01
   254    1.3999246e+01
   255    1.3999493e+01
   256    1.3999738e+01
   257    1.3999981e+01
   258    1.4000222e+01
   259    1.4000462e+01
   260    1.4000700e+01
   261    1.4000935e+01
   262    1.4001169e+01
   263    1.4001401e+01
   264    1.4001632e+01
   265    1.4001861e+01
   266    1.4002088e+01
   267    1.4002313e+01
   268    1.4002537e+01
   269    1.4002758e+01
   270    1.4002979e+01
   271    1.4003197e+01
   272    1.4003414e+01
   273    1.4003630e+01
   274    1.4003844e+01
   275    1.4004056e+01
   276    1.4004267e+01
   277    1.4004476e+01
   278    1.4004684e+01
   279    1.4004890e+01
   280    1.4005095e+01
   281    1.4005298e+01
   282    1.4005500e+01
   283    1.4005701e+01
   284    1.4005900e+01
   285    1.4006098e+01
   286    1.4006294e+01
   287    1.4006489e+01
   288    1.4006682e+01
   289    1.4006875e+01
   290    1.4007066e+01
   291    1.4007255e+01
   292    1.4007443e+01
   293    1.4007630e+01
   294    1.4007816e+01
   295    1.4008001e+01
   296    1.4008184e+01
   297    1.4008366e+01
   298    1.4008547e+01
   299    1.4008726e+01
   300    1.4008905e+01
   301    1.4009081e+01
   302    1.4009258e+01
   303    1.4009433e+01
   304    1.4009606e+01
   305    1.4009779e+01
   306    1.4009950e+01
   307    1.4010121e+01
   308    1.4010290e+01
   309    1.4010458e+01
   310    1.4010625e+01
   311    1.4010791e+01
   312    1.4010956e+01
   313    1.4011120e+01
   314    1.4011283e+01
   315    1.4011444e+01
   316    1.4011605e+01
   317    1.4011765e+01
   318    1.4011924e+01
   319    1.4012081e+01
   320    1.4012238e+01
   321    1.4012394e+01
   322    1.4012548e+01
   323    1.4012702e+01
   324    1.4012855e+01
   325    1.4013007e+01
   326    1.4013158e+01
   327    1.4013308e+01
   328    1.4013458e+01
   329    1.4013606e+01
   330    1.4013753e+01
   331    1.4013900e+01
   332    1.4014045e+01
   333    1.4014190e+01
   334    1.4014334e+01
   335    1.4014477e+01
   336    1.4014619e+01
   337    1.4014760e+01
   338    1.4014901e+01
   339    1.4015040e+01
   340    1.4015179e+01
   341    1.4015317e+01
   342    1.4015454e+01
   343    1.4015591e+01
   344    1.4015726e+01
   345    1.4015861e+01
   346    1.4015995e+01
   347    1.4016128e+01
   348    1.4016261e+01
   349    1.4016393e+01
   350    1.4016524e+01
   351    1.4016654e+01
   352    1.4016783e+01
   353    1.4016912e+01
   354    1.4017040e+01
   355    1.4017168e+01
   356    1.4017294e+01
   357    1.4017420e+01
   358    1.4017545e+01
   359    1.4017670e+01
   360    1.4017794e+01
   361    1.4017917e+01
   362    1.4018039e+01
   363    1.4018161e+01
   364    1.4018282e+01
   365    1.4018402e+01
   366    1.4018522e+01
   367    1.4018641e+01
   368    1.4018760e+01
   369    1.4018878e+01
   370    1.4018995e+01
   371    1.4019110e+01
   372    1.4019227e+01
   373    1.4019343e+01
   374    1.4019457e+01
   375    1.4019571e+01
   376    1.4019685e+01
   377    1.4019798e+01
   378    1.4019910e+01
   379    1.4020022e+01
   380    1.4020133e+01
   381    1.4020243e+01
   382    1.4020353e+01
   383    1.4020463e+01
   384    1.4020571e+01
   385    1.4020680e+01
   386    1.4020787e+01
   387    1.4020894e+01
   388    1.4021001e+01
   389    1.4021107e+01
   390    1.4021212e+01
   391    1.4021317e+01
   392    1.4021422e+01
   393    1.4021526e+01
   394    1.4021629e+01
   395    1.4021732e+01
   396    1.4021834e+01
   397    1.4021936e+01
   398    1.4022037e+01
   399    1.4022138e+01
   400    1.4022238e+01
   401    1.4022338e+01
   402    1.4022437e+01
   403    1.4022536e+01
   404    1.4022634e+01
   405    1.4022732e+01
   406    1.4022829e+01
   407    1.4022926e+01
   408    1.4023022e+01
   409    1.4023118e+01
   410    1.4023214e+01
   411    1.4023309e+01
   412    1.4023403e+01
   413    1.4023497e+01
   414    1.4023591e+01
   415    1.4023684e+01
   416    1.4023776e+01
   417    1.4023869e+01
   418    1.4023960e+01
   419    1.4024052e+01
   420    1.4024143e+01
   421    1.4024233e+01
   422    1.4024323e+01
   423    1.4024413e+01
   424    1.4024502e+01
   425    1.4024591e+01
   426    1.4024679e+01
   427    1.4024767e+01
   428    1.4024855e+01
   429    1.4024942e+01
   430    1.4025029e+01
   431    1.4025115e+01
   432    1.4025201e+01
   433    1.4025286e+01
   434    1.4025372e+01
   435    1.4025456e+01
   436    1.4025541e+01
   437    1.4025625e+01
   438    1.4025708e+01
   439    1.4025792e+01
   440    1.4025873e+01
   441    1.4025957e+01
   442    1.4026039e+01
   443    1.4026121e+01
   444    1.4026202e+01
   445    1.4026283e+01
   446    1.4026364e+01
   447    1.4026444e+01
   448    1.4026524e+01
   449    1.4026603e+01
   450    1.4026682e+01
   451    1.4026761e+01
   452    1.4026840e+01
   453    1.4026918e+01
   454    1.4026996e+01
   455    1.4027073e+01
   456    1.4027150e+01
   457    1.4027227e+01
   458    1.4027304e+01
   459    1.4027380e+01
   460    1.4027455e+01
   461    1.4027531e+01
   462    1.4027606e+01
   463    1.4027681e+01
   464    1.4027755e+01
   465    1.4027829e+01
   466    1.4027903e+01
   467    1.4027977e+01
   468    1.4028050e+01
   469    1.4028123e+01
   470    1.4028195e+01
   471    1.4028268e+01
   472    1.4028340e+01
   473    1.4028411e+01
   474    1.4028483e+01
   475    1.4028554e+01
   476    1.4028625e+01
   477    1.4028695e+01
   478    1.4028765e+01
   479    1.4028835e+01
   480    1.4028905e+01
   481    1.4028974e+01
   482    1.4029043e+01
   483    1.4029112e+01
   484    1.4029180e+01
   485    1.4029248e+01
   486    1.4029316e+01
   487    1.4029384e+01
   488    1.4029451e+01
   489    1.4029518e+01
   490    1.4029585e+01
   491    1.4029651e+01
   492    1.4029718e+01
   493    1.4029784e+01
   494    1.4029849e+01
   495    1.4029915e+01
   496    1.4029980e+01
   497    1.4030045e+01
   498    1.4030109e+01
   499    1.4030174e+01
   500    1.4030238e+01
   501    1.4030302e+01
   502    1.4030365e+01
   503    1.4030429e+01
   504    1.4030492e+01
   505    1.4030555e+01
   506    1.4030617e+01
   507    1.4030680e+01
   508    1.4030742e+01
   509    1.4030804e+01
   510    1.4030865e+01
   511    1.4030927e+01
   512    1.4030988e+01
   513    1.4031049e+01
   514    1.4031110e+01
   515    1.4031170e+01
   516    1.4031230e+01
   517    1.4031290e+01
   518    1.4031350e+01
   519    1.4031409e+01
   520    1.4031469e+01
   521    1.4031528e+01
   522    1.4031587e+01
   523    1.4031645e+01
   524    1.4031704e+01
   525    1.4031762e+01
   526    1.4031820e+01
   527    1.4031877e+01
   528    1.4031935e+01
   529    1.4031992e+01
   530    1.4032049e+01
   531    1.4032106e+01
   532    1.4032163e+01
   533    1.4032219e+01
   534    1.4032275e+01
   535    1.4032331e+01
   536    1.4032387e+01
   537    1.4032443e+01
   538    1.4032498e+01
   539    1.4032553e+01
   540    1.4032608e+01
   541    1.4032663e+01
   542    1.4032718e+01
   543    1.4032772e+01
   544    1.4032826e+01
   545    1.4032880e+01
   546    1.4032934e+01
   547    1.4032988e+01
   548    1.4033041e+01
   549    1.4033094e+01
   550    1.4033147e+01
   551    1.4033200e+01
   552    1.4033252e+01
   553    1.4033305e+01
   554    1.4033357e+01
   555    1.4033409e+01
   556    1.4033461e+01
   557    1.4033513e+01
   558    1.4033564e+01
   559    1.4033615e+01
   560    1.4033667e+01
   561    1.4033718e+01
   562    1.4033768e+01
   563    1.4033819e+01
   564    1.4033869e+01
   565    1.4033919e+01
   566    1.4033969e+01
   567    1.4034019e+01
   568    1.4034069e+01
   569    1.4034118e+01
   570    1.4034168e+01
   571    1.4034217e+01
   572    1.4034266e+01
   573    1.4034315e+01
   574    1.4034363e+01
   575    1.4034412e+01
   576    1.4034460e+01
   577    1.4034508e+01
   578    1.4034556e+01
   579    1.4034604e+01
   580    1.4034652e+01
   581    1.4034699e+01
   582    1.4034747e+01
   583    1.4034794e+01
   584    1.4034841e+01
   585    1.4034887e+01
   586    1.4034934e+01
   587    1.4034981e+01
   588    1.4035027e+01
   589    1.4035073e+01
   590    1.4035119e+01
   591    1.4035165e+01
   592    1.4035211e+01
   593    1.4035257e+01
   594    1.4035302e+01
   595    1.4035347e+01
   596    1.4035392e+01
   597    1.4035437e+01
   598    1.4035482e+01
   599    1.4035527e+01
   600    1.4035571e+01
   601    1.4035616e+01
   602    1.4035660e+01
   603    1.4035704e+01
   604    1.4035748e+01
   605    1.4035792e+01
   606    1.4035835e+01
   607    1.4035879e+01
   608    1.4035922e+01
   609    1.4035965e+01
   610    1.4036008e+01
   611    1.4036051e+01
   612    1.4036093e+01
   613    1.4036137e+01
   614    1.4036179e+01
   615    1.4036222e+01
   616    1.4036264e+01
   617    1.4036306e+01
   618    1.4036348e+01
   619    1.4036390e+01
   620    1.4036432e+01
   621    1.4036473e+01
   622    1.4036515e+01
   623    1.4036556e+01
   624    1.4036597e+01
   625    1.4036638e+01
   626    1.4036679e+01
   627    1.4036720e+01
   628    1.4036760e+01
   629    1.4036801e+01
   630    1.4036841e+01
   631    1.4036881e+01
   632    1.4036922e+01
   633    1.4036962e+01
   634    1.4037001e+01
   635    1.4037041e+01
   636    1.4037081e+01
   637    1.4037120e+01
   638    1.4037160e+01
   639    1.4037199e+01
   640    1.4037238e+01
   641    1.4037277e+01
   642    1.4037316e+01
   643    1.4037355e+01
   644    1.4037393e+01
   645    1.4037432e+01
   646    1.4037470e+01
   647    1.4037508e+01
   648    1.4037547e+01
   649    1.4037585e+01
   650    1.4037623e+01
   651    1.4037660e+01
   652    1.4037698e+01
   653    1.4037736e+01
   654    1.4037773e+01
   655    1.4037811e+01
   656    1.4037848e+01
   657    1.4037885e+01
   658    1.4037922e+01
   659    1.4037959e+01
   660    1.4037996e+01
   661    1.4038032e+01
   662    1.4038069e+01
   663    1.4038105e+01
   664    1.4038142e+01
   665    1.4038178e+01
   666    1.4038214e+01
   667    1.4038250e+01
   668    1.4038286e+01
   669    1.4038322e+01
   670    1.4038357e+01
   671    1.4038393e+01
   672    1.4038428e+01
   673    1.4038464e+01
   674    1.4038499e+01
   675    1.4038534e+01
   676    1.4038569e+01
   677    1.4038604e+01
   678    1.4038639e+01
   679    1.4038674e+01
   680    1.4038709e+01
   681    1.4038743e+01
   682    1.4038778e+01
   683    1.4038812e+01
   684    1.4038846e+01
   685    1.4038880e+01
   686    1.4038914e+01
   687    1.4038948e+01
   688    1.4038982e+01
   689    1.4039016e+01
   690    1.4039050e+01
   691    1.4039083e+01
   692    1.4039117e+01
   693    1.4039150e+01
   694    1.4039183e+01
   695    1.4039216e+01
   696    1.4039249e+01
   697    1.4039282e+01
   698    1.4039315e+01
   699    1.4039348e+01
   700    1.4039381e+01
   701    1.4039413e+01
   702    1.4039446e+01
   703    1.4039478e+01
   704    1.4039511e+01
   705    1.4039543e+01
   706    1.4039575e+01
   707    1.4039607e+01
   708    1.4039639e+01
   709    1.4039671e+01
   710    1.4039703e+01
   711    1.4039734e+01
   712    1.4039766e+01
   713    1.4039798e+01
   714    1.4039829e+01
   715    1.4039860e+01
   716    1.4039892e+01
   717    1.4039923e+01
   718    1.4039954e+01
   719    1.4039985e+01
   720    1.4040016e+01
   721    1.4040047e+01
   722    1.4040077e+01
   723    1.4040108e+01
   724    1.4040139e+01
   725    1.4040169e+01
   726    1.4040199e+01
   727    1.4040230e+01
   728    1.4040260e+01
   729    1.4040290e+01
   730    1.4040320e+01
   731    1.4040350e+01
   732    1.4040380e+01
   733    1.4040410e+01
   734    1.4040440e+01
   735    1.4040469e+01
   736    1.4040499e+01
   737    1.4040528e+01
   738    1.4040558e+01
   739    1.4040587e+01
   740    1.4040615e+01
   741    1.4040646e+01
   742    1.4040675e+01
   743    1.4040704e+01
   744    1.4040733e+01
   745    1.4040761e+01
   746    1.4040790e+01
   747    1.4040819e+01
   748    1.4040848e+01
   749    1.4040876e+01
   750    1.4040905e+01
   751    1.4040933e+01
   752    1.4040961e+01
   753    1.4040990e+01
   754    1.4041017e+01
   755    1.4041046e+01
   756    1.4041074e+01
   757    1.4041102e+01
   758    1.4041130e+01
   759    1.4041158e+01
   760    1.4041185e+01
   761    1.4041213e+01
   762    1.4041241e+01
   763    1.4041268e+01
   764    1.4041296e+01
   765    1.4041323e+01
   766    1.4041350e+01
   767    1.4041378e+01
   768    1.4041405e+01
   769    1.4041432e+01
   770    1.4041459e+01
   771    1.4041486e+01
   772    1.4041513e+01
   773    1.4041539e+01
   774    1.4041566e+01
   775    1.4041593e+01
   776    1.4041619e+01
   777    1.4041646e+01
   778    1.4041672e+01
   779    1.4041699e+01
   780    1.4041725e+01
   781    1.4041751e+01
   782    1.4041778e+01
   783    1.4041804e+01
   784    1.4041830e+01
   785    1.4041856e+01
   786    1.4041882e+01
   787    1.4041908e+01
   788    1.4041933e+01
   789    1.4041959e+01
   790    1.4041985e+01
   791    1.4042010e+01
   792    1.4042036e+01
   793    1.4042061e+01
   794    1.4042087e+01
   795    1.4042112e+01
   796    1.4042137e+01
   797    1.4042163e+01
   798    1.4042188e+01
   799    1.4042213e+01
   800    1.4042238e+01
   801    1.4042263e+01
   802    1.4042288e+01
   803    1.4042313e+01
   804    1.4042338e+01
   805    1.4042362e+01
   806    1.4042387e+01
   807    1.4042411e+01
   808    1.4042436e+01
   809    1.4042460e+01
   810    1.4042485e+01
   811    1.4042509e+01
   812    1.4042534e+01
   813    1.4042558e+01
   814    1.4042582e+01
   815    1.4042606e+01
   816    1.4042630e+01
   817    1.4042654e+01
   818    1.4042678e+01
   819    1.4042702e+01
   820    1.4042726e+01
   821    1.4042750e+01
   822    1.4042773e+01
   823    1.4042797e+01
   824    1.4042821e+01
   825    1.4042844e+01
   826    1.4042868e+01
   827    1.4042891e+01
   828    1.4042914e+01
   829    1.4042938e+01
   830    1.4042961e+01
   831    1.4042984e+01
   832    1.4043007e+01
   833    1.4043030e+01
   834    1.4043053e+01
   835    1.4043076e+01
   836    1.4043099e+01
   837    1.4043122e+01
   838    1.4043145e+01
   839    1.4043168e+01
   840    1.4043190e+01
   841    1.4043213e+01
   842    1.4043236e+01
   843    1.4043258e+01
   844    1.4043281e+01
   845    1.4043303e+01
   846    1.4043325e+01
   847    1.4043348e+01
   848    1.4043370e+01
   849    1.4043392e+01
   850    1.4043414e+01
   851    1.4043437e+01
   852    1.4043459e+01
   853    1.4043481e+01
   854    1.4043503e+01
   855    1.4043525e+01
   856    1.4043546e+01
   857    1.4043568e+01
   858    1.4043590e+01
   859    1.4043612e+01
   860    1.4043633e+01
   861    1.4043655e+01
   862    1.4043677e+01
   863    1.4043698e+01
   864    1.4043719e+01
   865    1.4043741e+01
   866    1.4043762e+01
   867    1.4043784e+01
   868    1.4043805e+01
   869    1.4043826e+01
   870    1.4043847e+01
   871    1.4043868e+01
   872    1.4043889e+01
   873    1.4043910e+01
   874    1.4043931e+01
   875    1.4043952e+01
   876    1.4043973e+01
   877    1.4043994e+01
   878    1.4044015e+01
   879    1.4044035e+01
   880    1.4044056e+01
   881    1.4044077e+01
   882    1.4044097e+01
   883    1.4044118e+01
   884    1.4044138e+01
   885    1.4044159e+01
   886    1.4044179e+01
   887    1.4044200e+01
   888    1.4044220e+01
   889    1.4044240e+01
   890    1.4044260e+01
   891    1.4044281e+01
   892    1.4044301e+01
   893    1.4044321e+01
   894    1.4044341e+01
   895    1.4044361e+01
   896    1.4044381e+01
   897    1.4044401e+01
   898    1.4044421e+01
   899    1.4044440e+01
   900    1.4044460e+01
   901    1.4044480e+01
   902    1.4044500e+01
   903    1.4044519e+01
   904    1.4044539e+01
   905    1.4044558e+01
   906    1.4044578e+01
   907    1.4044597e+01
   908    1.4044617e+01
   909    1.4044636e+01
   910    1.4044656e+01
   911    1.4044675e+01
   912    1.4044694e+01
   913    1.4044713e+01
   914    1.4044733e+01
   915    1.4044752e+01
   916    1.4044771e+01
   917    1.4044790e+01
   918    1.4044809e+01
   919    1.4044828e+01
   920    1.4044847e+01
   921    1.4044866e+01
   922    1.4044884e+01
   923    1.4044903e+01
   924    1.4044922e+01
   925    1.4044941e+01
   926    1.4044959e+01
   927    1.4044978e+01
   928    1.4044997e+01
   929    1.4045015e+01
   930    1.4045034e+01
   931    1.4045052e+01
   932    1.4045071e+01
   933    1.4045089e+01
   934    1.4045107e+01
   935    1.4045126e+01
   936    1.4045144e+01
   937    1.4045162e+01
   938    1.4045180e+01
   939    1.4045199e+01
   940    1.4045217e+01
   941    1.4045235e+01
   942    1.4045253e+01
   943    1.4045271e+01
   944    1.4045289e+01
   945    1.4045307e+01
   946    1.4045325e+01
   947    1.4045343e+01
   948    1.4045360e+01
   949    1.4045378e+01
   950    1.4045396e+01
   951    1.4045414e+01
   952    1.4045431e+01
   953    1.4045449e+01
   954    1.4045467e+01
   955    1.4045484e+01
   956    1.4045502e+01
   957    1.4045519e+01
   958    1.4045537e+01
   959    1.4045554e+01
   960    1.4045571e+01
   961    1.4045589e+01
   962    1.4045606e+01
   963    1.4045623e+01
   964    1.4045640e+01
   965    1.4045658e+01
   966    1.4045675e+01
   967    1.4045692e+01
   968    1.4045709e+01
   969    1.4045726e+01
   970    1.4045743e+01
   971    1.4045760e+01
   972    1.4045777e+01
   973    1.4045794e+01
   974    1.4045811e+01
   975    1.4045828e+01
   976    1.4045845e+01
   977    1.4045861e+01
   978    1.4045878e+01
   979    1.4045895e+01
   980    1.4045911e+01
   981    1.4045928e+01
   982    1.4045945e+01
   983    1.4045961e+01
   984    1.4045978e+01
   985    1.4045994e+01
   986    1.4046011e+01
   987    1.4046027e+01
   988    1.4046044e+01
   989    1.4046060e+01
   990    1.4046076e+01
   991    1.4046093e+01
   992    1.4046109e+01
   993    1.4046125e+01
   994    1.4046141e+01
   995    1.4046158e+01
   996    1.4046174e+01
   997    1.4046190e+01
   998    1.4046206e+01
   999    1.4046222e+01
  1000    1.4046238e+01
  1001    1.4046254e+01
  1002    1.4046270e+01
  1003    1.4046286e+01
  1004    1.4046302e+01
  1005    1.4046318e+01
  1006    1.4046333e+01
  1007    1.4046349e+01
  1008    1.4046365e+01
  1009    1.4046381e+01
  1010    1.4046396e+01
  1011    1.4046412e+01
  1012    1.4046428e+01
  1013    1.4046443e+01
  1014    1.4046459e+01
  1015    1.4046474e+01
  1016    1.4046490e+01
  1017    1.4046505e+01
  1018    1.4046521e+01
  1019    1.4046536e+01
  1020    1.4046552e+01
  1021    1.4046567e+01
  1022    1.4046582e+01
  1023    1.4046598e+01
