         1    9.9999976e-01
         2    9.9999976e-01
         3    9.9999976e-01
         4    9.9999976e-01
         5    9.9999976e-01
         6    9.9999976e-01
         7    9.9999976e-01
         8    9.9999976e-01
         9    9.9999976e-01
        10    9.9999976e-01
        11    9.9999976e-01
        12    9.9999976e-01
        13    9.9999976e-01
        14    9.9999976e-01
        15    9.9999976e-01
        16    9.9999976e-01
        17    9.9999976e-01
        18    9.9999976e-01
        19    9.9999976e-01
        20    9.9999976e-01
        21    9.9999976e-01
        22    9.9999976e-01
        23    9.9999976e-01
        24    9.9999976e-01
        25    9.9999976e-01
        26    9.9999976e-01
        27    9.9999976e-01
        28    9.9999976e-01
        29    9.9999976e-01
        30    9.9999976e-01
        31    9.9999976e-01
        32    9.9999976e-01
        33    9.9999976e-01
        34    9.9999976e-01
        35    9.9999976e-01
        36    9.9999976e-01
        37    9.9999976e-01
        38    9.9999976e-01
        39    9.9999976e-01
        40    9.9999976e-01
        41    9.9999976e-01
        42    9.9999976e-01
        43    9.9999976e-01
        44    9.9999976e-01
        45    9.9999976e-01
        46    9.9999976e-01
        47    9.9999976e-01
        48    9.9999976e-01
        49    9.9999976e-01
        50    9.9999976e-01
        51    9.9999976e-01
        52    9.9999976e-01
        53    9.9999976e-01
        54    9.9999976e-01
        55    9.9999976e-01
        56    9.9999976e-01
        57    9.9999976e-01
        58    9.9999976e-01
        59    9.9999976e-01
        60    9.9999976e-01
        61    9.9999976e-01
        62    9.9999976e-01
        63    9.9999976e-01
        64    9.9999976e-01
        65    9.9999976e-01
        66    9.9999976e-01
        67    9.9999976e-01
        68    9.9999976e-01
        69    9.9999976e-01
        70    9.9999976e-01
        71    9.9999976e-01
        72    9.9999976e-01
        73    9.9999976e-01
        74    9.9999976e-01
        75    9.9999976e-01
        76    9.9999976e-01
        77    9.9999976e-01
        78    9.9999976e-01
        79    9.9999976e-01
        80    9.9999976e-01
        81    9.9999976e-01
        82    9.9999976e-01
        83    9.9999976e-01
        84    9.9999976e-01
        85    9.9999976e-01
        86    9.9999976e-01
        87    9.9999976e-01
        88    9.9999976e-01
        89    9.9999976e-01
        90    9.9999976e-01
        91    9.9999976e-01
        92    9.9999976e-01
        93    9.9999976e-01
        94    9.9999976e-01
        95    9.9999976e-01
        96    9.9999976e-01
        97    9.9999976e-01
        98    9.9999976e-01
        99    9.9999976e-01
       100    9.9999976e-01
       101    9.9999976e-01
       102    9.9999976e-01
       103    9.9999976e-01
       104    9.9999976e-01
       105    9.9999976e-01
       106    9.9999976e-01
       107    9.9999976e-01
       108    9.9999976e-01
       109    9.9999976e-01
       110    9.9999976e-01
       111    9.9999976e-01
       112    9.9999976e-01
       113    9.9999976e-01
       114    9.9999976e-01
       115    9.9999976e-01
       116    9.9999976e-01
       117    9.9999976e-01
       118    9.9999976e-01
       119    9.9999976e-01
       120    9.9999976e-01
       121    9.9999976e-01
       122    9.9999976e-01
       123    9.9999976e-01
       124    9.9999976e-01
       125    9.9999976e-01
       126    9.9999976e-01
       127    9.9999976e-01
       128    9.9999976e-01
       129    9.9999976e-01
       130    9.9999976e-01
       131    9.9999976e-01
       132    9.9999976e-01
       133    9.9999976e-01
       134    9.9999976e-01
       135    9.9999976e-01
       136    9.9999976e-01
       137    9.9999976e-01
       138    9.9999976e-01
       139    9.9999976e-01
       140    9.9999976e-01
       141    9.9999976e-01
       142    9.9999976e-01
       143    9.9999976e-01
       144    9.9999976e-01
       145    9.9999976e-01
       146    9.9999976e-01
       147    9.9999976e-01
       148    9.9999976e-01
       149    9.9999976e-01
       150    9.9999976e-01
       151    9.9999976e-01
       152    9.9999976e-01
       153    9.9999976e-01
       154    9.9999976e-01
       155    9.9999976e-01
       156    9.9999976e-01
       157    9.9999976e-01
       158    9.9999976e-01
       159    9.9999976e-01
       160    9.9999976e-01
       161    9.9999976e-01
       162    9.9999976e-01
       163    9.9999976e-01
       164    9.9999976e-01
       165    9.9999976e-01
       166    9.9999976e-01
       167    9.9999976e-01
       168    9.9999976e-01
       169    9.9999976e-01
       170    9.9999976e-01
       171    9.9999976e-01
       172    9.9999976e-01
       173    9.9999976e-01
       174    9.9999976e-01
       175    9.9999976e-01
       176    9.9999976e-01
       177    9.9999976e-01
       178    9.9999976e-01
       179    9.9999976e-01
       180    9.9999976e-01
       181    9.9999976e-01
       182    9.9999976e-01
       183    9.9999976e-01
       184    9.9999976e-01
       185    9.9999976e-01
       186    9.9999976e-01
       187    9.9999976e-01
       188    9.9999976e-01
       189    9.9999976e-01
       190    9.9999976e-01
       191    9.9999976e-01
       192    9.9999976e-01
       193    9.9999976e-01
       194    9.9999976e-01
       195    9.9999976e-01
       196    9.9999976e-01
       197    9.9999976e-01
       198    9.9999976e-01
       199    9.9999976e-01
       200    9.9999976e-01
       201    9.9999976e-01
       202    9.9999976e-01
       203    9.9999976e-01
       204    9.9999976e-01
       205    9.9999976e-01
       206    9.9999976e-01
       207    9.9999976e-01
       208    9.9999976e-01
       209    9.9999976e-01
       210    9.9999976e-01
       211    9.9999976e-01
       212    9.9999976e-01
       213    9.9999970e-01
       214    9.9999958e-01
       215    9.9999934e-01
       216    9.9999893e-01
       217    9.9999815e-01
       218    9.9999678e-01
       219    9.9999440e-01
       220    9.9999028e-01
       221    9.9998319e-01
       222    9.9997091e-01
       223    9.9994957e-01
       224    9.9991256e-01
       225    9.9984848e-01
       226    9.9973750e-01
       227    9.9954510e-01
       228    9.9921185e-01
       229    9.9863476e-01
       230    9.9763602e-01
       231    9.9590939e-01
       232    9.9292982e-01
       233    9.8780429e-01
       234    9.7903526e-01
       235    9.6417195e-01
       236    9.3937600e-01
       237    8.9909625e-01
       238    8.3645225e-01
       239    7.4547035e-01
       240    6.2598181e-01
       241    4.8868433e-01
       242    3.5344341e-01
       243    2.3882404e-01
       244    1.5310904e-01
       245    9.4628461e-02
       246    5.7110935e-02
       247    3.3962913e-02
       248    2.0017713e-02
       249    1.1735965e-02
       250    6.8590837e-03
       251    4.0014712e-03
       252    2.3319086e-03
       253    1.3581137e-03
       254    7.9069170e-04
       255    4.6024699e-04
       256    2.6787128e-04
       257    1.5589606e-04
       258    9.0725865e-05
       259    5.2798514e-05
       260    3.0726373e-05
       261    1.7881439e-05
       262    1.0406309e-05
       263    6.0561269e-06
       264    3.5245014e-06
       265    2.0511868e-06
       266    1.1937617e-06
       267    6.9476050e-07
       268    4.0435023e-07
       269    2.3533440e-07
       270    1.3696773e-07
       271    7.9717978e-08
       272    4.6398025e-08
       273    2.7005228e-08
       274    1.5718150e-08
       275    9.1487165e-09
       276    5.3250546e-09
       277    3.0995113e-09
       278    1.8041288e-09
       279    1.0501398e-09
       280    6.1126820e-10
       281    3.5581291e-10
       282    2.0711750e-10
       283    1.2056386e-10
       284    7.0181506e-11
       285    4.0853893e-11
       286    2.3782058e-11
       287    1.3844289e-11
       288    8.0592972e-12
       289    4.6916850e-12
       290    2.7312772e-12
       291    1.5900397e-12
       292    9.2566840e-13
       293    5.3890003e-13
       294    3.1373734e-13
       295    1.8265414e-13
       296    1.0634036e-13
       297    6.1911603e-14
       298    3.6045518e-14
       299    2.0986295e-14
       300    1.2218718e-14
       301    7.1141145e-15
       302    4.1421080e-15
       303    2.4117226e-15
       304    1.4042312e-15
       305    8.1762714e-16
       306    4.7607720e-16
       307    2.7720741e-16
       308    1.6141270e-16
       309    9.3988788e-17
       310    5.4729293e-17
       311    3.1869046e-17
       312    1.8557685e-17
       313    1.0806473e-17
       314    6.2928832e-18
       315    3.6645516e-18
       316    2.1340156e-18
       317    1.2427389e-18
       318    7.2371526e-19
       319    4.2146468e-19
       320    2.4544840e-19
       321    1.4294365e-19
       322    8.3248252e-20
       323    4.8483175e-20
       324    2.8236615e-20
       325    1.6445228e-20
       326    9.5779574e-21
       327    5.5784253e-21
       328    3.2490475e-21
       329    1.8923709e-21
       330    1.1022048e-21
       331    6.4198384e-22
       332    3.7393123e-22
       333    2.1780369e-22
       334    1.2686581e-22
       335    7.3897517e-23
       336    4.3044833e-23
       337    2.5073684e-23
       338    1.4605662e-23
       339    8.5080558e-24
       340    4.9561610e-24
       341    2.8871313e-24
       342    1.6818751e-24
       343    9.7977658e-25
       344    5.7077705e-25
       345    3.3251564e-25
       346    1.9371526e-25
       347    1.1285525e-25
       348    6.5748524e-26
       349    3.8305089e-26
       350    2.2316869e-26
       351    1.3002184e-26
       352    7.5754035e-27
       353    4.4136879e-27
       354    2.5716028e-27
       355    1.4983477e-27
       356    8.7302722e-28
       357    5.0868572e-28
       358    2.9639978e-28
       359    1.7270813e-28
       360    1.0063621e-28
       361    5.8641148e-29
       362    3.4170975e-29
       363    1.9912188e-29
       364    1.1603458e-29
       365    6.7618054e-30
       366    3.9404403e-30
       367    2.2963273e-30
       368    1.3382268e-30
       369    7.7988878e-31
       370    4.5450917e-31
       371    2.6488639e-31
       372    1.5437743e-31
       373    8.9973601e-32
       374    5.2438909e-32
       375    3.0563238e-32
       376    1.7813631e-32
       377    1.0382760e-32
       378    6.0517458e-33
       379    3.5274099e-33
       380    2.0560737e-33
       381    1.1984750e-33
       382    6.9859726e-34
       383    4.0722311e-34
       384    2.3738087e-34
       385    1.3837790e-34
       386    8.0666945e-35
       387    4.7025385e-35
       388    2.7414290e-35
       389    1.5981948e-35
       390    9.3173073e-36
       391    5.4319939e-36
       392    3.1669144e-36
       393    1.8463821e-36
       394    1.0765029e-36
       395    6.2764943e-37
       396    3.6595488e-37
       397    2.1337643e-37
       398    1.2441535e-37
       399    7.2545440e-38
       400    4.2301423e-38
       401    2.4666564e-38
       402    1.4383719e-38
       403    8.3876962e-39
       404    4.8912869e-39
       405    2.8524159e-39
       406    1.6634562e-39
       407    9.7010772e-40
       408    5.6576585e-40
       409    3.2996095e-40
       410    1.9244032e-40
       411    1.1223840e-40
       412    6.5463059e-41
       413    3.8181179e-41
       414    2.2270836e-41
       415    1.2990037e-41
       416    7.5768208e-42
       417    4.4182941e-42
       418    2.5769879e-42
       419    1.5021920e-42
       420    8.7581154e-43
       421    5.1007264e-43
       422    2.9707527e-43
       423    1.7235971e-43
       424    9.9492191e-44
       425    5.7453237e-44
       426    3.2229865e-44
       427    1.8216880e-44
       428    8.4077908e-45
       429    2.8025969e-45
       430    0.0000000e+00
       431    0.0000000e+00
       432    0.0000000e+00
       433    0.0000000e+00
       434    0.0000000e+00
       435    0.0000000e+00
       436    0.0000000e+00
       437    0.0000000e+00
       438    0.0000000e+00
       439    0.0000000e+00
       440    0.0000000e+00
       441    0.0000000e+00
       442    0.0000000e+00
       443    0.0000000e+00
       444    0.0000000e+00
       445    0.0000000e+00
       446    0.0000000e+00
       447    0.0000000e+00
       448    0.0000000e+00
       449    0.0000000e+00
       450    0.0000000e+00
       451    0.0000000e+00
       452    0.0000000e+00
       453    0.0000000e+00
       454    0.0000000e+00
       455    0.0000000e+00
       456    0.0000000e+00
       457    0.0000000e+00
       458    0.0000000e+00
       459    0.0000000e+00
       460    0.0000000e+00
       461    0.0000000e+00
       462    0.0000000e+00
       463    0.0000000e+00
       464    0.0000000e+00
       465    0.0000000e+00
       466    0.0000000e+00
       467    0.0000000e+00
       468    0.0000000e+00
       469    0.0000000e+00
       470    0.0000000e+00
       471    0.0000000e+00
       472    0.0000000e+00
       473    0.0000000e+00
       474    0.0000000e+00
       475    0.0000000e+00
       476    0.0000000e+00
       477    0.0000000e+00
       478    0.0000000e+00
       479    0.0000000e+00
       480    0.0000000e+00
       481    0.0000000e+00
       482    0.0000000e+00
       483    0.0000000e+00
       484    0.0000000e+00
       485    0.0000000e+00
       486    0.0000000e+00
       487    0.0000000e+00
       488    0.0000000e+00
       489    0.0000000e+00
       490    0.0000000e+00
       491    0.0000000e+00
       492    0.0000000e+00
       493    0.0000000e+00
       494    0.0000000e+00
       495    0.0000000e+00
       496    0.0000000e+00
       497    0.0000000e+00
       498    0.0000000e+00
       499    0.0000000e+00
       500    0.0000000e+00
       501    0.0000000e+00
       502    0.0000000e+00
       503    0.0000000e+00
       504    0.0000000e+00
       505    0.0000000e+00
       506    0.0000000e+00
       507    0.0000000e+00
       508    0.0000000e+00
       509    0.0000000e+00
       510    0.0000000e+00
       511    0.0000000e+00
       512    0.0000000e+00
