         1    9.9999976e-01
         2    9.9999976e-01
         3    9.9999976e-01
         4    9.9999976e-01
         5    9.9999976e-01
         6    9.9999976e-01
         7    9.9999976e-01
         8    9.9999976e-01
         9    9.9999976e-01
        10    9.9999976e-01
        11    9.9999976e-01
        12    9.9999976e-01
        13    9.9999976e-01
        14    9.9999976e-01
        15    9.9999976e-01
        16    9.9999976e-01
        17    9.9999976e-01
        18    9.9999976e-01
        19    9.9999976e-01
        20    9.9999976e-01
        21    9.9999976e-01
        22    9.9999976e-01
        23    9.9999976e-01
        24    9.9999976e-01
        25    9.9999976e-01
        26    9.9999976e-01
        27    9.9999976e-01
        28    9.9999976e-01
        29    9.9999976e-01
        30    9.9999976e-01
        31    9.9999976e-01
        32    9.9999976e-01
        33    9.9999976e-01
        34    9.9999976e-01
        35    9.9999976e-01
        36    9.9999976e-01
        37    9.9999976e-01
        38    9.9999976e-01
        39    9.9999976e-01
        40    9.9999976e-01
        41    9.9999976e-01
        42    9.9999976e-01
        43    9.9999976e-01
        44    9.9999976e-01
        45    9.9999976e-01
        46    9.9999976e-01
        47    9.9999976e-01
        48    9.9999976e-01
        49    9.9999976e-01
        50    9.9999976e-01
        51    9.9999976e-01
        52    9.9999976e-01
        53    9.9999976e-01
        54    9.9999976e-01
        55    9.9999976e-01
        56    9.9999976e-01
        57    9.9999976e-01
        58    9.9999976e-01
        59    9.9999976e-01
        60    9.9999976e-01
        61    9.9999976e-01
        62    9.9999976e-01
        63    9.9999976e-01
        64    9.9999976e-01
        65    9.9999976e-01
        66    9.9999976e-01
        67    9.9999976e-01
        68    9.9999976e-01
        69    9.9999976e-01
        70    9.9999976e-01
        71    9.9999976e-01
        72    9.9999976e-01
        73    9.9999976e-01
        74    9.9999976e-01
        75    9.9999976e-01
        76    9.9999976e-01
        77    9.9999976e-01
        78    9.9999976e-01
        79    9.9999976e-01
        80    9.9999976e-01
        81    9.9999976e-01
        82    9.9999976e-01
        83    9.9999976e-01
        84    9.9999976e-01
        85    9.9999976e-01
        86    9.9999976e-01
        87    9.9999976e-01
        88    9.9999976e-01
        89    9.9999976e-01
        90    9.9999976e-01
        91    9.9999976e-01
        92    9.9999976e-01
        93    9.9999976e-01
        94    9.9999976e-01
        95    9.9999976e-01
        96    9.9999976e-01
        97    9.9999976e-01
        98    9.9999976e-01
        99    9.9999976e-01
       100    9.9999976e-01
       101    9.9999976e-01
       102    9.9999976e-01
       103    9.9999976e-01
       104    9.9999976e-01
       105    9.9999976e-01
       106    9.9999976e-01
       107    9.9999976e-01
       108    9.9999976e-01
       109    9.9999976e-01
       110    9.9999976e-01
       111    9.9999976e-01
       112    9.9999976e-01
       113    9.9999976e-01
       114    9.9999976e-01
       115    9.9999976e-01
       116    9.9999976e-01
       117    9.9999976e-01
       118    9.9999976e-01
       119    9.9999976e-01
       120    9.9999976e-01
       121    9.9999976e-01
       122    9.9999976e-01
       123    9.9999976e-01
       124    9.9999976e-01
       125    9.9999976e-01
       126    9.9999976e-01
       127    9.9999976e-01
       128    9.9999976e-01
       129    9.9999976e-01
       130    9.9999976e-01
       131    9.9999976e-01
       132    9.9999976e-01
       133    9.9999976e-01
       134    9.9999976e-01
       135    9.9999976e-01
       136    9.9999976e-01
       137    9.9999976e-01
       138    9.9999976e-01
       139    9.9999976e-01
       140    9.9999976e-01
       141    9.9999976e-01
       142    9.9999976e-01
       143    9.9999976e-01
       144    9.9999976e-01
       145    9.9999976e-01
       146    9.9999976e-01
       147    9.9999976e-01
       148    9.9999976e-01
       149    9.9999976e-01
       150    9.9999976e-01
       151    9.9999976e-01
       152    9.9999976e-01
       153    9.9999976e-01
       154    9.9999976e-01
       155    9.9999976e-01
       156    9.9999976e-01
       157    9.9999976e-01
       158    9.9999976e-01
       159    9.9999976e-01
       160    9.9999976e-01
       161    9.9999976e-01
       162    9.9999976e-01
       163    9.9999976e-01
       164    9.9999976e-01
       165    9.9999976e-01
       166    9.9999976e-01
       167    9.9999976e-01
       168    9.9999976e-01
       169    9.9999976e-01
       170    9.9999976e-01
       171    9.9999976e-01
       172    9.9999976e-01
       173    9.9999976e-01
       174    9.9999976e-01
       175    9.9999976e-01
       176    9.9999976e-01
       177    9.9999976e-01
       178    9.9999976e-01
       179    9.9999976e-01
       180    9.9999976e-01
       181    9.9999976e-01
       182    9.9999976e-01
       183    9.9999976e-01
       184    9.9999976e-01
       185    9.9999976e-01
       186    9.9999976e-01
       187    9.9999976e-01
       188    9.9999964e-01
       189    9.9999946e-01
       190    9.9999905e-01
       191    9.9999839e-01
       192    9.9999714e-01
       193    9.9999511e-01
       194    9.9999154e-01
       195    9.9998540e-01
       196    9.9997467e-01
       197    9.9995607e-01
       198    9.9992388e-01
       199    9.9986809e-01
       200    9.9977142e-01
       201    9.9960393e-01
       202    9.9931377e-01
       203    9.9881124e-01
       204    9.9794149e-01
       205    9.9643731e-01
       206    9.9384028e-01
       207    9.8936868e-01
       208    9.8170578e-01
       209    9.6868068e-01
       210    9.4684678e-01
       211    9.1109341e-01
       212    8.5476172e-01
       213    7.7128929e-01
       214    6.5847433e-01
       215    5.2403527e-01
       216    3.8626090e-01
       217    2.6518163e-01
       218    1.7201279e-01
       219    1.0715631e-01
       220    6.4998545e-02
       221    3.8773611e-02
       222    2.2896007e-02
       223    1.3438557e-02
       224    7.8594834e-03
       225    4.5869830e-03
       226    2.6738173e-03
       227    1.5575089e-03
       228    9.0688845e-04
       229    5.2793161e-04
       230    3.0728843e-04
       231    1.7884851e-04
       232    1.0409024e-04
       233    6.0579965e-05
       234    3.5257170e-05
       235    2.0519568e-05
       236    1.1942442e-05
       237    6.9506132e-06
       238    4.0453751e-06
       239    2.3545099e-06
       240    1.3704033e-06
       241    7.9763214e-07
       242    4.6426214e-07
       243    2.7022801e-07
       244    1.5729101e-07
       245    9.1555393e-08
       246    5.3293029e-08
       247    3.1021543e-08
       248    1.8057721e-08
       249    1.0511602e-08
       250    6.1190137e-09
       251    3.5620538e-09
       252    2.0736051e-09
       253    1.2071414e-09
       254    7.0274336e-10
       255    4.0911174e-10
       256    2.3817362e-10
       257    1.3866025e-10
       258    8.0726627e-11
       259    4.6998960e-11
       260    2.7363162e-11
       261    1.5931288e-11
       262    9.2756029e-12
       263    5.4005750e-12
       264    3.1444482e-12
       265    1.8308619e-12
       266    1.0660395e-12
       267    6.2072287e-13
       268    3.6143386e-13
       269    2.1045859e-13
       270    1.2254939e-13
       271    7.1361238e-14
       272    4.1554718e-14
       273    2.4198313e-14
       274    1.4091480e-14
       275    8.2060637e-15
       276    4.7788125e-15
       277    2.7829918e-15
       278    1.6207301e-15
       279    9.4387899e-16
       280    5.4970395e-16
       281    3.2014616e-16
       282    1.8645526e-16
       283    1.0859453e-16
       284    6.3248208e-17
       285    3.6837953e-17
       286    2.1456049e-17
       287    1.2497152e-17
       288    7.2791298e-18
       289    4.2398937e-18
       290    2.4696623e-18
       291    1.4385578e-18
       292    8.3796177e-19
       293    4.8812197e-19
       294    2.8434114e-19
       295    1.6563736e-19
       296    9.6490418e-20
       297    5.6210496e-20
       298    3.2745977e-20
       299    1.9076817e-20
       300    1.1113767e-20
       301    6.4747659e-21
       302    3.7721968e-21
       303    2.1977191e-21
       304    1.2804350e-21
       305    7.4602008e-22
       306    4.3466145e-22
       307    2.5325580e-22
       308    1.4756228e-22
       309    8.5980317e-23
       310    5.0099168e-23
       311    2.9192400e-23
       312    1.7010495e-23
       313    9.9122455e-24
       314    5.7761050e-24
       315    3.3659381e-24
       316    1.9614861e-24
       317    1.1430689e-24
       318    6.6614339e-25
       319    3.8821401e-25
       320    2.2624706e-25
       321    1.3185694e-25
       322    7.6847785e-26
       323    4.4788663e-26
       324    2.6104375e-26
       325    1.5214825e-26
       326    8.8680723e-27
       327    5.1689236e-27
       328    3.0128647e-27
       329    1.7561754e-27
       330    1.0236816e-27
       331    5.9672031e-28
       332    3.4784486e-28
       333    2.0277264e-28
       334    1.1820671e-28
       335    6.8910279e-29
       336    4.0173078e-29
       337    2.3420459e-29
       338    1.3654162e-29
       339    7.9605674e-30
       340    4.6412233e-30
       341    2.7060166e-30
       342    1.5777495e-30
       343    9.1993106e-31
       344    5.3639204e-31
       345    3.1276571e-31
       346    1.8237524e-31
       347    1.0634637e-31
       348    6.2013969e-32
       349    3.6163176e-32
       350    2.1088895e-32
       351    1.2298481e-32
       352    7.1723185e-33
       353    4.1829066e-33
       354    2.4395369e-33
       355    1.4228116e-33
       356    8.2984731e-34
       357    4.8401623e-34
       358    2.8231418e-34
       359    1.6467080e-34
       360    9.6053185e-35
       361    5.6029697e-35
       362    3.2684081e-35
       363    1.9066276e-35
       364    1.1122622e-35
       365    6.4887389e-36
       366    3.7855183e-36
       367    2.2085258e-36
       368    1.2885220e-36
       369    7.5178474e-37
       370    4.3863942e-37
       371    2.5593777e-37
       372    1.4933922e-37
       373    8.7141746e-38
       374    5.0850083e-38
       375    2.9673602e-38
       376    1.7316584e-38
       377    1.0105727e-38
       378    5.8977541e-39
       379    3.4420683e-39
       380    2.0089365e-39
       381    1.1725379e-39
       382    6.8438716e-40
       383    3.9947656e-40
       384    2.3318307e-40
       385    1.3611653e-40
       386    7.9459228e-41
       387    4.6385782e-41
       388    2.7080093e-41
       389    1.5809449e-41
       390    9.2303530e-42
       391    5.3879926e-42
       392    3.1459151e-42
       393    1.8371023e-42
       394    1.0719933e-42
       395    6.2497912e-43
       396    3.6433760e-43
       397    2.1159607e-43
       398    1.2331426e-43
       399    7.0064923e-44
       400    3.9236357e-44
       401    2.2420775e-44
       402    1.1210388e-44
       403    5.6051939e-45
       404    1.4012985e-45
       405    0.0000000e+00
       406    0.0000000e+00
       407    0.0000000e+00
       408    0.0000000e+00
       409    0.0000000e+00
       410    0.0000000e+00
       411    0.0000000e+00
       412    0.0000000e+00
       413    0.0000000e+00
       414    0.0000000e+00
       415    0.0000000e+00
       416    0.0000000e+00
       417    0.0000000e+00
       418    0.0000000e+00
       419    0.0000000e+00
       420    0.0000000e+00
       421    0.0000000e+00
       422    0.0000000e+00
       423    0.0000000e+00
       424    0.0000000e+00
       425    0.0000000e+00
       426    0.0000000e+00
       427    0.0000000e+00
       428    0.0000000e+00
       429    0.0000000e+00
       430    0.0000000e+00
       431    0.0000000e+00
       432    0.0000000e+00
       433    0.0000000e+00
       434    0.0000000e+00
       435    0.0000000e+00
       436    0.0000000e+00
       437    0.0000000e+00
       438    0.0000000e+00
       439    0.0000000e+00
       440    0.0000000e+00
       441    0.0000000e+00
       442    0.0000000e+00
       443    0.0000000e+00
       444    0.0000000e+00
       445    0.0000000e+00
       446    0.0000000e+00
       447    0.0000000e+00
       448    0.0000000e+00
       449    0.0000000e+00
       450    0.0000000e+00
       451    0.0000000e+00
       452    0.0000000e+00
       453    0.0000000e+00
       454    0.0000000e+00
       455    0.0000000e+00
       456    0.0000000e+00
       457    0.0000000e+00
       458    0.0000000e+00
       459    0.0000000e+00
       460    0.0000000e+00
       461    0.0000000e+00
       462    0.0000000e+00
       463    0.0000000e+00
       464    0.0000000e+00
       465    0.0000000e+00
       466    0.0000000e+00
       467    0.0000000e+00
       468    0.0000000e+00
       469    0.0000000e+00
       470    0.0000000e+00
       471    0.0000000e+00
       472    0.0000000e+00
       473    0.0000000e+00
       474    0.0000000e+00
       475    0.0000000e+00
       476    0.0000000e+00
       477    0.0000000e+00
       478    0.0000000e+00
       479    0.0000000e+00
       480    0.0000000e+00
       481    0.0000000e+00
       482    0.0000000e+00
       483    0.0000000e+00
       484    0.0000000e+00
       485    0.0000000e+00
       486    0.0000000e+00
       487    0.0000000e+00
       488    0.0000000e+00
       489    0.0000000e+00
       490    0.0000000e+00
       491    0.0000000e+00
       492    0.0000000e+00
       493    0.0000000e+00
       494    0.0000000e+00
       495    0.0000000e+00
       496    0.0000000e+00
       497    0.0000000e+00
       498    0.0000000e+00
       499    0.0000000e+00
       500    0.0000000e+00
       501    0.0000000e+00
       502    0.0000000e+00
       503    0.0000000e+00
       504    0.0000000e+00
       505    0.0000000e+00
       506    0.0000000e+00
       507    0.0000000e+00
       508    0.0000000e+00
       509    0.0000000e+00
       510    0.0000000e+00
       511    0.0000000e+00
       512    0.0000000e+00
