         1    9.9999976e-01
         2    9.9999976e-01
         3    9.9999976e-01
         4    9.9999976e-01
         5    9.9999976e-01
         6    9.9999976e-01
         7    9.9999976e-01
         8    9.9999976e-01
         9    9.9999976e-01
        10    9.9999976e-01
        11    9.9999976e-01
        12    9.9999976e-01
        13    9.9999976e-01
        14    9.9999976e-01
        15    9.9999976e-01
        16    9.9999976e-01
        17    9.9999976e-01
        18    9.9999976e-01
        19    9.9999976e-01
        20    9.9999976e-01
        21    9.9999976e-01
        22    9.9999976e-01
        23    9.9999976e-01
        24    9.9999976e-01
        25    9.9999976e-01
        26    9.9999976e-01
        27    9.9999976e-01
        28    9.9999976e-01
        29    9.9999976e-01
        30    9.9999976e-01
        31    9.9999976e-01
        32    9.9999976e-01
        33    9.9999976e-01
        34    9.9999976e-01
        35    9.9999976e-01
        36    9.9999976e-01
        37    9.9999976e-01
        38    9.9999976e-01
        39    9.9999976e-01
        40    9.9999976e-01
        41    9.9999976e-01
        42    9.9999976e-01
        43    9.9999976e-01
        44    9.9999976e-01
        45    9.9999976e-01
        46    9.9999976e-01
        47    9.9999976e-01
        48    9.9999976e-01
        49    9.9999976e-01
        50    9.9999976e-01
        51    9.9999976e-01
        52    9.9999976e-01
        53    9.9999976e-01
        54    9.9999976e-01
        55    9.9999976e-01
        56    9.9999976e-01
        57    9.9999976e-01
        58    9.9999976e-01
        59    9.9999976e-01
        60    9.9999976e-01
        61    9.9999976e-01
        62    9.9999976e-01
        63    9.9999976e-01
        64    9.9999976e-01
        65    9.9999976e-01
        66    9.9999976e-01
        67    9.9999976e-01
        68    9.9999976e-01
        69    9.9999976e-01
        70    9.9999976e-01
        71    9.9999976e-01
        72    9.9999976e-01
        73    9.9999976e-01
        74    9.9999976e-01
        75    9.9999976e-01
        76    9.9999976e-01
        77    9.9999976e-01
        78    9.9999976e-01
        79    9.9999976e-01
        80    9.9999976e-01
        81    9.9999976e-01
        82    9.9999976e-01
        83    9.9999976e-01
        84    9.9999976e-01
        85    9.9999976e-01
        86    9.9999976e-01
        87    9.9999976e-01
        88    9.9999976e-01
        89    9.9999976e-01
        90    9.9999976e-01
        91    9.9999976e-01
        92    9.9999976e-01
        93    9.9999976e-01
        94    9.9999976e-01
        95    9.9999976e-01
        96    9.9999976e-01
        97    9.9999976e-01
        98    9.9999976e-01
        99    9.9999976e-01
       100    9.9999976e-01
       101    9.9999976e-01
       102    9.9999976e-01
       103    9.9999976e-01
       104    9.9999976e-01
       105    9.9999976e-01
       106    9.9999976e-01
       107    9.9999976e-01
       108    9.9999976e-01
       109    9.9999976e-01
       110    9.9999976e-01
       111    9.9999976e-01
       112    9.9999976e-01
       113    9.9999976e-01
       114    9.9999976e-01
       115    9.9999976e-01
       116    9.9999976e-01
       117    9.9999976e-01
       118    9.9999976e-01
       119    9.9999976e-01
       120    9.9999976e-01
       121    9.9999976e-01
       122    9.9999976e-01
       123    9.9999976e-01
       124    9.9999976e-01
       125    9.9999976e-01
       126    9.9999976e-01
       127    9.9999976e-01
       128    9.9999976e-01
       129    9.9999976e-01
       130    9.9999976e-01
       131    9.9999976e-01
       132    9.9999976e-01
       133    9.9999976e-01
       134    9.9999976e-01
       135    9.9999976e-01
       136    9.9999976e-01
       137    9.9999976e-01
       138    9.9999976e-01
       139    9.9999976e-01
       140    9.9999976e-01
       141    9.9999976e-01
       142    9.9999976e-01
       143    9.9999976e-01
       144    9.9999976e-01
       145    9.9999964e-01
       146    9.9999946e-01
       147    9.9999911e-01
       148    9.9999851e-01
       149    9.9999738e-01
       150    9.9999553e-01
       151    9.9999225e-01
       152    9.9998659e-01
       153    9.9997681e-01
       154    9.9995977e-01
       155    9.9993032e-01
       156    9.9987924e-01
       157    9.9979079e-01
       158    9.9963754e-01
       159    9.9937201e-01
       160    9.9891222e-01
       161    9.9811637e-01
       162    9.9673992e-01
       163    9.9436283e-01
       164    9.9026787e-01
       165    9.8324430e-01
       166    9.7128707e-01
       167    9.5118850e-01
       168    9.1812462e-01
       169    8.6563492e-01
       170    7.8692824e-01
       171    6.7869824e-01
       172    5.4677081e-01
       173    4.0807906e-01
       174    2.8320727e-01
       175    1.8521544e-01
       176    1.1603224e-01
       177    7.0639290e-02
       178    4.2234648e-02
       179    2.4974931e-02
       180    1.4671611e-02
       181    8.5854288e-03
       182    5.0125383e-03
       183    2.9226651e-03
       184    1.7028222e-03
       185    9.9167798e-04
       186    5.7738594e-04
       187    3.3612773e-04
       188    1.9566505e-04
       189    1.1389624e-04
       190    6.6298293e-05
       191    3.8592028e-05
       192    2.2464588e-05
       193    1.3076960e-05
       194    7.6124375e-06
       195    4.4314911e-06
       196    2.5797974e-06
       197    1.5018659e-06
       198    8.7435268e-07
       199    5.0904032e-07
       200    2.9636558e-07
       201    1.7254942e-07
       202    1.0046374e-07
       203    5.8494546e-08
       204    3.4058974e-08
       205    1.9831608e-08
       206    1.1547675e-08
       207    6.7242114e-09
       208    3.9156012e-09
       209    2.2801625e-09
       210    1.3278330e-09
       211    7.7327039e-10
       212    4.5032875e-10
       213    2.6226377e-10
       214    1.5274160e-10
       215    8.8958362e-11
       216    5.1811555e-11
       217    3.0177062e-11
       218    1.7576718e-11
       219    1.0237859e-11
       220    5.9633604e-12
       221    3.4736302e-12
       222    2.0234233e-12
       223    1.1786926e-12
       224    6.8663364e-13
       225    4.0000035e-13
       226    2.3302711e-13
       227    1.3575735e-13
       228    7.9091742e-14
       229    4.6079724e-14
       230    2.6847233e-14
       231    1.5642286e-14
       232    9.1140627e-15
       233    5.3104942e-15
       234    3.0943473e-15
       235    1.8030773e-15
       236    1.0506813e-15
       237    6.1226427e-16
       238    3.5679460e-16
       239    2.0792615e-16
       240    1.2117456e-16
       241    7.0619632e-17
       242    4.1157695e-17
       243    2.3987690e-17
       244    1.3980980e-17
       245    8.1488937e-18
       246    4.7497596e-18
       247    2.7685774e-18
       248    1.6138152e-18
       249    9.4072604e-19
       250    5.4838399e-19
       251    3.1968238e-19
       252    1.8636532e-19
       253    1.0864857e-19
       254    6.3342557e-20
       255    3.6930047e-20
       256    2.1531633e-20
       257    1.2554140e-20
       258    7.3199814e-21
       259    4.2682128e-21
       260    2.4888310e-21
       261    1.4513029e-21
       262    8.4631926e-22
       263    4.9354173e-22
       264    2.8782417e-22
       265    1.6785891e-22
       266    9.7898364e-23
       267    5.7097954e-23
       268    3.3302729e-23
       269    1.9424657e-23
       270    1.1330300e-23
       271    6.6091252e-24
       272    3.8553277e-24
       273    2.2490207e-24
       274    1.3120205e-24
       275    7.6542562e-25
       276    4.4656085e-25
       277    2.6053965e-25
       278    1.5201367e-25
       279    8.8696661e-26
       280    5.1754471e-26
       281    3.0199842e-26
       282    1.7622918e-26
       283    1.0284130e-26
       284    6.0016958e-27
       285    3.5026549e-27
       286    2.0442681e-27
       287    1.1931518e-27
       288    6.9641983e-28
       289    4.0650353e-28
       290    2.3728783e-28
       291    1.3851759e-28
       292    8.0863557e-29
       293    4.7208425e-29
       294    2.7561643e-29
       295    1.6091996e-29
       296    9.3958110e-30
       297    5.4862853e-30
       298    3.2036314e-30
       299    1.8707987e-30
       300    1.0925271e-30
       301    6.3805528e-31
       302    3.7265390e-31
       303    2.1765799e-31
       304    1.2713510e-31
       305    7.4264042e-32
       306    4.3382471e-32
       307    2.5343873e-32
       308    1.4806590e-32
       309    8.6508905e-33
       310    5.0546455e-33
       311    2.9535554e-33
       312    1.7259352e-33
       313    1.0086239e-33
       314    5.8946744e-34
       315    3.4452174e-34
       316    2.0137251e-34
       317    1.1770934e-34
       318    6.8809657e-35
       319    4.0226852e-35
       320    2.3518597e-35
       321    1.3751054e-35
       322    8.0406346e-36
       323    4.7019175e-36
       324    2.7497330e-36
       325    1.6081904e-36
       326    9.4062480e-37
       327    5.5020937e-37
       328    3.2186424e-37
       329    1.8830041e-37
       330    1.1017021e-37
       331    6.4463233e-38
       332    3.7722080e-38
       333    2.2075746e-38
       334    1.2920283e-38
       335    7.5625121e-39
       336    4.4268840e-39
       337    2.5916062e-39
       338    1.5173260e-39
       339    8.8844144e-40
       340    5.2025728e-40
       341    3.0468292e-40
       342    1.7845116e-40
       343    1.0452706e-40
       344    6.1232539e-41
       345    3.5873241e-41
       346    2.1018076e-41
       347    1.2316012e-41
       348    7.2166871e-42
       349    4.2291188e-42
       350    2.4788970e-42
       351    1.4517452e-42
       352    8.5058817e-43
       353    4.9746095e-43
       354    2.9147008e-43
       355    1.6955711e-43
       356    9.8090893e-44
       357    5.7453237e-44
       358    3.2229865e-44
       359    1.8216880e-44
       360    8.4077908e-45
       361    2.8025969e-45
       362    0.0000000e+00
       363    0.0000000e+00
       364    0.0000000e+00
       365    0.0000000e+00
       366    0.0000000e+00
       367    0.0000000e+00
       368    0.0000000e+00
       369    0.0000000e+00
       370    0.0000000e+00
       371    0.0000000e+00
       372    0.0000000e+00
       373    0.0000000e+00
       374    0.0000000e+00
       375    0.0000000e+00
       376    0.0000000e+00
       377    0.0000000e+00
       378    0.0000000e+00
       379    0.0000000e+00
       380    0.0000000e+00
       381    0.0000000e+00
       382    0.0000000e+00
       383    0.0000000e+00
       384    0.0000000e+00
       385    0.0000000e+00
       386    0.0000000e+00
       387    0.0000000e+00
       388    0.0000000e+00
       389    0.0000000e+00
       390    0.0000000e+00
       391    0.0000000e+00
       392    0.0000000e+00
       393    0.0000000e+00
       394    0.0000000e+00
       395    0.0000000e+00
       396    0.0000000e+00
       397    0.0000000e+00
       398    0.0000000e+00
       399    0.0000000e+00
       400    0.0000000e+00
       401    0.0000000e+00
       402    0.0000000e+00
       403    0.0000000e+00
       404    0.0000000e+00
       405    0.0000000e+00
       406    0.0000000e+00
       407    0.0000000e+00
       408    0.0000000e+00
       409    0.0000000e+00
       410    0.0000000e+00
       411    0.0000000e+00
       412    0.0000000e+00
       413    0.0000000e+00
       414    0.0000000e+00
       415    0.0000000e+00
       416    0.0000000e+00
       417    0.0000000e+00
       418    0.0000000e+00
       419    0.0000000e+00
       420    0.0000000e+00
       421    0.0000000e+00
       422    0.0000000e+00
       423    0.0000000e+00
       424    0.0000000e+00
       425    0.0000000e+00
       426    0.0000000e+00
       427    0.0000000e+00
       428    0.0000000e+00
       429    0.0000000e+00
       430    0.0000000e+00
       431    0.0000000e+00
       432    0.0000000e+00
       433    0.0000000e+00
       434    0.0000000e+00
       435    0.0000000e+00
       436    0.0000000e+00
       437    0.0000000e+00
       438    0.0000000e+00
       439    0.0000000e+00
       440    0.0000000e+00
       441    0.0000000e+00
       442    0.0000000e+00
       443    0.0000000e+00
       444    0.0000000e+00
       445    0.0000000e+00
       446    0.0000000e+00
       447    0.0000000e+00
       448    0.0000000e+00
       449    0.0000000e+00
       450    0.0000000e+00
       451    0.0000000e+00
       452    0.0000000e+00
       453    0.0000000e+00
       454    0.0000000e+00
       455    0.0000000e+00
       456    0.0000000e+00
       457    0.0000000e+00
       458    0.0000000e+00
       459    0.0000000e+00
       460    0.0000000e+00
       461    0.0000000e+00
       462    0.0000000e+00
       463    0.0000000e+00
       464    0.0000000e+00
       465    0.0000000e+00
       466    0.0000000e+00
       467    0.0000000e+00
       468    0.0000000e+00
       469    0.0000000e+00
       470    0.0000000e+00
       471    0.0000000e+00
       472    0.0000000e+00
       473    0.0000000e+00
       474    0.0000000e+00
       475    0.0000000e+00
       476    0.0000000e+00
       477    0.0000000e+00
       478    0.0000000e+00
       479    0.0000000e+00
       480    0.0000000e+00
       481    0.0000000e+00
       482    0.0000000e+00
       483    0.0000000e+00
       484    0.0000000e+00
       485    0.0000000e+00
       486    0.0000000e+00
       487    0.0000000e+00
       488    0.0000000e+00
       489    0.0000000e+00
       490    0.0000000e+00
       491    0.0000000e+00
       492    0.0000000e+00
       493    0.0000000e+00
       494    0.0000000e+00
       495    0.0000000e+00
       496    0.0000000e+00
       497    0.0000000e+00
       498    0.0000000e+00
       499    0.0000000e+00
       500    0.0000000e+00
       501    0.0000000e+00
       502    0.0000000e+00
       503    0.0000000e+00
       504    0.0000000e+00
       505    0.0000000e+00
       506    0.0000000e+00
       507    0.0000000e+00
       508    0.0000000e+00
       509    0.0000000e+00
       510    0.0000000e+00
       511    0.0000000e+00
       512    0.0000000e+00
