         1    9.9999976e-01
         2    9.9999976e-01
         3    9.9999976e-01
         4    9.9999976e-01
         5    9.9999976e-01
         6    9.9999976e-01
         7    9.9999976e-01
         8    9.9999976e-01
         9    9.9999976e-01
        10    9.9999976e-01
        11    9.9999976e-01
        12    9.9999976e-01
        13    9.9999976e-01
        14    9.9999976e-01
        15    9.9999976e-01
        16    9.9999976e-01
        17    9.9999976e-01
        18    9.9999976e-01
        19    9.9999976e-01
        20    9.9999976e-01
        21    9.9999976e-01
        22    9.9999976e-01
        23    9.9999976e-01
        24    9.9999976e-01
        25    9.9999976e-01
        26    9.9999976e-01
        27    9.9999976e-01
        28    9.9999976e-01
        29    9.9999976e-01
        30    9.9999976e-01
        31    9.9999976e-01
        32    9.9999976e-01
        33    9.9999976e-01
        34    9.9999976e-01
        35    9.9999976e-01
        36    9.9999976e-01
        37    9.9999976e-01
        38    9.9999976e-01
        39    9.9999976e-01
        40    9.9999976e-01
        41    9.9999976e-01
        42    9.9999976e-01
        43    9.9999976e-01
        44    9.9999976e-01
        45    9.9999976e-01
        46    9.9999976e-01
        47    9.9999976e-01
        48    9.9999976e-01
        49    9.9999976e-01
        50    9.9999976e-01
        51    9.9999976e-01
        52    9.9999976e-01
        53    9.9999976e-01
        54    9.9999976e-01
        55    9.9999976e-01
        56    9.9999976e-01
        57    9.9999976e-01
        58    9.9999976e-01
        59    9.9999976e-01
        60    9.9999976e-01
        61    9.9999976e-01
        62    9.9999976e-01
        63    9.9999976e-01
        64    9.9999976e-01
        65    9.9999976e-01
        66    9.9999976e-01
        67    9.9999976e-01
        68    9.9999976e-01
        69    9.9999976e-01
        70    9.9999976e-01
        71    9.9999976e-01
        72    9.9999976e-01
        73    9.9999976e-01
        74    9.9999976e-01
        75    9.9999976e-01
        76    9.9999976e-01
        77    9.9999976e-01
        78    9.9999976e-01
        79    9.9999976e-01
        80    9.9999976e-01
        81    9.9999976e-01
        82    9.9999976e-01
        83    9.9999976e-01
        84    9.9999976e-01
        85    9.9999976e-01
        86    9.9999976e-01
        87    9.9999976e-01
        88    9.9999976e-01
        89    9.9999976e-01
        90    9.9999976e-01
        91    9.9999976e-01
        92    9.9999976e-01
        93    9.9999976e-01
        94    9.9999976e-01
        95    9.9999976e-01
        96    9.9999976e-01
        97    9.9999976e-01
        98    9.9999976e-01
        99    9.9999976e-01
       100    9.9999976e-01
       101    9.9999976e-01
       102    9.9999976e-01
       103    9.9999976e-01
       104    9.9999976e-01
       105    9.9999976e-01
       106    9.9999976e-01
       107    9.9999976e-01
       108    9.9999976e-01
       109    9.9999976e-01
       110    9.9999976e-01
       111    9.9999976e-01
       112    9.9999976e-01
       113    9.9999976e-01
       114    9.9999976e-01
       115    9.9999976e-01
       116    9.9999976e-01
       117    9.9999976e-01
       118    9.9999976e-01
       119    9.9999976e-01
       120    9.9999976e-01
       121    9.9999976e-01
       122    9.9999976e-01
       123    9.9999976e-01
       124    9.9999976e-01
       125    9.9999976e-01
       126    9.9999976e-01
       127    9.9999976e-01
       128    9.9999976e-01
       129    9.9999976e-01
       130    9.9999976e-01
       131    9.9999976e-01
       132    9.9999976e-01
       133    9.9999976e-01
       134    9.9999976e-01
       135    9.9999976e-01
       136    9.9999970e-01
       137    9.9999958e-01
       138    9.9999928e-01
       139    9.9999881e-01
       140    9.9999797e-01
       141    9.9999654e-01
       142    9.9999398e-01
       143    9.9998951e-01
       144    9.9998182e-01
       145    9.9996853e-01
       146    9.9994546e-01
       147    9.9990553e-01
       148    9.9983633e-01
       149    9.9971640e-01
       150    9.9950868e-01
       151    9.9914891e-01
       152    9.9852610e-01
       153    9.9744838e-01
       154    9.9558598e-01
       155    9.9237347e-01
       156    9.8685127e-01
       157    9.7741407e-01
       158    9.6144766e-01
       159    9.3489140e-01
       160    8.9196354e-01
       161    8.2572132e-01
       162    7.3064768e-01
       163    6.0783476e-01
       164    4.6956560e-01
       165    3.3624786e-01
       166    2.2537433e-01
       167    1.4365092e-01
       168    8.8445693e-02
       169    5.3254519e-02
       170    3.1626232e-02
       171    1.8626444e-02
       172    1.0916214e-02
       173    6.3790749e-03
       174    3.7214437e-03
       175    2.1689129e-03
       176    1.2633703e-03
       177    7.3566934e-04
       178    4.2831161e-04
       179    2.4934355e-04
       180    1.4515048e-04
       181    8.4495383e-05
       182    4.9186827e-05
       183    2.8633212e-05
       184    1.6668600e-05
       185    9.7037027e-06
       186    5.6491854e-06
       187    3.2888549e-06
       188    1.9147603e-06
       189    1.1147953e-06
       190    6.4906311e-07
       191    3.7791131e-07
       192    2.2004122e-07
       193    1.2812369e-07
       194    7.4604678e-08
       195    4.3442419e-08
       196    2.5297245e-08
       197    1.4731392e-08
       198    8.5787830e-09
       199    4.9959601e-09
       200    2.9095355e-09
       201    1.6944929e-09
       202    9.8688668e-10
       203    5.7478616e-10
       204    3.3477793e-10
       205    1.9499295e-10
       206    1.1357757e-10
       207    6.6157316e-11
       208    3.8536722e-11
       209    2.2448295e-11
       210    1.3076867e-11
       211    7.6179098e-12
       212    4.4379227e-12
       213    2.5854462e-12
       214    1.5062712e-12
       215    8.7757216e-13
       216    5.1129847e-13
       217    2.9790526e-13
       218    1.7357773e-13
       219    1.0113977e-13
       220    5.8933490e-14
       221    3.4341135e-14
       222    2.0011492e-14
       223    1.1661563e-14
       224    6.7958919e-15
       225    3.9604885e-15
       226    2.3081478e-15
       227    1.3452135e-15
       228    7.8402794e-16
       229    4.5696686e-16
       230    2.6634882e-16
       231    1.5524939e-16
       232    9.0494472e-17
       233    5.2750598e-17
       234    3.0750062e-17
       235    1.7925773e-17
       236    1.0450166e-17
       237    6.0923114e-18
       238    3.5518499e-18
       239    2.0708127e-18
       240    1.2073714e-18
       241    7.0397113e-19
       242    4.1047140e-19
       243    2.3934541e-19
       244    1.3956660e-19
       245    8.1386501e-20
       246    4.7461094e-20
       247    2.7678194e-20
       248    1.6141819e-20
       249    9.4141708e-21
       250    5.4906872e-21
       251    3.2024806e-21
       252    1.8679344e-21
       253    1.0895625e-21
       254    6.3556249e-22
       255    3.7074910e-22
       256    2.1628074e-22
       257    1.2617453e-22
       258    7.3610832e-23
       259    4.2946537e-23
       260    2.5057119e-23
       261    1.4620119e-23
       262    8.5307560e-24
       263    4.9778441e-24
       264    2.9047742e-24
       265    1.6951221e-24
       266    9.8925268e-25
       267    5.7733969e-25
       268    3.3695641e-25
       269    1.9666830e-25
       270    1.1479252e-25
       271    6.7005685e-26
       272    3.9113687e-26
       273    2.2833114e-26
       274    1.3329720e-26
       275    7.7820997e-27
       276    4.5435218e-27
       277    2.6528260e-27
       278    1.5489790e-27
       279    9.0448883e-28
       280    5.2818022e-28
       281    3.0844847e-28
       282    1.8013784e-28
       283    1.0520816e-28
       284    6.1449226e-29
       285    3.5892714e-29
       286    2.0966183e-29
       287    1.2247742e-29
       288    7.1551156e-30
       289    4.1802441e-30
       290    2.4423694e-30
       291    1.4270732e-30
       292    8.3388610e-31
       293    4.8729639e-31
       294    2.8477782e-31
       295    1.6643554e-31
       296    9.7277718e-32
       297    5.6860225e-32
       298    3.3237793e-32
       299    1.9430531e-32
       300    1.1359694e-32
       301    6.6416885e-33
       302    3.8834789e-33
       303    2.2708815e-33
       304    1.3280048e-33
       305    7.7667097e-34
       306    4.5426295e-34
       307    2.6571191e-34
       308    1.5543499e-34
       309    9.0932943e-35
       310    5.3202140e-35
       311    3.1129553e-35
       312    1.8216010e-35
       313    1.0660336e-35
       314    6.2391644e-36
       315    3.6519138e-36
       316    2.1377347e-36
       317    1.2514887e-36
       318    7.3272412e-37
       319    4.2903737e-37
       320    2.5124151e-37
       321    1.4713971e-37
       322    8.6180926e-38
       323    5.0481900e-38
       324    2.9573586e-38
       325    1.7326726e-38
       326    1.0152514e-38
       327    5.9494340e-39
       328    3.4867669e-39
       329    2.0436929e-39
       330    1.1979911e-39
       331    7.0232378e-40
       332    4.1178136e-40
       333    2.4145774e-40
       334    1.4159841e-40
       335    8.3046552e-41
       336    4.8710536e-41
       337    2.8573877e-41
       338    1.6763734e-41
       339    9.8357139e-42
       340    5.7705471e-42
       341    3.3855371e-42
       342    1.9856399e-42
       343    1.1644790e-42
       344    6.8243235e-43
       345    4.0077136e-43
       346    2.3401684e-43
       347    1.3592595e-43
       348    7.9874012e-44
       349    4.4841551e-44
       350    2.5223372e-44
       351    1.2611686e-44
       352    5.6051939e-45
       353    1.4012985e-45
       354    0.0000000e+00
       355    0.0000000e+00
       356    0.0000000e+00
       357    0.0000000e+00
       358    0.0000000e+00
       359    0.0000000e+00
       360    0.0000000e+00
       361    0.0000000e+00
       362    0.0000000e+00
       363    0.0000000e+00
       364    0.0000000e+00
       365    0.0000000e+00
       366    0.0000000e+00
       367    0.0000000e+00
       368    0.0000000e+00
       369    0.0000000e+00
       370    0.0000000e+00
       371    0.0000000e+00
       372    0.0000000e+00
       373    0.0000000e+00
       374    0.0000000e+00
       375    0.0000000e+00
       376    0.0000000e+00
       377    0.0000000e+00
       378    0.0000000e+00
       379    0.0000000e+00
       380    0.0000000e+00
       381    0.0000000e+00
       382    0.0000000e+00
       383    0.0000000e+00
       384    0.0000000e+00
       385    0.0000000e+00
       386    0.0000000e+00
       387    0.0000000e+00
       388    0.0000000e+00
       389    0.0000000e+00
       390    0.0000000e+00
       391    0.0000000e+00
       392    0.0000000e+00
       393    0.0000000e+00
       394    0.0000000e+00
       395    0.0000000e+00
       396    0.0000000e+00
       397    0.0000000e+00
       398    0.0000000e+00
       399    0.0000000e+00
       400    0.0000000e+00
       401    0.0000000e+00
       402    0.0000000e+00
       403    0.0000000e+00
       404    0.0000000e+00
       405    0.0000000e+00
       406    0.0000000e+00
       407    0.0000000e+00
       408    0.0000000e+00
       409    0.0000000e+00
       410    0.0000000e+00
       411    0.0000000e+00
       412    0.0000000e+00
       413    0.0000000e+00
       414    0.0000000e+00
       415    0.0000000e+00
       416    0.0000000e+00
       417    0.0000000e+00
       418    0.0000000e+00
       419    0.0000000e+00
       420    0.0000000e+00
       421    0.0000000e+00
       422    0.0000000e+00
       423    0.0000000e+00
       424    0.0000000e+00
       425    0.0000000e+00
       426    0.0000000e+00
       427    0.0000000e+00
       428    0.0000000e+00
       429    0.0000000e+00
       430    0.0000000e+00
       431    0.0000000e+00
       432    0.0000000e+00
       433    0.0000000e+00
       434    0.0000000e+00
       435    0.0000000e+00
       436    0.0000000e+00
       437    0.0000000e+00
       438    0.0000000e+00
       439    0.0000000e+00
       440    0.0000000e+00
       441    0.0000000e+00
       442    0.0000000e+00
       443    0.0000000e+00
       444    0.0000000e+00
       445    0.0000000e+00
       446    0.0000000e+00
       447    0.0000000e+00
       448    0.0000000e+00
       449    0.0000000e+00
       450    0.0000000e+00
       451    0.0000000e+00
       452    0.0000000e+00
       453    0.0000000e+00
       454    0.0000000e+00
       455    0.0000000e+00
       456    0.0000000e+00
       457    0.0000000e+00
       458    0.0000000e+00
       459    0.0000000e+00
       460    0.0000000e+00
       461    0.0000000e+00
       462    0.0000000e+00
       463    0.0000000e+00
       464    0.0000000e+00
       465    0.0000000e+00
       466    0.0000000e+00
       467    0.0000000e+00
       468    0.0000000e+00
       469    0.0000000e+00
       470    0.0000000e+00
       471    0.0000000e+00
       472    0.0000000e+00
       473    0.0000000e+00
       474    0.0000000e+00
       475    0.0000000e+00
       476    0.0000000e+00
       477    0.0000000e+00
       478    0.0000000e+00
       479    0.0000000e+00
       480    0.0000000e+00
       481    0.0000000e+00
       482    0.0000000e+00
       483    0.0000000e+00
       484    0.0000000e+00
       485    0.0000000e+00
       486    0.0000000e+00
       487    0.0000000e+00
       488    0.0000000e+00
       489    0.0000000e+00
       490    0.0000000e+00
       491    0.0000000e+00
       492    0.0000000e+00
       493    0.0000000e+00
       494    0.0000000e+00
       495    0.0000000e+00
       496    0.0000000e+00
       497    0.0000000e+00
       498    0.0000000e+00
       499    0.0000000e+00
       500    0.0000000e+00
       501    0.0000000e+00
       502    0.0000000e+00
       503    0.0000000e+00
       504    0.0000000e+00
       505    0.0000000e+00
       506    0.0000000e+00
       507    0.0000000e+00
       508    0.0000000e+00
       509    0.0000000e+00
       510    0.0000000e+00
       511    0.0000000e+00
       512    0.0000000e+00
