         1    9.9999976e-01
         2    9.9999976e-01
         3    9.9999976e-01
         4    9.9999976e-01
         5    9.9999976e-01
         6    9.9999976e-01
         7    9.9999976e-01
         8    9.9999976e-01
         9    9.9999976e-01
        10    9.9999976e-01
        11    9.9999976e-01
        12    9.9999976e-01
        13    9.9999976e-01
        14    9.9999976e-01
        15    9.9999976e-01
        16    9.9999976e-01
        17    9.9999976e-01
        18    9.9999976e-01
        19    9.9999976e-01
        20    9.9999976e-01
        21    9.9999976e-01
        22    9.9999976e-01
        23    9.9999976e-01
        24    9.9999976e-01
        25    9.9999976e-01
        26    9.9999976e-01
        27    9.9999976e-01
        28    9.9999976e-01
        29    9.9999976e-01
        30    9.9999976e-01
        31    9.9999976e-01
        32    9.9999976e-01
        33    9.9999976e-01
        34    9.9999976e-01
        35    9.9999976e-01
        36    9.9999976e-01
        37    9.9999976e-01
        38    9.9999976e-01
        39    9.9999976e-01
        40    9.9999976e-01
        41    9.9999976e-01
        42    9.9999976e-01
        43    9.9999976e-01
        44    9.9999976e-01
        45    9.9999976e-01
        46    9.9999976e-01
        47    9.9999976e-01
        48    9.9999976e-01
        49    9.9999976e-01
        50    9.9999976e-01
        51    9.9999976e-01
        52    9.9999976e-01
        53    9.9999976e-01
        54    9.9999976e-01
        55    9.9999976e-01
        56    9.9999976e-01
        57    9.9999976e-01
        58    9.9999976e-01
        59    9.9999976e-01
        60    9.9999976e-01
        61    9.9999976e-01
        62    9.9999976e-01
        63    9.9999976e-01
        64    9.9999976e-01
        65    9.9999976e-01
        66    9.9999976e-01
        67    9.9999976e-01
        68    9.9999976e-01
        69    9.9999976e-01
        70    9.9999976e-01
        71    9.9999976e-01
        72    9.9999976e-01
        73    9.9999976e-01
        74    9.9999976e-01
        75    9.9999976e-01
        76    9.9999976e-01
        77    9.9999976e-01
        78    9.9999976e-01
        79    9.9999976e-01
        80    9.9999976e-01
        81    9.9999976e-01
        82    9.9999976e-01
        83    9.9999976e-01
        84    9.9999976e-01
        85    9.9999976e-01
        86    9.9999976e-01
        87    9.9999976e-01
        88    9.9999976e-01
        89    9.9999976e-01
        90    9.9999976e-01
        91    9.9999976e-01
        92    9.9999976e-01
        93    9.9999976e-01
        94    9.9999976e-01
        95    9.9999976e-01
        96    9.9999976e-01
        97    9.9999976e-01
        98    9.9999976e-01
        99    9.9999976e-01
       100    9.9999976e-01
       101    9.9999976e-01
       102    9.9999976e-01
       103    9.9999976e-01
       104    9.9999976e-01
       105    9.9999976e-01
       106    9.9999976e-01
       107    9.9999976e-01
       108    9.9999976e-01
       109    9.9999976e-01
       110    9.9999976e-01
       111    9.9999976e-01
       112    9.9999976e-01
       113    9.9999976e-01
       114    9.9999976e-01
       115    9.9999976e-01
       116    9.9999976e-01
       117    9.9999976e-01
       118    9.9999976e-01
       119    9.9999976e-01
       120    9.9999976e-01
       121    9.9999976e-01
       122    9.9999976e-01
       123    9.9999976e-01
       124    9.9999976e-01
       125    9.9999976e-01
       126    9.9999976e-01
       127    9.9999976e-01
       128    9.9999976e-01
       129    9.9999976e-01
       130    9.9999976e-01
       131    9.9999976e-01
       132    9.9999976e-01
       133    9.9999976e-01
       134    9.9999976e-01
       135    9.9999976e-01
       136    9.9999976e-01
       137    9.9999976e-01
       138    9.9999976e-01
       139    9.9999976e-01
       140    9.9999976e-01
       141    9.9999976e-01
       142    9.9999976e-01
       143    9.9999976e-01
       144    9.9999976e-01
       145    9.9999976e-01
       146    9.9999976e-01
       147    9.9999976e-01
       148    9.9999976e-01
       149    9.9999976e-01
       150    9.9999976e-01
       151    9.9999976e-01
       152    9.9999976e-01
       153    9.9999976e-01
       154    9.9999976e-01
       155    9.9999976e-01
       156    9.9999976e-01
       157    9.9999976e-01
       158    9.9999976e-01
       159    9.9999976e-01
       160    9.9999976e-01
       161    9.9999976e-01
       162    9.9999976e-01
       163    9.9999976e-01
       164    9.9999976e-01
       165    9.9999976e-01
       166    9.9999976e-01
       167    9.9999976e-01
       168    9.9999976e-01
       169    9.9999976e-01
       170    9.9999976e-01
       171    9.9999976e-01
       172    9.9999976e-01
       173    9.9999976e-01
       174    9.9999976e-01
       175    9.9999976e-01
       176    9.9999976e-01
       177    9.9999976e-01
       178    9.9999976e-01
       179    9.9999976e-01
       180    9.9999976e-01
       181    9.9999976e-01
       182    9.9999976e-01
       183    9.9999976e-01
       184    9.9999976e-01
       185    9.9999976e-01
       186    9.9999976e-01
       187    9.9999976e-01
       188    9.9999976e-01
       189    9.9999976e-01
       190    9.9999976e-01
       191    9.9999976e-01
       192    9.9999976e-01
       193    9.9999976e-01
       194    9.9999976e-01
       195    9.9999976e-01
       196    9.9999976e-01
       197    9.9999976e-01
       198    9.9999976e-01
       199    9.9999976e-01
       200    9.9999976e-01
       201    9.9999976e-01
       202    9.9999976e-01
       203    9.9999976e-01
       204    9.9999976e-01
       205    9.9999964e-01
       206    9.9999946e-01
       207    9.9999917e-01
       208    9.9999851e-01
       209    9.9999744e-01
       210    9.9999553e-01
       211    9.9999231e-01
       212    9.9998665e-01
       213    9.9997681e-01
       214    9.9995983e-01
       215    9.9993038e-01
       216    9.9987936e-01
       217    9.9979091e-01
       218    9.9963772e-01
       219    9.9937230e-01
       220    9.9891257e-01
       221    9.9811679e-01
       222    9.9674028e-01
       223    9.9436289e-01
       224    9.9026704e-01
       225    9.8324126e-01
       226    9.7127938e-01
       227    9.5117170e-01
       228    9.1809112e-01
       229    8.6557376e-01
       230    7.8682673e-01
       231    6.7854905e-01
       232    5.4658216e-01
       233    4.0787733e-01
       234    2.8302312e-01
       235    1.8506750e-01
       236    1.1592373e-01
       237    7.0564315e-02
       238    4.2184714e-02
       239    2.4942409e-02
       240    1.4650704e-02
       241    8.5720951e-03
       242    5.0040749e-03
       243    2.9173107e-03
       244    1.6994425e-03
       245    9.8954898e-04
       246    5.7604705e-04
       247    3.3528710e-04
       248    1.9513811e-04
       249    1.1356647e-04
       250    6.6092238e-05
       251    3.8463484e-05
       252    2.2384524e-05
       253    1.3027169e-05
       254    7.5815205e-06
       255    4.4123226e-06
       256    2.5679306e-06
       257    1.4945297e-06
       258    8.6982368e-07
       259    5.0624806e-07
       260    2.9464630e-07
       261    1.7149212e-07
       262    9.9814329e-08
       263    5.8096127e-08
       264    3.3814818e-08
       265    1.9682147e-08
       266    1.1456277e-08
       267    6.6683756e-09
       268    3.8815235e-09
       269    2.2593838e-09
       270    1.3151744e-09
       271    7.6556539e-10
       272    4.4564274e-10
       273    2.5941613e-10
       274    1.5101244e-10
       275    8.7909145e-11
       276    5.1175376e-11
       277    2.9791586e-11
       278    1.7343304e-11
       279    1.0096613e-11
       280    5.8779409e-12
       281    3.4220031e-12
       282    1.9922382e-12
       283    1.1598658e-12
       284    6.7527386e-13
       285    3.9314957e-13
       286    2.2889766e-13
       287    1.3326945e-13
       288    7.7593544e-14
       289    4.5177929e-14
       290    2.6304666e-14
       291    1.5315987e-14
       292    8.9179076e-15
       293    5.1926220e-15
       294    3.0235436e-15
       295    1.7605630e-15
       296    1.0251625e-15
       297    5.9695235e-16
       298    3.4761020e-16
       299    2.0241894e-16
       300    1.1787336e-16
       301    6.8641393e-17
       302    3.9972600e-17
       303    2.3277944e-17
       304    1.3556039e-17
       305    7.8945423e-18
       306    4.5975559e-18
       307    2.6775224e-18
       308    1.5593557e-18
       309    9.0816201e-19
       310    5.2891691e-19
       311    3.0804749e-19
       312    1.7941303e-19
       313    1.0449521e-19
       314    6.0861817e-20
       315    3.5448641e-20
       316    2.0647165e-20
       317    1.2026174e-20
       318    7.0048805e-21
       319    4.0801887e-21
       320    2.3766543e-21
       321    1.3843887e-21
       322    8.0641088e-22
       323    4.6974382e-22
       324    2.7363533e-22
       325    1.5940047e-22
       326    9.2856741e-23
       327    5.4093335e-23
       328    3.1512333e-23
       329    1.8357936e-23
       330    1.0694824e-23
       331    6.2306017e-24
       332    3.6298855e-24
       333    2.1147671e-24
       334    1.2320796e-24
       335    7.1783019e-25
       336    4.1822634e-25
       337    2.4367322e-25
       338    1.4197471e-25
       339    8.2721994e-26
       340    4.8198982e-26
       341    2.8084172e-26
       342    1.6364108e-26
       343    9.5352044e-27
       344    5.5561588e-27
       345    3.2376234e-27
       346    1.8866231e-27
       347    1.0993881e-27
       348    6.4065487e-28
       349    3.7333991e-28
       350    2.1756646e-28
       351    1.2679052e-28
       352    7.3890553e-29
       353    4.3062421e-29
       354    2.5096631e-29
       355    1.4626481e-29
       356    8.5245571e-30
       357    4.9683403e-30
       358    2.8957327e-30
       359    1.6877701e-30
       360    9.8372966e-31
       361    5.7338461e-31
       362    3.3421362e-31
       363    1.9480948e-31
       364    1.1355441e-31
       365    6.6192058e-32
       366    3.8584759e-32
       367    2.2492298e-32
       368    1.3111730e-32
       369    7.6435367e-33
       370    4.4559163e-33
       371    2.5976941e-33
       372    1.5144237e-33
       373    8.8290756e-34
       374    5.1474438e-34
       375    3.0010731e-34
       376    1.7497266e-34
       377    1.0201700e-34
       378    5.9481748e-35
       379    3.4681968e-35
       380    2.0222400e-35
       381    1.1791544e-35
       382    6.8757136e-36
       383    4.0093501e-36
       384    2.3379730e-36
       385    1.3633718e-36
       386    7.9505756e-37
       387    4.6365213e-37
       388    2.7039307e-37
       389    1.5769157e-37
       390    9.1966820e-38
       391    5.3636907e-38
       392    3.1282839e-38
       393    1.8245621e-38
       394    1.0641950e-38
       395    6.2071749e-39
       396    3.6205713e-39
       397    2.1118857e-39
       398    1.2318969e-39
       399    7.1860267e-40
       400    4.1919423e-40
       401    2.4454060e-40
       402    1.4265779e-40
       403    8.3224517e-41
       404    4.8553590e-41
       405    2.8325847e-41
       406    1.6525513e-41
       407    9.6423347e-42
       408    5.6262133e-42
       409    3.2818410e-42
       410    1.9141737e-42
       411    1.1168349e-42
       412    6.5160379e-43
       413    3.7975188e-43
       414    2.2000386e-43
       415    1.2751816e-43
       416    7.2867520e-44
       417    4.2038954e-44
       418    2.3822074e-44
       419    1.2611686e-44
       420    5.6051939e-45
       421    1.4012985e-45
       422    0.0000000e+00
       423    0.0000000e+00
       424    0.0000000e+00
       425    0.0000000e+00
       426    0.0000000e+00
       427    0.0000000e+00
       428    0.0000000e+00
       429    0.0000000e+00
       430    0.0000000e+00
       431    0.0000000e+00
       432    0.0000000e+00
       433    0.0000000e+00
       434    0.0000000e+00
       435    0.0000000e+00
       436    0.0000000e+00
       437    0.0000000e+00
       438    0.0000000e+00
       439    0.0000000e+00
       440    0.0000000e+00
       441    0.0000000e+00
       442    0.0000000e+00
       443    0.0000000e+00
       444    0.0000000e+00
       445    0.0000000e+00
       446    0.0000000e+00
       447    0.0000000e+00
       448    0.0000000e+00
       449    0.0000000e+00
       450    0.0000000e+00
       451    0.0000000e+00
       452    0.0000000e+00
       453    0.0000000e+00
       454    0.0000000e+00
       455    0.0000000e+00
       456    0.0000000e+00
       457    0.0000000e+00
       458    0.0000000e+00
       459    0.0000000e+00
       460    0.0000000e+00
       461    0.0000000e+00
       462    0.0000000e+00
       463    0.0000000e+00
       464    0.0000000e+00
       465    0.0000000e+00
       466    0.0000000e+00
       467    0.0000000e+00
       468    0.0000000e+00
       469    0.0000000e+00
       470    0.0000000e+00
       471    0.0000000e+00
       472    0.0000000e+00
       473    0.0000000e+00
       474    0.0000000e+00
       475    0.0000000e+00
       476    0.0000000e+00
       477    0.0000000e+00
       478    0.0000000e+00
       479    0.0000000e+00
       480    0.0000000e+00
       481    0.0000000e+00
       482    0.0000000e+00
       483    0.0000000e+00
       484    0.0000000e+00
       485    0.0000000e+00
       486    0.0000000e+00
       487    0.0000000e+00
       488    0.0000000e+00
       489    0.0000000e+00
       490    0.0000000e+00
       491    0.0000000e+00
       492    0.0000000e+00
       493    0.0000000e+00
       494    0.0000000e+00
       495    0.0000000e+00
       496    0.0000000e+00
       497    0.0000000e+00
       498    0.0000000e+00
       499    0.0000000e+00
       500    0.0000000e+00
       501    0.0000000e+00
       502    0.0000000e+00
       503    0.0000000e+00
       504    0.0000000e+00
       505    0.0000000e+00
       506    0.0000000e+00
       507    0.0000000e+00
       508    0.0000000e+00
       509    0.0000000e+00
       510    0.0000000e+00
       511    0.0000000e+00
       512    0.0000000e+00
