         1    9.9999976e-01
         2    9.9999976e-01
         3    9.9999976e-01
         4    9.9999976e-01
         5    9.9999976e-01
         6    9.9999976e-01
         7    9.9999976e-01
         8    9.9999976e-01
         9    9.9999976e-01
        10    9.9999976e-01
        11    9.9999976e-01
        12    9.9999976e-01
        13    9.9999976e-01
        14    9.9999976e-01
        15    9.9999976e-01
        16    9.9999976e-01
        17    9.9999976e-01
        18    9.9999976e-01
        19    9.9999976e-01
        20    9.9999976e-01
        21    9.9999976e-01
        22    9.9999976e-01
        23    9.9999976e-01
        24    9.9999976e-01
        25    9.9999976e-01
        26    9.9999976e-01
        27    9.9999976e-01
        28    9.9999976e-01
        29    9.9999976e-01
        30    9.9999976e-01
        31    9.9999976e-01
        32    9.9999976e-01
        33    9.9999976e-01
        34    9.9999976e-01
        35    9.9999976e-01
        36    9.9999976e-01
        37    9.9999976e-01
        38    9.9999976e-01
        39    9.9999976e-01
        40    9.9999976e-01
        41    9.9999976e-01
        42    9.9999976e-01
        43    9.9999976e-01
        44    9.9999976e-01
        45    9.9999976e-01
        46    9.9999976e-01
        47    9.9999976e-01
        48    9.9999976e-01
        49    9.9999976e-01
        50    9.9999976e-01
        51    9.9999976e-01
        52    9.9999976e-01
        53    9.9999976e-01
        54    9.9999976e-01
        55    9.9999976e-01
        56    9.9999976e-01
        57    9.9999976e-01
        58    9.9999976e-01
        59    9.9999976e-01
        60    9.9999976e-01
        61    9.9999976e-01
        62    9.9999976e-01
        63    9.9999976e-01
        64    9.9999976e-01
        65    9.9999976e-01
        66    9.9999976e-01
        67    9.9999976e-01
        68    9.9999976e-01
        69    9.9999976e-01
        70    9.9999976e-01
        71    9.9999976e-01
        72    9.9999976e-01
        73    9.9999976e-01
        74    9.9999976e-01
        75    9.9999976e-01
        76    9.9999976e-01
        77    9.9999976e-01
        78    9.9999976e-01
        79    9.9999976e-01
        80    9.9999976e-01
        81    9.9999976e-01
        82    9.9999976e-01
        83    9.9999976e-01
        84    9.9999976e-01
        85    9.9999976e-01
        86    9.9999976e-01
        87    9.9999976e-01
        88    9.9999976e-01
        89    9.9999976e-01
        90    9.9999976e-01
        91    9.9999976e-01
        92    9.9999976e-01
        93    9.9999976e-01
        94    9.9999976e-01
        95    9.9999976e-01
        96    9.9999976e-01
        97    9.9999976e-01
        98    9.9999976e-01
        99    9.9999976e-01
       100    9.9999976e-01
       101    9.9999976e-01
       102    9.9999976e-01
       103    9.9999976e-01
       104    9.9999976e-01
       105    9.9999976e-01
       106    9.9999976e-01
       107    9.9999976e-01
       108    9.9999976e-01
       109    9.9999976e-01
       110    9.9999976e-01
       111    9.9999976e-01
       112    9.9999976e-01
       113    9.9999976e-01
       114    9.9999976e-01
       115    9.9999976e-01
       116    9.9999976e-01
       117    9.9999976e-01
       118    9.9999976e-01
       119    9.9999976e-01
       120    9.9999976e-01
       121    9.9999976e-01
       122    9.9999976e-01
       123    9.9999976e-01
       124    9.9999976e-01
       125    9.9999976e-01
       126    9.9999976e-01
       127    9.9999976e-01
       128    9.9999976e-01
       129    9.9999976e-01
       130    9.9999976e-01
       131    9.9999976e-01
       132    9.9999976e-01
       133    9.9999976e-01
       134    9.9999976e-01
       135    9.9999976e-01
       136    9.9999976e-01
       137    9.9999976e-01
       138    9.9999976e-01
       139    9.9999976e-01
       140    9.9999976e-01
       141    9.9999976e-01
       142    9.9999976e-01
       143    9.9999976e-01
       144    9.9999976e-01
       145    9.9999976e-01
       146    9.9999976e-01
       147    9.9999976e-01
       148    9.9999976e-01
       149    9.9999976e-01
       150    9.9999976e-01
       151    9.9999976e-01
       152    9.9999976e-01
       153    9.9999976e-01
       154    9.9999976e-01
       155    9.9999976e-01
       156    9.9999976e-01
       157    9.9999976e-01
       158    9.9999976e-01
       159    9.9999976e-01
       160    9.9999976e-01
       161    9.9999976e-01
       162    9.9999976e-01
       163    9.9999976e-01
       164    9.9999976e-01
       165    9.9999976e-01
       166    9.9999976e-01
       167    9.9999976e-01
       168    9.9999976e-01
       169    9.9999976e-01
       170    9.9999976e-01
       171    9.9999976e-01
       172    9.9999976e-01
       173    9.9999976e-01
       174    9.9999976e-01
       175    9.9999976e-01
       176    9.9999976e-01
       177    9.9999976e-01
       178    9.9999976e-01
       179    9.9999976e-01
       180    9.9999976e-01
       181    9.9999976e-01
       182    9.9999976e-01
       183    9.9999976e-01
       184    9.9999976e-01
       185    9.9999976e-01
       186    9.9999976e-01
       187    9.9999976e-01
       188    9.9999976e-01
       189    9.9999976e-01
       190    9.9999976e-01
       191    9.9999976e-01
       192    9.9999976e-01
       193    9.9999976e-01
       194    9.9999976e-01
       195    9.9999976e-01
       196    9.9999976e-01
       197    9.9999976e-01
       198    9.9999976e-01
       199    9.9999976e-01
       200    9.9999976e-01
       201    9.9999976e-01
       202    9.9999976e-01
       203    9.9999976e-01
       204    9.9999976e-01
       205    9.9999976e-01
       206    9.9999976e-01
       207    9.9999976e-01
       208    9.9999976e-01
       209    9.9999976e-01
       210    9.9999976e-01
       211    9.9999976e-01
       212    9.9999976e-01
       213    9.9999976e-01
       214    9.9999976e-01
       215    9.9999976e-01
       216    9.9999976e-01
       217    9.9999976e-01
       218    9.9999976e-01
       219    9.9999976e-01
       220    9.9999976e-01
       221    9.9999976e-01
       222    9.9999970e-01
       223    9.9999952e-01
       224    9.9999923e-01
       225    9.9999863e-01
       226    9.9999768e-01
       227    9.9999595e-01
       228    9.9999297e-01
       229    9.9998784e-01
       230    9.9997896e-01
       231    9.9996352e-01
       232    9.9993676e-01
       233    9.9989039e-01
       234    9.9981004e-01
       235    9.9967086e-01
       236    9.9942970e-01
       237    9.9901193e-01
       238    9.9828863e-01
       239    9.9703741e-01
       240    9.9487549e-01
       241    9.9114895e-01
       242    9.8475045e-01
       243    9.7383893e-01
       244    9.5544642e-01
       245    9.2504817e-01
       246    8.7642437e-01
       247    8.0264610e-01
       248    6.9940966e-01
       249    5.7061595e-01
       250    4.3154448e-01
       251    3.0302212e-01
       252    1.9996384e-01
       253    1.2605043e-01
       254    7.7043287e-02
       255    4.6174653e-02
       256    2.7343042e-02
       257    1.6075158e-02
       258    9.4104009e-03
       259    5.4950505e-03
       260    3.2040516e-03
       261    1.8666292e-03
       262    1.0869345e-03
       263    6.3274160e-04
       264    3.6828182e-04
       265    2.1433641e-04
       266    1.2473587e-04
       267    7.2590054e-05
       268    4.2243428e-05
       269    2.4583353e-05
       270    1.4306224e-05
       271    8.3255345e-06
       272    4.8451038e-06
       273    2.8196700e-06
       274    1.6409600e-06
       275    9.5499786e-07
       276    5.5579096e-07
       277    3.2346352e-07
       278    1.8825388e-07
       279    1.0956388e-07
       280    6.3766954e-08
       281    3.7113232e-08
       282    2.1600643e-08
       283    1.2572147e-08
       284    7.3174040e-09
       285    4.2590180e-09
       286    2.4789442e-09
       287    1.4428754e-09
       288    8.3983853e-10
       289    4.8884091e-10
       290    2.8454056e-10
       291    1.6562492e-10
       292    9.6407764e-11
       293    5.6118134e-11
       294    3.2666248e-11
       295    1.9015170e-11
       296    1.1068940e-11
       297    6.4434239e-12
       298    3.7508724e-12
       299    2.1834977e-12
       300    1.2710952e-12
       301    7.3996012e-13
       302    4.3076805e-13
       303    2.5077461e-13
       304    1.4599182e-13
       305    8.4992072e-14
       306    4.9480405e-14
       307    2.8806666e-14
       308    1.6770953e-14
       309    9.7639919e-15
       310    5.6846278e-15
       311    3.3096468e-15
       312    1.9269316e-15
       313    1.1219045e-15
       314    6.5320640e-16
       315    3.8032078e-16
       316    2.2143929e-16
       317    1.2893308e-16
       318    7.5072186e-17
       319    4.3711810e-17
       320    2.5452099e-17
       321    1.4820181e-17
       322    8.6295568e-18
       323    5.0249138e-18
       324    2.9259965e-18
       325    1.7038217e-18
       326    9.9215517e-19
       327    5.7775040e-19
       328    3.3643876e-19
       329    1.9591920e-19
       330    1.1409147e-19
       331    6.6440756e-20
       332    3.8692000e-20
       333    2.2532689e-20
       334    1.3122306e-20
       335    7.6420971e-21
       336    4.4506170e-21
       337    2.5919892e-21
       338    1.5095639e-21
       339    8.7917475e-22
       340    5.1204040e-22
       341    2.9822128e-22
       342    1.7369144e-22
       343    1.0116345e-22
       344    5.8921567e-23
       345    3.4318668e-23
       346    1.9989044e-23
       347    1.1642845e-23
       348    6.7815927e-24
       349    3.9501161e-24
       350    2.3008781e-24
       351    1.3402411e-24
       352    7.8068860e-25
       353    4.5475593e-25
       354    2.6490161e-25
       355    1.5431084e-25
       356    8.9890552e-26
       357    5.2364544e-26
       358    3.0504675e-26
       359    1.7770565e-26
       360    1.0352420e-26
       361    6.0309861e-27
       362    3.5135056e-27
       363    2.0469105e-27
       364    1.1925127e-27
       365    6.9475722e-28
       366    4.0477072e-28
       367    2.3582572e-28
       368    1.3739764e-28
       369    8.0052217e-29
       370    4.6641618e-29
       371    2.7175651e-29
       372    1.5834066e-29
       373    9.2259507e-30
       374    5.3757128e-30
       375    3.1323281e-30
       376    1.8251758e-30
       377    1.0635268e-30
       378    6.1972438e-31
       379    3.6112296e-31
       380    2.1043502e-31
       381    1.2262739e-31
       382    7.1460071e-32
       383    4.1643374e-32
       384    2.4268056e-32
       385    1.4142646e-32
       386    8.2420073e-33
       387    4.8033260e-33
       388    2.7993544e-33
       389    1.6314752e-33
       390    9.5084535e-34
       391    5.5417405e-34
       392    3.2299024e-34
       393    1.8825199e-34
       394    1.0972277e-34
       395    6.3953011e-35
       396    3.7276260e-35
       397    2.1727554e-35
       398    1.2664746e-35
       399    7.3822624e-36
       400    4.3031821e-36
       401    2.5084032e-36
       402    1.4622188e-36
       403    8.5238309e-37
       404    4.9689523e-37
       405    2.8966927e-37
       406    1.6886809e-37
       407    9.8446553e-38
       408    5.7393289e-38
       409    3.3460278e-38
       410    1.9507689e-38
       411    1.1373392e-38
       412    6.6310480e-39
       413    3.8661825e-39
       414    2.2541904e-39
       415    1.3143381e-39
       416    7.6635752e-40
       417    4.4685306e-40
       418    2.6055884e-40
       419    1.5193298e-40
       420    8.8594293e-41
       421    5.1661670e-41
       422    3.0126516e-41
       423    1.7568079e-41
       424    1.0244893e-41
       425    5.9737354e-42
       426    3.4836280e-42
       427    2.0304815e-42
       428    1.1840972e-42
       429    6.8943884e-43
       430    4.0077136e-43
       431    2.3261555e-43
       432    1.3452465e-43
       433    7.8472714e-44
       434    4.4841551e-44
       435    2.5223372e-44
       436    1.2611686e-44
       437    5.6051939e-45
       438    1.4012985e-45
       439    0.0000000e+00
       440    0.0000000e+00
       441    0.0000000e+00
       442    0.0000000e+00
       443    0.0000000e+00
       444    0.0000000e+00
       445    0.0000000e+00
       446    0.0000000e+00
       447    0.0000000e+00
       448    0.0000000e+00
       449    0.0000000e+00
       450    0.0000000e+00
       451    0.0000000e+00
       452    0.0000000e+00
       453    0.0000000e+00
       454    0.0000000e+00
       455    0.0000000e+00
       456    0.0000000e+00
       457    0.0000000e+00
       458    0.0000000e+00
       459    0.0000000e+00
       460    0.0000000e+00
       461    0.0000000e+00
       462    0.0000000e+00
       463    0.0000000e+00
       464    0.0000000e+00
       465    0.0000000e+00
       466    0.0000000e+00
       467    0.0000000e+00
       468    0.0000000e+00
       469    0.0000000e+00
       470    0.0000000e+00
       471    0.0000000e+00
       472    0.0000000e+00
       473    0.0000000e+00
       474    0.0000000e+00
       475    0.0000000e+00
       476    0.0000000e+00
       477    0.0000000e+00
       478    0.0000000e+00
       479    0.0000000e+00
       480    0.0000000e+00
       481    0.0000000e+00
       482    0.0000000e+00
       483    0.0000000e+00
       484    0.0000000e+00
       485    0.0000000e+00
       486    0.0000000e+00
       487    0.0000000e+00
       488    0.0000000e+00
       489    0.0000000e+00
       490    0.0000000e+00
       491    0.0000000e+00
       492    0.0000000e+00
       493    0.0000000e+00
       494    0.0000000e+00
       495    0.0000000e+00
       496    0.0000000e+00
       497    0.0000000e+00
       498    0.0000000e+00
       499    0.0000000e+00
       500    0.0000000e+00
       501    0.0000000e+00
       502    0.0000000e+00
       503    0.0000000e+00
       504    0.0000000e+00
       505    0.0000000e+00
       506    0.0000000e+00
       507    0.0000000e+00
       508    0.0000000e+00
       509    0.0000000e+00
       510    0.0000000e+00
       511    0.0000000e+00
       512    0.0000000e+00
