         1    9.9999976e-01
         2    9.9999976e-01
         3    9.9999976e-01
         4    9.9999976e-01
         5    9.9999976e-01
         6    9.9999976e-01
         7    9.9999976e-01
         8    9.9999976e-01
         9    9.9999976e-01
        10    9.9999976e-01
        11    9.9999976e-01
        12    9.9999976e-01
        13    9.9999976e-01
        14    9.9999976e-01
        15    9.9999976e-01
        16    9.9999976e-01
        17    9.9999976e-01
        18    9.9999976e-01
        19    9.9999976e-01
        20    9.9999976e-01
        21    9.9999976e-01
        22    9.9999976e-01
        23    9.9999976e-01
        24    9.9999976e-01
        25    9.9999976e-01
        26    9.9999976e-01
        27    9.9999976e-01
        28    9.9999976e-01
        29    9.9999976e-01
        30    9.9999976e-01
        31    9.9999976e-01
        32    9.9999976e-01
        33    9.9999976e-01
        34    9.9999976e-01
        35    9.9999976e-01
        36    9.9999976e-01
        37    9.9999976e-01
        38    9.9999976e-01
        39    9.9999976e-01
        40    9.9999976e-01
        41    9.9999976e-01
        42    9.9999976e-01
        43    9.9999976e-01
        44    9.9999976e-01
        45    9.9999976e-01
        46    9.9999976e-01
        47    9.9999976e-01
        48    9.9999976e-01
        49    9.9999976e-01
        50    9.9999976e-01
        51    9.9999976e-01
        52    9.9999976e-01
        53    9.9999976e-01
        54    9.9999976e-01
        55    9.9999976e-01
        56    9.9999976e-01
        57    9.9999976e-01
        58    9.9999976e-01
        59    9.9999976e-01
        60    9.9999976e-01
        61    9.9999976e-01
        62    9.9999976e-01
        63    9.9999976e-01
        64    9.9999976e-01
        65    9.9999976e-01
        66    9.9999976e-01
        67    9.9999976e-01
        68    9.9999976e-01
        69    9.9999976e-01
        70    9.9999976e-01
        71    9.9999976e-01
        72    9.9999976e-01
        73    9.9999976e-01
        74    9.9999976e-01
        75    9.9999976e-01
        76    9.9999976e-01
        77    9.9999976e-01
        78    9.9999976e-01
        79    9.9999976e-01
        80    9.9999976e-01
        81    9.9999976e-01
        82    9.9999976e-01
        83    9.9999976e-01
        84    9.9999976e-01
        85    9.9999976e-01
        86    9.9999976e-01
        87    9.9999976e-01
        88    9.9999976e-01
        89    9.9999976e-01
        90    9.9999976e-01
        91    9.9999976e-01
        92    9.9999976e-01
        93    9.9999976e-01
        94    9.9999976e-01
        95    9.9999976e-01
        96    9.9999976e-01
        97    9.9999976e-01
        98    9.9999976e-01
        99    9.9999976e-01
       100    9.9999976e-01
       101    9.9999976e-01
       102    9.9999976e-01
       103    9.9999976e-01
       104    9.9999976e-01
       105    9.9999976e-01
       106    9.9999976e-01
       107    9.9999976e-01
       108    9.9999976e-01
       109    9.9999976e-01
       110    9.9999976e-01
       111    9.9999976e-01
       112    9.9999976e-01
       113    9.9999976e-01
       114    9.9999976e-01
       115    9.9999976e-01
       116    9.9999976e-01
       117    9.9999976e-01
       118    9.9999976e-01
       119    9.9999976e-01
       120    9.9999976e-01
       121    9.9999976e-01
       122    9.9999976e-01
       123    9.9999976e-01
       124    9.9999976e-01
       125    9.9999976e-01
       126    9.9999976e-01
       127    9.9999976e-01
       128    9.9999976e-01
       129    9.9999976e-01
       130    9.9999976e-01
       131    9.9999976e-01
       132    9.9999976e-01
       133    9.9999976e-01
       134    9.9999976e-01
       135    9.9999976e-01
       136    9.9999976e-01
       137    9.9999976e-01
       138    9.9999976e-01
       139    9.9999976e-01
       140    9.9999976e-01
       141    9.9999976e-01
       142    9.9999976e-01
       143    9.9999976e-01
       144    9.9999976e-01
       145    9.9999976e-01
       146    9.9999976e-01
       147    9.9999976e-01
       148    9.9999976e-01
       149    9.9999976e-01
       150    9.9999976e-01
       151    9.9999976e-01
       152    9.9999976e-01
       153    9.9999976e-01
       154    9.9999976e-01
       155    9.9999976e-01
       156    9.9999976e-01
       157    9.9999976e-01
       158    9.9999976e-01
       159    9.9999976e-01
       160    9.9999976e-01
       161    9.9999976e-01
       162    9.9999976e-01
       163    9.9999976e-01
       164    9.9999976e-01
       165    9.9999976e-01
       166    9.9999976e-01
       167    9.9999976e-01
       168    9.9999976e-01
       169    9.9999976e-01
       170    9.9999976e-01
       171    9.9999976e-01
       172    9.9999976e-01
       173    9.9999976e-01
       174    9.9999976e-01
       175    9.9999976e-01
       176    9.9999976e-01
       177    9.9999976e-01
       178    9.9999976e-01
       179    9.9999976e-01
       180    9.9999976e-01
       181    9.9999976e-01
       182    9.9999976e-01
       183    9.9999976e-01
       184    9.9999976e-01
       185    9.9999976e-01
       186    9.9999976e-01
       187    9.9999976e-01
       188    9.9999976e-01
       189    9.9999976e-01
       190    9.9999976e-01
       191    9.9999976e-01
       192    9.9999976e-01
       193    9.9999976e-01
       194    9.9999976e-01
       195    9.9999976e-01
       196    9.9999976e-01
       197    9.9999976e-01
       198    9.9999976e-01
       199    9.9999976e-01
       200    9.9999976e-01
       201    9.9999976e-01
       202    9.9999976e-01
       203    9.9999976e-01
       204    9.9999976e-01
       205    9.9999976e-01
       206    9.9999976e-01
       207    9.9999976e-01
       208    9.9999976e-01
       209    9.9999976e-01
       210    9.9999976e-01
       211    9.9999976e-01
       212    9.9999976e-01
       213    9.9999976e-01
       214    9.9999976e-01
       215    9.9999976e-01
       216    9.9999976e-01
       217    9.9999976e-01
       218    9.9999976e-01
       219    9.9999976e-01
       220    9.9999976e-01
       221    9.9999976e-01
       222    9.9999976e-01
       223    9.9999976e-01
       224    9.9999976e-01
       225    9.9999976e-01
       226    9.9999976e-01
       227    9.9999976e-01
       228    9.9999976e-01
       229    9.9999976e-01
       230    9.9999976e-01
       231    9.9999976e-01
       232    9.9999976e-01
       233    9.9999976e-01
       234    9.9999976e-01
       235    9.9999976e-01
       236    9.9999976e-01
       237    9.9999976e-01
       238    9.9999976e-01
       239    9.9999976e-01
       240    9.9999976e-01
       241    9.9999976e-01
       242    9.9999976e-01
       243    9.9999976e-01
       244    9.9999976e-01
       245    9.9999976e-01
       246    9.9999976e-01
       247    9.9999976e-01
       248    9.9999964e-01
       249    9.9999946e-01
       250    9.9999911e-01
       251    9.9999851e-01
       252    9.9999738e-01
       253    9.9999547e-01
       254    9.9999207e-01
       255    9.9998629e-01
       256    9.9997622e-01
       257    9.9995881e-01
       258    9.9992865e-01
       259    9.9987638e-01
       260    9.9978572e-01
       261    9.9962872e-01
       262    9.9935663e-01
       263    9.9888545e-01
       264    9.9806970e-01
       265    9.9665874e-01
       266    9.9422193e-01
       267    9.9002427e-01
       268    9.8282534e-01
       269    9.7057378e-01
       270    9.4999409e-01
       271    9.1617888e-01
       272    8.6260486e-01
       273    7.8253210e-01
       274    6.7295212e-01
       275    5.4023093e-01
       276    4.0172344e-01
       277    2.7789629e-01
       278    1.8128853e-01
       279    1.1337185e-01
       280    6.8937629e-02
       281    4.1184530e-02
       282    2.4340723e-02
       283    1.4293412e-02
       284    8.3615351e-03
       285    4.8805326e-03
       286    2.8450061e-03
       287    1.6571847e-03
       288    9.6487021e-04
       289    5.6164002e-04
       290    3.2687787e-04
       291    1.9022987e-04
       292    1.1070153e-04
       293    6.4419837e-05
       294    3.7487116e-05
       295    2.1814440e-05
       296    1.2694263e-05
       297    7.3870915e-06
       298    4.2987535e-06
       299    2.5015838e-06
       300    1.4557651e-06
       301    8.4717146e-07
       302    4.9300940e-07
       303    2.8690823e-07
       304    1.6696858e-07
       305    9.7169604e-08
       306    5.6549673e-08
       307    3.2910442e-08
       308    1.9153198e-08
       309    1.1146868e-08
       310    6.4873658e-09
       311    3.7756167e-09
       312    2.1974114e-09
       313    1.2789065e-09
       314    7.4433804e-10
       315    4.3321713e-10
       316    2.5214186e-10
       317    1.4675344e-10
       318    8.5415293e-11
       319    4.9714940e-11
       320    2.8936249e-11
       321    1.6842304e-11
       322    9.8031305e-12
       323    5.7060034e-12
       324    3.3212632e-12
       325    1.9332077e-12
       326    1.1252727e-12
       327    6.5499965e-13
       328    3.8126623e-13
       329    2.2193185e-13
       330    1.2918585e-13
       331    7.5199375e-14
       332    4.3774138e-14
       333    2.5481499e-14
       334    1.4833251e-14
       335    8.6347902e-15
       336    5.0265650e-15
       337    2.9261382e-15
       338    1.7034227e-15
       339    9.9164021e-16
       340    5.7728445e-16
       341    3.3606993e-16
       342    1.9564715e-16
       343    1.1389942e-16
       344    6.6309167e-17
       345    3.8603771e-17
       346    2.2474497e-17
       347    1.3084417e-17
       348    7.6176825e-18
       349    4.4350194e-18
       350    2.5820954e-18
       351    1.5033261e-18
       352    8.7526235e-19
       353    5.0959775e-19
       354    2.9670229e-19
       355    1.7275016e-19
       356    1.0058199e-19
       357    5.8563386e-20
       358    3.4098585e-20
       359    1.9854125e-20
       360    1.1560306e-20
       361    6.7311956e-21
       362    3.9193974e-21
       363    2.2821842e-21
       364    1.3288817e-21
       365    7.7379556e-22
       366    4.5057847e-22
       367    2.6237289e-22
       368    1.5278186e-22
       369    8.8967001e-23
       370    5.1807238e-23
       371    3.0168679e-23
       372    1.7568169e-23
       373    1.0230600e-23
       374    5.9577197e-24
       375    3.4694726e-24
       376    2.0204647e-24
       377    1.1766397e-24
       378    6.8523599e-25
       379    3.9906287e-25
       380    2.3240577e-25
       381    1.3534961e-25
       382    7.8826390e-26
       383    4.5908250e-26
       384    2.6737106e-26
       385    1.5571937e-26
       386    9.0693343e-27
       387    5.2821753e-27
       388    3.0764847e-27
       389    1.7918488e-27
       390    1.0436445e-27
       391    6.0786687e-28
       392    3.5405360e-28
       393    2.0622165e-28
       394    1.2011692e-28
       395    6.9964683e-29
       396    4.0752879e-29
       397    2.3737911e-29
       398    1.3827112e-29
       399    8.0542526e-30
       400    4.6916308e-30
       401    2.7329221e-30
       402    1.5919724e-30
       403    9.2736085e-31
       404    5.4021526e-31
       405    3.1469503e-31
       406    1.8332339e-31
       407    1.0679498e-31
       408    6.2214102e-32
       409    3.6243641e-32
       410    2.1114453e-32
       411    1.2300788e-32
       412    7.1662367e-33
       413    4.1749805e-33
       414    2.4323322e-33
       415    1.4170870e-33
       416    8.2561066e-34
       417    4.8101582e-34
       418    2.8025193e-34
       419    1.6328382e-34
       420    9.5135593e-35
       421    5.5430425e-35
       422    3.2296747e-35
       423    1.8818055e-35
       424    1.0964683e-35
       425    6.3888527e-36
       426    3.7226752e-36
       427    2.1691666e-36
       428    1.2639684e-36
       429    7.3652095e-37
       430    4.2918010e-37
       431    2.5009196e-37
       432    1.4573554e-37
       433    8.4925279e-38
       434    4.9489630e-38
       435    2.8840129e-38
       436    1.6806836e-38
       437    9.7944611e-39
       438    5.7079609e-39
       439    3.3264990e-39
       440    1.9386516e-39
       441    1.1298417e-39
       442    6.5847856e-40
       443    3.8377081e-40
       444    2.2366966e-40
       445    1.3036139e-40
       446    7.5979804e-41
       447    4.4283834e-41
       448    2.5810516e-41
       449    1.5044340e-41
       450    8.7679245e-42
       451    5.1105355e-42
       452    2.9791605e-42
       453    1.7362088e-42
       454    1.0117375e-42
       455    5.8854536e-43
       456    3.4331812e-43
       457    1.9898438e-43
       458    1.1490647e-43
       459    6.5861028e-44
       460    3.6433760e-44
       461    2.1019477e-44
       462    1.1210388e-44
       463    4.2038954e-45
       464    1.4012985e-45
       465    0.0000000e+00
       466    0.0000000e+00
       467    0.0000000e+00
       468    0.0000000e+00
       469    0.0000000e+00
       470    0.0000000e+00
       471    0.0000000e+00
       472    0.0000000e+00
       473    0.0000000e+00
       474    0.0000000e+00
       475    0.0000000e+00
       476    0.0000000e+00
       477    0.0000000e+00
       478    0.0000000e+00
       479    0.0000000e+00
       480    0.0000000e+00
       481    0.0000000e+00
       482    0.0000000e+00
       483    0.0000000e+00
       484    0.0000000e+00
       485    0.0000000e+00
       486    0.0000000e+00
       487    0.0000000e+00
       488    0.0000000e+00
       489    0.0000000e+00
       490    0.0000000e+00
       491    0.0000000e+00
       492    0.0000000e+00
       493    0.0000000e+00
       494    0.0000000e+00
       495    0.0000000e+00
       496    0.0000000e+00
       497    0.0000000e+00
       498    0.0000000e+00
       499    0.0000000e+00
       500    0.0000000e+00
       501    0.0000000e+00
       502    0.0000000e+00
       503    0.0000000e+00
       504    0.0000000e+00
       505    0.0000000e+00
       506    0.0000000e+00
       507    0.0000000e+00
       508    0.0000000e+00
       509    0.0000000e+00
       510    0.0000000e+00
       511    0.0000000e+00
       512    0.0000000e+00
