         1    9.9999976e-01
         2    9.9999976e-01
         3    9.9999976e-01
         4    9.9999976e-01
         5    9.9999976e-01
         6    9.9999976e-01
         7    9.9999976e-01
         8    9.9999976e-01
         9    9.9999976e-01
        10    9.9999976e-01
        11    9.9999976e-01
        12    9.9999976e-01
        13    9.9999976e-01
        14    9.9999976e-01
        15    9.9999976e-01
        16    9.9999976e-01
        17    9.9999976e-01
        18    9.9999976e-01
        19    9.9999976e-01
        20    9.9999976e-01
        21    9.9999976e-01
        22    9.9999976e-01
        23    9.9999976e-01
        24    9.9999976e-01
        25    9.9999976e-01
        26    9.9999976e-01
        27    9.9999976e-01
        28    9.9999976e-01
        29    9.9999976e-01
        30    9.9999976e-01
        31    9.9999976e-01
        32    9.9999976e-01
        33    9.9999976e-01
        34    9.9999976e-01
        35    9.9999976e-01
        36    9.9999976e-01
        37    9.9999976e-01
        38    9.9999976e-01
        39    9.9999976e-01
        40    9.9999976e-01
        41    9.9999976e-01
        42    9.9999976e-01
        43    9.9999976e-01
        44    9.9999976e-01
        45    9.9999976e-01
        46    9.9999976e-01
        47    9.9999976e-01
        48    9.9999976e-01
        49    9.9999976e-01
        50    9.9999976e-01
        51    9.9999976e-01
        52    9.9999976e-01
        53    9.9999976e-01
        54    9.9999976e-01
        55    9.9999976e-01
        56    9.9999976e-01
        57    9.9999976e-01
        58    9.9999976e-01
        59    9.9999976e-01
        60    9.9999976e-01
        61    9.9999976e-01
        62    9.9999976e-01
        63    9.9999976e-01
        64    9.9999976e-01
        65    9.9999976e-01
        66    9.9999976e-01
        67    9.9999976e-01
        68    9.9999976e-01
        69    9.9999976e-01
        70    9.9999976e-01
        71    9.9999976e-01
        72    9.9999976e-01
        73    9.9999976e-01
        74    9.9999976e-01
        75    9.9999976e-01
        76    9.9999976e-01
        77    9.9999976e-01
        78    9.9999976e-01
        79    9.9999976e-01
        80    9.9999976e-01
        81    9.9999976e-01
        82    9.9999976e-01
        83    9.9999976e-01
        84    9.9999976e-01
        85    9.9999970e-01
        86    9.9999952e-01
        87    9.9999923e-01
        88    9.9999869e-01
        89    9.9999779e-01
        90    9.9999619e-01
        91    9.9999338e-01
        92    9.9998850e-01
        93    9.9998003e-01
        94    9.9996543e-01
        95    9.9994010e-01
        96    9.9989629e-01
        97    9.9982041e-01
        98    9.9968898e-01
        99    9.9946147e-01
       100    9.9906743e-01
       101    9.9838555e-01
       102    9.9720627e-01
       103    9.9516928e-01
       104    9.9165803e-01
       105    9.8562819e-01
       106    9.7533894e-01
       107    9.5797259e-01
       108    9.2919999e-01
       109    8.8298059e-01
       110    8.1236166e-01
       111    7.1249688e-01
       112    5.8608866e-01
       113    4.4720772e-01
       114    3.1659871e-01
       115    2.1028982e-01
       116    1.3318495e-01
       117    8.1666052e-02
       118    4.9051214e-02
       119    2.9089699e-02
       120    1.7120546e-02
       121    1.0030909e-02
       122    5.8616688e-03
       123    3.4201320e-03
       124    1.9938336e-03
       125    1.1617844e-03
       126    6.7678379e-04
       127    3.9420195e-04
       128    2.2959641e-04
       129    1.3372363e-04
       130    7.7885968e-05
       131    4.5365407e-05
       132    2.6424621e-05
       133    1.5392648e-05
       134    8.9668511e-06
       135    5.2238338e-06
       136    3.0434210e-06
       137    1.7732024e-06
       138    1.0331859e-06
       139    6.0203621e-07
       140    3.5082533e-07
       141    2.0444831e-07
       142    1.1915179e-07
       143    6.9445186e-08
       144    4.0477005e-08
       145    2.3593882e-08
       146    1.3753568e-08
       147    8.0178220e-09
       148    4.6743662e-09
       149    2.7253004e-09
       150    1.5890282e-09
       151    9.2656227e-10
       152    5.4031063e-10
       153    3.1509284e-10
       154    1.8376375e-10
       155    1.0717852e-10
       156    6.2514736e-11
       157    3.6465657e-11
       158    2.1272225e-11
       159    1.2409929e-11
       160    7.2402475e-12
       161    4.2244051e-12
       162    2.4649382e-12
       163    1.4383848e-12
       164    8.3940792e-13
       165    4.8989193e-13
       166    2.8592826e-13
       167    1.6689518e-13
       168    9.7422850e-14
       169    5.6873309e-14
       170    3.3203756e-14
       171    1.9386411e-14
       172    1.1319818e-14
       173    6.6101884e-15
       174    3.8602997e-15
       175    2.2545580e-15
       176    1.3168477e-15
       177    7.6920830e-16
       178    4.4935246e-16
       179    2.6252195e-16
       180    1.5338398e-16
       181    8.9625344e-17
       182    5.2374367e-17
       183    3.0608670e-17
       184    1.7889923e-17
       185    1.0457107e-17
       186    6.1130000e-18
       187    3.5738611e-18
       188    2.0895951e-18
       189    1.2218802e-18
       190    7.1455858e-19
       191    4.1791755e-19
       192    2.4444872e-19
       193    1.4299807e-19
       194    8.3660162e-20
       195    4.8950171e-20
       196    2.8644260e-20
       197    1.6763696e-20
       198    9.8118678e-21
       199    5.7436005e-21
       200    3.3625465e-21
       201    1.9688151e-21
       202    1.1529087e-21
       203    6.7521056e-22
       204    3.9549290e-22
       205    2.3168302e-22
       206    1.3573960e-22
       207    7.9538346e-23
       208    4.6612765e-23
       209    2.7320724e-23
       210    1.6015446e-23
       211    9.3895755e-24
       212    5.5057091e-24
       213    3.2288008e-24
       214    1.8937823e-24
       215    1.1109120e-24
       216    6.5176319e-25
       217    3.8243730e-25
       218    2.2443485e-25
       219    1.3172833e-25
       220    7.7326069e-26
       221    4.5397219e-26
       222    2.6655542e-26
       223    1.5653048e-26
       224    9.1930853e-27
       225    5.3997306e-27
       226    3.1719658e-27
       227    1.8634909e-27
       228    1.0948757e-27
       229    6.4333489e-28
       230    3.7804170e-28
       231    2.2216100e-28
       232    1.3056180e-28
       233    7.6732419e-29
       234    4.5097236e-29
       235    2.6504681e-29
       236    1.5577213e-29
       237    9.1546951e-30
       238    5.3799341e-30
       239    3.1614069e-30
       240    1.8575705e-30
       241    1.0913456e-30
       242    6.4109365e-31
       243    3.7654131e-31
       244    2.2111850e-31
       245    1.2982183e-31
       246    7.6202485e-32
       247    4.4717498e-32
       248    2.6233766e-32
       249    1.5385306e-32
       250    9.0198892e-33
       251    5.2860688e-33
       252    3.0966184e-33
       253    1.8132276e-33
       254    1.0612384e-33
       255    6.2080589e-34
       256    3.6296671e-34
       257    2.1209566e-34
       258    1.2386156e-34
       259    7.2288093e-35
       260    4.2160723e-35
       261    2.4572312e-35
       262    1.4310879e-35
       263    8.3282648e-36
       264    4.8427982e-36
       265    2.8136981e-36
       266    1.6333668e-36
       267    9.4732933e-37
       268    5.4892776e-37
       269    3.1776976e-37
       270    1.8377200e-37
       271    1.0617002e-37
       272    6.1272678e-38
       273    3.5323276e-38
       274    2.0340944e-38
       275    1.1699964e-38
       276    6.7218438e-39
       277    3.8571847e-39
       278    2.2106408e-39
       279    1.2653767e-39
       280    7.2337409e-40
       281    4.1298788e-40
       282    2.3546719e-40
       283    1.3406923e-40
       284    7.6229235e-41
       285    4.3281906e-41
       286    2.4539539e-41
       287    1.3892473e-41
       288    7.8528766e-42
       289    4.4323070e-42
       290    2.4971139e-42
       291    1.4055024e-42
       292    7.8893104e-43
       293    4.4140902e-43
       294    2.4662853e-43
       295    1.3592595e-43
       296    7.5670117e-44
       297    4.0637655e-44
       298    2.2420775e-44
       299    1.1210388e-44
       300    4.2038954e-45
       301    1.4012985e-45
       302    0.0000000e+00
       303    0.0000000e+00
       304    0.0000000e+00
       305    0.0000000e+00
       306    0.0000000e+00
       307    0.0000000e+00
       308    0.0000000e+00
       309    0.0000000e+00
       310    0.0000000e+00
       311    0.0000000e+00
       312    0.0000000e+00
       313    0.0000000e+00
       314    0.0000000e+00
       315    0.0000000e+00
       316    0.0000000e+00
       317    0.0000000e+00
       318    0.0000000e+00
       319    0.0000000e+00
       320    0.0000000e+00
       321    0.0000000e+00
       322    0.0000000e+00
       323    0.0000000e+00
       324    0.0000000e+00
       325    0.0000000e+00
       326    0.0000000e+00
       327    0.0000000e+00
       328    0.0000000e+00
       329    0.0000000e+00
       330    0.0000000e+00
       331    0.0000000e+00
       332    0.0000000e+00
       333    0.0000000e+00
       334    0.0000000e+00
       335    0.0000000e+00
       336    0.0000000e+00
       337    0.0000000e+00
       338    0.0000000e+00
       339    0.0000000e+00
       340    0.0000000e+00
       341    0.0000000e+00
       342    0.0000000e+00
       343    0.0000000e+00
       344    0.0000000e+00
       345    0.0000000e+00
       346    0.0000000e+00
       347    0.0000000e+00
       348    0.0000000e+00
       349    0.0000000e+00
       350    0.0000000e+00
       351    0.0000000e+00
       352    0.0000000e+00
       353    0.0000000e+00
       354    0.0000000e+00
       355    0.0000000e+00
       356    0.0000000e+00
       357    0.0000000e+00
       358    0.0000000e+00
       359    0.0000000e+00
       360    0.0000000e+00
       361    0.0000000e+00
       362    0.0000000e+00
       363    0.0000000e+00
       364    0.0000000e+00
       365    0.0000000e+00
       366    0.0000000e+00
       367    0.0000000e+00
       368    0.0000000e+00
       369    0.0000000e+00
       370    0.0000000e+00
       371    0.0000000e+00
       372    0.0000000e+00
       373    0.0000000e+00
       374    0.0000000e+00
       375    0.0000000e+00
       376    0.0000000e+00
       377    0.0000000e+00
       378    0.0000000e+00
       379    0.0000000e+00
       380    0.0000000e+00
       381    0.0000000e+00
       382    0.0000000e+00
       383    0.0000000e+00
       384    0.0000000e+00
       385    0.0000000e+00
       386    0.0000000e+00
       387    0.0000000e+00
       388    0.0000000e+00
       389    0.0000000e+00
       390    0.0000000e+00
       391    0.0000000e+00
       392    0.0000000e+00
       393    0.0000000e+00
       394    0.0000000e+00
       395    0.0000000e+00
       396    0.0000000e+00
       397    0.0000000e+00
       398    0.0000000e+00
       399    0.0000000e+00
       400    0.0000000e+00
       401    0.0000000e+00
       402    0.0000000e+00
       403    0.0000000e+00
       404    0.0000000e+00
       405    0.0000000e+00
       406    0.0000000e+00
       407    0.0000000e+00
       408    0.0000000e+00
       409    0.0000000e+00
       410    0.0000000e+00
       411    0.0000000e+00
       412    0.0000000e+00
       413    0.0000000e+00
       414    0.0000000e+00
       415    0.0000000e+00
       416    0.0000000e+00
       417    0.0000000e+00
       418    0.0000000e+00
       419    0.0000000e+00
       420    0.0000000e+00
       421    0.0000000e+00
       422    0.0000000e+00
       423    0.0000000e+00
       424    0.0000000e+00
       425    0.0000000e+00
       426    0.0000000e+00
       427    0.0000000e+00
       428    0.0000000e+00
       429    0.0000000e+00
       430    0.0000000e+00
       431    0.0000000e+00
       432    0.0000000e+00
       433    0.0000000e+00
       434    0.0000000e+00
       435    0.0000000e+00
       436    0.0000000e+00
       437    0.0000000e+00
       438    0.0000000e+00
       439    0.0000000e+00
       440    0.0000000e+00
       441    0.0000000e+00
       442    0.0000000e+00
       443    0.0000000e+00
       444    0.0000000e+00
       445    0.0000000e+00
       446    0.0000000e+00
       447    0.0000000e+00
       448    0.0000000e+00
       449    0.0000000e+00
       450    0.0000000e+00
       451    0.0000000e+00
       452    0.0000000e+00
       453    0.0000000e+00
       454    0.0000000e+00
       455    0.0000000e+00
       456    0.0000000e+00
       457    0.0000000e+00
       458    0.0000000e+00
       459    0.0000000e+00
       460    0.0000000e+00
       461    0.0000000e+00
       462    0.0000000e+00
       463    0.0000000e+00
       464    0.0000000e+00
       465    0.0000000e+00
       466    0.0000000e+00
       467    0.0000000e+00
       468    0.0000000e+00
       469    0.0000000e+00
       470    0.0000000e+00
       471    0.0000000e+00
       472    0.0000000e+00
       473    0.0000000e+00
       474    0.0000000e+00
       475    0.0000000e+00
       476    0.0000000e+00
       477    0.0000000e+00
       478    0.0000000e+00
       479    0.0000000e+00
       480    0.0000000e+00
       481    0.0000000e+00
       482    0.0000000e+00
       483    0.0000000e+00
       484    0.0000000e+00
       485    0.0000000e+00
       486    0.0000000e+00
       487    0.0000000e+00
       488    0.0000000e+00
       489    0.0000000e+00
       490    0.0000000e+00
       491    0.0000000e+00
       492    0.0000000e+00
       493    0.0000000e+00
       494    0.0000000e+00
       495    0.0000000e+00
       496    0.0000000e+00
       497    0.0000000e+00
       498    0.0000000e+00
       499    0.0000000e+00
       500    0.0000000e+00
       501    0.0000000e+00
       502    0.0000000e+00
       503    0.0000000e+00
       504    0.0000000e+00
       505    0.0000000e+00
       506    0.0000000e+00
       507    0.0000000e+00
       508    0.0000000e+00
       509    0.0000000e+00
       510    0.0000000e+00
       511    0.0000000e+00
       512    0.0000000e+00
