         1    9.9999976e-01
         2    9.9999976e-01
         3    9.9999976e-01
         4    9.9999976e-01
         5    9.9999976e-01
         6    9.9999976e-01
         7    9.9999976e-01
         8    9.9999976e-01
         9    9.9999976e-01
        10    9.9999976e-01
        11    9.9999976e-01
        12    9.9999976e-01
        13    9.9999976e-01
        14    9.9999976e-01
        15    9.9999976e-01
        16    9.9999976e-01
        17    9.9999976e-01
        18    9.9999976e-01
        19    9.9999976e-01
        20    9.9999976e-01
        21    9.9999976e-01
        22    9.9999976e-01
        23    9.9999976e-01
        24    9.9999976e-01
        25    9.9999976e-01
        26    9.9999976e-01
        27    9.9999976e-01
        28    9.9999976e-01
        29    9.9999976e-01
        30    9.9999976e-01
        31    9.9999976e-01
        32    9.9999976e-01
        33    9.9999976e-01
        34    9.9999976e-01
        35    9.9999976e-01
        36    9.9999976e-01
        37    9.9999976e-01
        38    9.9999976e-01
        39    9.9999976e-01
        40    9.9999976e-01
        41    9.9999976e-01
        42    9.9999976e-01
        43    9.9999976e-01
        44    9.9999976e-01
        45    9.9999976e-01
        46    9.9999976e-01
        47    9.9999976e-01
        48    9.9999976e-01
        49    9.9999976e-01
        50    9.9999976e-01
        51    9.9999976e-01
        52    9.9999976e-01
        53    9.9999976e-01
        54    9.9999976e-01
        55    9.9999976e-01
        56    9.9999976e-01
        57    9.9999976e-01
        58    9.9999976e-01
        59    9.9999976e-01
        60    9.9999976e-01
        61    9.9999976e-01
        62    9.9999976e-01
        63    9.9999976e-01
        64    9.9999976e-01
        65    9.9999976e-01
        66    9.9999976e-01
        67    9.9999976e-01
        68    9.9999976e-01
        69    9.9999976e-01
        70    9.9999976e-01
        71    9.9999976e-01
        72    9.9999976e-01
        73    9.9999976e-01
        74    9.9999976e-01
        75    9.9999976e-01
        76    9.9999976e-01
        77    9.9999976e-01
        78    9.9999976e-01
        79    9.9999976e-01
        80    9.9999976e-01
        81    9.9999976e-01
        82    9.9999976e-01
        83    9.9999976e-01
        84    9.9999976e-01
        85    9.9999976e-01
        86    9.9999976e-01
        87    9.9999976e-01
        88    9.9999976e-01
        89    9.9999976e-01
        90    9.9999976e-01
        91    9.9999976e-01
        92    9.9999976e-01
        93    9.9999976e-01
        94    9.9999976e-01
        95    9.9999976e-01
        96    9.9999976e-01
        97    9.9999976e-01
        98    9.9999976e-01
        99    9.9999976e-01
       100    9.9999976e-01
       101    9.9999976e-01
       102    9.9999976e-01
       103    9.9999976e-01
       104    9.9999976e-01
       105    9.9999976e-01
       106    9.9999976e-01
       107    9.9999976e-01
       108    9.9999976e-01
       109    9.9999976e-01
       110    9.9999976e-01
       111    9.9999976e-01
       112    9.9999976e-01
       113    9.9999976e-01
       114    9.9999976e-01
       115    9.9999976e-01
       116    9.9999976e-01
       117    9.9999976e-01
       118    9.9999976e-01
       119    9.9999976e-01
       120    9.9999976e-01
       121    9.9999976e-01
       122    9.9999976e-01
       123    9.9999976e-01
       124    9.9999976e-01
       125    9.9999976e-01
       126    9.9999976e-01
       127    9.9999976e-01
       128    9.9999976e-01
       129    9.9999976e-01
       130    9.9999976e-01
       131    9.9999976e-01
       132    9.9999976e-01
       133    9.9999976e-01
       134    9.9999976e-01
       135    9.9999976e-01
       136    9.9999976e-01
       137    9.9999976e-01
       138    9.9999976e-01
       139    9.9999976e-01
       140    9.9999976e-01
       141    9.9999976e-01
       142    9.9999976e-01
       143    9.9999976e-01
       144    9.9999976e-01
       145    9.9999976e-01
       146    9.9999976e-01
       147    9.9999976e-01
       148    9.9999976e-01
       149    9.9999976e-01
       150    9.9999976e-01
       151    9.9999976e-01
       152    9.9999976e-01
       153    9.9999976e-01
       154    9.9999976e-01
       155    9.9999976e-01
       156    9.9999976e-01
       157    9.9999976e-01
       158    9.9999976e-01
       159    9.9999976e-01
       160    9.9999976e-01
       161    9.9999976e-01
       162    9.9999964e-01
       163    9.9999952e-01
       164    9.9999917e-01
       165    9.9999857e-01
       166    9.9999756e-01
       167    9.9999583e-01
       168    9.9999279e-01
       169    9.9998748e-01
       170    9.9997830e-01
       171    9.9996239e-01
       172    9.9993485e-01
       173    9.9988711e-01
       174    9.9980438e-01
       175    9.9966109e-01
       176    9.9941283e-01
       177    9.9898285e-01
       178    9.9823850e-01
       179    9.9695092e-01
       180    9.9472666e-01
       181    9.9089348e-01
       182    9.8431426e-01
       183    9.7310042e-01
       184    9.5421439e-01
       185    9.2304343e-01
       186    8.7329394e-01
       187    7.9806811e-01
       188    6.9334078e-01
       189    5.6357348e-01
       190    4.2455533e-01
       191    2.9707682e-01
       192    1.9551542e-01
       193    1.2301931e-01
       194    7.5102948e-02
       195    4.4980649e-02
       196    2.6625862e-02
       197    1.5650619e-02
       198    9.1612795e-03
       199    5.3496314e-03
       200    3.1194380e-03
       201    1.8174942e-03
       202    1.0584388e-03
       203    6.1623030e-04
       204    3.5872089e-04
       205    2.0880300e-04
       206    1.2153483e-04
       207    7.0739006e-05
       208    4.1173444e-05
       209    2.3965087e-05
       210    1.3949106e-05
       211    8.1193357e-06
       212    4.7260901e-06
       213    2.7510048e-06
       214    1.6013591e-06
       215    9.3216823e-07
       216    5.4263546e-07
       217    3.1588596e-07
       218    1.8389115e-07
       219    1.0705321e-07
       220    6.2322798e-08
       221    3.6282952e-08
       222    2.1123538e-08
       223    1.2298131e-08
       224    7.1601152e-09
       225    4.1687835e-09
       226    2.4272089e-09
       227    1.4132319e-09
       228    8.2286417e-10
       229    4.7912779e-10
       230    2.7898642e-10
       231    1.6245134e-10
       232    9.4595852e-11
       233    5.5084503e-11
       234    3.2077119e-11
       235    1.8679697e-11
       236    1.0878097e-11
       237    6.3349716e-12
       238    3.6893097e-12
       239    2.1485932e-12
       240    1.2513303e-12
       241    7.2878335e-13
       242    4.2445699e-13
       243    2.4721664e-13
       244    1.4398939e-13
       245    8.3867205e-14
       246    4.8849786e-14
       247    2.8453917e-14
       248    1.6574114e-14
       249    9.6544510e-15
       250    5.6238515e-15
       251    3.2760395e-15
       252    1.9084177e-15
       253    1.1117493e-15
       254    6.4766347e-16
       255    3.7731241e-16
       256    2.1981736e-16
       257    1.2806551e-16
       258    7.4612499e-17
       259    4.3471071e-17
       260    2.5327857e-17
       261    1.4757268e-17
       262    8.5985052e-18
       263    5.0101358e-18
       264    2.9193458e-18
       265    1.7011053e-18
       266    9.9125757e-19
       267    5.7763237e-19
       268    3.3660944e-19
       269    1.9616020e-19
       270    1.1431556e-19
       271    6.6620784e-20
       272    3.8826129e-20
       273    2.2628123e-20
       274    1.3188124e-20
       275    7.6864838e-21
       276    4.4800478e-21
       277    2.6112462e-21
       278    1.5220306e-21
       279    8.8717514e-22
       280    5.1713727e-22
       281    3.0144834e-22
       282    1.7572379e-22
       283    1.0243750e-22
       284    5.9717029e-23
       285    3.4813546e-23
       286    2.0295946e-23
       287    1.1832632e-23
       288    6.8986572e-24
       289    4.0221560e-24
       290    2.3451174e-24
       291    1.3673561e-24
       292    7.9727864e-25
       293    4.6489003e-25
       294    2.7108281e-25
       295    1.5807582e-25
       296    9.2180868e-26
       297    5.3756144e-26
       298    3.1349271e-26
       299    1.8282642e-26
       300    1.0662591e-26
       301    6.2186903e-27
       302    3.6270002e-27
       303    2.1154798e-27
       304    1.2339084e-27
       305    7.1973032e-28
       306    4.1982629e-28
       307    2.4489651e-28
       308    1.4285939e-28
       309    8.3339015e-29
       310    4.8618485e-29
       311    2.8364043e-29
       312    1.6548120e-29
       313    9.6547959e-30
       314    5.6331540e-30
       315    3.2868086e-30
       316    1.9178365e-30
       317    1.1190856e-30
       318    6.5302492e-31
       319    3.8107554e-31
       320    2.2238602e-31
       321    1.2978339e-31
       322    7.5743637e-32
       323    4.4206778e-32
       324    2.5801640e-32
       325    1.5059888e-32
       326    8.7904768e-33
       327    5.1312066e-33
       328    2.9953194e-33
       329    1.7485725e-33
       330    1.0208013e-33
       331    5.9595851e-34
       332    3.4794321e-34
       333    2.0315077e-34
       334    1.1861690e-34
       335    6.9261665e-35
       336    4.0444347e-35
       337    2.3617913e-35
       338    1.3792539e-35
       339    8.0550141e-36
       340    4.7044405e-36
       341    2.7477019e-36
       342    1.6049130e-36
       343    9.3746257e-37
       344    5.4761740e-37
       345    3.1990554e-37
       346    1.8689075e-37
       347    1.0918822e-37
       348    6.3794909e-38
       349    3.7275105e-38
       350    2.1780846e-38
       351    1.2727819e-38
       352    7.4380152e-39
       353    4.3469455e-39
       354    2.5405990e-39
       355    1.4849532e-39
       356    8.6799089e-40
       357    5.0739056e-40
       358    2.9661705e-40
       359    1.7341068e-40
       360    1.0138675e-40
       361    5.9280530e-41
       362    3.4662519e-41
       363    2.0268381e-41
       364    1.1852182e-41
       365    6.9322235e-42
       366    4.0539565e-42
       367    2.3709970e-42
       368    1.3872855e-42
       369    8.1135181e-43
       370    4.7363888e-43
       371    2.7745710e-43
       372    1.6114932e-43
       373    9.3886997e-44
       374    5.4650640e-44
       375    3.0828566e-44
       376    1.6815582e-44
       377    8.4077908e-45
       378    2.8025969e-45
       379    0.0000000e+00
       380    0.0000000e+00
       381    0.0000000e+00
       382    0.0000000e+00
       383    0.0000000e+00
       384    0.0000000e+00
       385    0.0000000e+00
       386    0.0000000e+00
       387    0.0000000e+00
       388    0.0000000e+00
       389    0.0000000e+00
       390    0.0000000e+00
       391    0.0000000e+00
       392    0.0000000e+00
       393    0.0000000e+00
       394    0.0000000e+00
       395    0.0000000e+00
       396    0.0000000e+00
       397    0.0000000e+00
       398    0.0000000e+00
       399    0.0000000e+00
       400    0.0000000e+00
       401    0.0000000e+00
       402    0.0000000e+00
       403    0.0000000e+00
       404    0.0000000e+00
       405    0.0000000e+00
       406    0.0000000e+00
       407    0.0000000e+00
       408    0.0000000e+00
       409    0.0000000e+00
       410    0.0000000e+00
       411    0.0000000e+00
       412    0.0000000e+00
       413    0.0000000e+00
       414    0.0000000e+00
       415    0.0000000e+00
       416    0.0000000e+00
       417    0.0000000e+00
       418    0.0000000e+00
       419    0.0000000e+00
       420    0.0000000e+00
       421    0.0000000e+00
       422    0.0000000e+00
       423    0.0000000e+00
       424    0.0000000e+00
       425    0.0000000e+00
       426    0.0000000e+00
       427    0.0000000e+00
       428    0.0000000e+00
       429    0.0000000e+00
       430    0.0000000e+00
       431    0.0000000e+00
       432    0.0000000e+00
       433    0.0000000e+00
       434    0.0000000e+00
       435    0.0000000e+00
       436    0.0000000e+00
       437    0.0000000e+00
       438    0.0000000e+00
       439    0.0000000e+00
       440    0.0000000e+00
       441    0.0000000e+00
       442    0.0000000e+00
       443    0.0000000e+00
       444    0.0000000e+00
       445    0.0000000e+00
       446    0.0000000e+00
       447    0.0000000e+00
       448    0.0000000e+00
       449    0.0000000e+00
       450    0.0000000e+00
       451    0.0000000e+00
       452    0.0000000e+00
       453    0.0000000e+00
       454    0.0000000e+00
       455    0.0000000e+00
       456    0.0000000e+00
       457    0.0000000e+00
       458    0.0000000e+00
       459    0.0000000e+00
       460    0.0000000e+00
       461    0.0000000e+00
       462    0.0000000e+00
       463    0.0000000e+00
       464    0.0000000e+00
       465    0.0000000e+00
       466    0.0000000e+00
       467    0.0000000e+00
       468    0.0000000e+00
       469    0.0000000e+00
       470    0.0000000e+00
       471    0.0000000e+00
       472    0.0000000e+00
       473    0.0000000e+00
       474    0.0000000e+00
       475    0.0000000e+00
       476    0.0000000e+00
       477    0.0000000e+00
       478    0.0000000e+00
       479    0.0000000e+00
       480    0.0000000e+00
       481    0.0000000e+00
       482    0.0000000e+00
       483    0.0000000e+00
       484    0.0000000e+00
       485    0.0000000e+00
       486    0.0000000e+00
       487    0.0000000e+00
       488    0.0000000e+00
       489    0.0000000e+00
       490    0.0000000e+00
       491    0.0000000e+00
       492    0.0000000e+00
       493    0.0000000e+00
       494    0.0000000e+00
       495    0.0000000e+00
       496    0.0000000e+00
       497    0.0000000e+00
       498    0.0000000e+00
       499    0.0000000e+00
       500    0.0000000e+00
       501    0.0000000e+00
       502    0.0000000e+00
       503    0.0000000e+00
       504    0.0000000e+00
       505    0.0000000e+00
       506    0.0000000e+00
       507    0.0000000e+00
       508    0.0000000e+00
       509    0.0000000e+00
       510    0.0000000e+00
       511    0.0000000e+00
       512    0.0000000e+00
