         1    9.9999976e-01
         2    9.9999976e-01
         3    9.9999976e-01
         4    9.9999976e-01
         5    9.9999976e-01
         6    9.9999976e-01
         7    9.9999976e-01
         8    9.9999976e-01
         9    9.9999976e-01
        10    9.9999976e-01
        11    9.9999976e-01
        12    9.9999976e-01
        13    9.9999976e-01
        14    9.9999976e-01
        15    9.9999976e-01
        16    9.9999976e-01
        17    9.9999976e-01
        18    9.9999976e-01
        19    9.9999976e-01
        20    9.9999976e-01
        21    9.9999976e-01
        22    9.9999976e-01
        23    9.9999976e-01
        24    9.9999976e-01
        25    9.9999976e-01
        26    9.9999976e-01
        27    9.9999976e-01
        28    9.9999976e-01
        29    9.9999976e-01
        30    9.9999976e-01
        31    9.9999976e-01
        32    9.9999976e-01
        33    9.9999976e-01
        34    9.9999976e-01
        35    9.9999976e-01
        36    9.9999976e-01
        37    9.9999976e-01
        38    9.9999976e-01
        39    9.9999976e-01
        40    9.9999976e-01
        41    9.9999976e-01
        42    9.9999976e-01
        43    9.9999976e-01
        44    9.9999976e-01
        45    9.9999976e-01
        46    9.9999976e-01
        47    9.9999976e-01
        48    9.9999976e-01
        49    9.9999976e-01
        50    9.9999976e-01
        51    9.9999976e-01
        52    9.9999976e-01
        53    9.9999976e-01
        54    9.9999976e-01
        55    9.9999976e-01
        56    9.9999976e-01
        57    9.9999976e-01
        58    9.9999976e-01
        59    9.9999976e-01
        60    9.9999964e-01
        61    9.9999940e-01
        62    9.9999905e-01
        63    9.9999833e-01
        64    9.9999714e-01
        65    9.9999511e-01
        66    9.9999154e-01
        67    9.9998534e-01
        68    9.9997461e-01
        69    9.9995601e-01
        70    9.9992394e-01
        71    9.9986827e-01
        72    9.9977201e-01
        73    9.9960536e-01
        74    9.9931687e-01
        75    9.9881774e-01
        76    9.9795437e-01
        77    9.9646240e-01
        78    9.9388808e-01
        79    9.8945791e-01
        80    9.8186958e-01
        81    9.6897542e-01
        82    9.4736415e-01
        83    9.1196984e-01
        84    8.5617077e-01
        85    7.7338427e-01
        86    6.6126096e-01
        87    5.2724600e-01
        88    3.8941497e-01
        89    2.6785237e-01
        90    1.7402339e-01
        91    1.0855038e-01
        92    6.5915383e-02
        93    3.9357614e-02
        94    2.3261208e-02
        95    1.3664632e-02
        96    7.9987030e-03
        97    4.6725078e-03
        98    2.7263078e-03
        99    1.5897200e-03
       100    9.2665892e-04
       101    5.4007006e-04
       102    3.1474332e-04
       103    1.8342797e-04
       104    1.0690370e-04
       105    6.2308463e-05
       106    3.6319005e-05
       107    2.1171743e-05
       108    1.2342894e-05
       109    7.1964178e-06
       110    4.1961939e-06
       111    2.4470064e-06
       112    1.4271039e-06
       113    8.3237182e-07
       114    4.8553528e-07
       115    2.8324766e-07
       116    1.6525487e-07
       117    9.6423989e-08
       118    5.6267702e-08
       119    3.2838020e-08
       120    1.9166329e-08
       121    1.1187822e-08
       122    6.5312658e-09
       123    3.8132466e-09
       124    2.2265820e-09
       125    1.3002578e-09
       126    7.5939494e-10
       127    4.4356180e-10
       128    2.5911318e-10
       129    1.5138207e-10
       130    8.8452433e-11
       131    5.1688782e-11
       132    3.0208891e-11
       133    1.7657377e-11
       134    1.0322177e-11
       135    6.0349148e-12
       136    3.5287968e-12
       137    2.0636630e-12
       138    1.2070038e-12
       139    7.0605278e-13
       140    4.1307178e-13
       141    2.4169897e-13
       142    1.4144450e-13
       143    8.2786683e-14
       144    4.8461764e-14
       145    2.8372875e-14
       146    1.6613992e-14
       147    9.7299877e-15
       148    5.6992713e-15
       149    3.3388438e-15
       150    1.9563365e-15
       151    1.1464700e-15
       152    6.7197681e-16
       153    3.9392996e-16
       154    2.3097104e-16
       155    1.3544725e-16
       156    7.9443319e-17
       157    4.6603561e-17
       158    2.7343570e-17
       159    1.6045947e-17
       160    9.4177863e-18
       161    5.5284670e-18
       162    3.2458737e-18
       163    1.9060220e-18
       164    1.1194161e-18
       165    6.5753667e-19
       166    3.8628714e-19
       167    2.2696500e-19
       168    1.3337116e-19
       169    7.8381741e-20
       170    4.6069411e-20
       171    2.7080050e-20
       172    1.5919120e-20
       173    9.3586770e-21
       174    5.5020944e-21
       175    3.2348303e-21
       176    1.9018482e-21
       177    1.1181277e-21
       178    6.5733651e-22
       179    3.8641489e-22
       180    2.2713176e-22
       181    1.3348958e-22
       182    7.8442075e-23
       183    4.6086021e-23
       184    2.7070311e-23
       185    1.5896664e-23
       186    9.3323657e-24
       187    5.4768897e-24
       188    3.2130382e-24
       189    1.8841690e-24
       190    1.1044039e-24
       191    6.4702574e-25
       192    3.7886270e-25
       193    2.2171209e-25
       194    1.2966550e-25
       195    7.5782157e-26
       196    4.4258480e-26
       197    2.5828103e-26
       198    1.5060315e-26
       199    8.7740492e-27
       200    5.1070412e-27
       201    2.9697551e-27
       202    1.7251724e-27
       203    1.0011139e-27
       204    5.8029945e-28
       205    3.3598288e-28
       206    1.9429298e-28
       207    1.1221497e-28
       208    6.4725751e-29
       209    3.7283359e-29
       210    2.1445877e-29
       211    1.2318076e-29
       212    7.0646706e-30
       213    4.0454869e-30
       214    2.3129153e-30
       215    1.3201983e-30
       216    7.5229791e-31
       217    4.2794996e-31
       218    2.4301324e-31
       219    1.3774711e-31
       220    7.7935058e-32
       221    4.4011231e-32
       222    2.4806037e-32
       223    1.3953967e-32
       224    7.8337214e-33
       225    4.3888698e-33
       226    2.4537813e-33
       227    1.3689967e-33
       228    7.6214489e-34
       229    4.2337665e-34
       230    2.3466938e-34
       231    1.2978142e-34
       232    7.1611345e-35
       233    3.9423173e-35
       234    2.1652554e-35
       235    1.1864308e-35
       236    6.4854414e-36
       237    3.5366255e-36
       238    1.9238885e-36
       239    1.0440019e-36
       240    5.6512260e-37
       241    3.0513635e-37
       242    1.6434075e-37
       243    8.8285043e-38
       244    4.7305359e-38
       245    2.5281678e-38
       246    1.3476125e-38
       247    7.1643948e-39
       248    3.7987534e-39
       249    2.0088230e-39
       250    1.0594335e-39
       251    5.5722353e-40
       252    2.9228283e-40
       253    1.5289147e-40
       254    7.9756303e-41
       255    4.1489645e-41
       256    2.1522543e-41
       257    1.1133316e-41
       258    5.7425211e-42
       259    2.9525359e-42
       260    1.5134023e-42
       261    7.7351675e-43
       262    3.9376487e-43
       263    2.0038568e-43
       264    1.0089349e-43
       265    5.0446745e-44
       266    2.3822074e-44
       267    1.1210388e-44
       268    4.2038954e-45
       269    1.4012985e-45
       270    0.0000000e+00
       271    0.0000000e+00
       272    0.0000000e+00
       273    0.0000000e+00
       274    0.0000000e+00
       275    0.0000000e+00
       276    0.0000000e+00
       277    0.0000000e+00
       278    0.0000000e+00
       279    0.0000000e+00
       280    0.0000000e+00
       281    0.0000000e+00
       282    0.0000000e+00
       283    0.0000000e+00
       284    0.0000000e+00
       285    0.0000000e+00
       286    0.0000000e+00
       287    0.0000000e+00
       288    0.0000000e+00
       289    0.0000000e+00
       290    0.0000000e+00
       291    0.0000000e+00
       292    0.0000000e+00
       293    0.0000000e+00
       294    0.0000000e+00
       295    0.0000000e+00
       296    0.0000000e+00
       297    0.0000000e+00
       298    0.0000000e+00
       299    0.0000000e+00
       300    0.0000000e+00
       301    0.0000000e+00
       302    0.0000000e+00
       303    0.0000000e+00
       304    0.0000000e+00
       305    0.0000000e+00
       306    0.0000000e+00
       307    0.0000000e+00
       308    0.0000000e+00
       309    0.0000000e+00
       310    0.0000000e+00
       311    0.0000000e+00
       312    0.0000000e+00
       313    0.0000000e+00
       314    0.0000000e+00
       315    0.0000000e+00
       316    0.0000000e+00
       317    0.0000000e+00
       318    0.0000000e+00
       319    0.0000000e+00
       320    0.0000000e+00
       321    0.0000000e+00
       322    0.0000000e+00
       323    0.0000000e+00
       324    0.0000000e+00
       325    0.0000000e+00
       326    0.0000000e+00
       327    0.0000000e+00
       328    0.0000000e+00
       329    0.0000000e+00
       330    0.0000000e+00
       331    0.0000000e+00
       332    0.0000000e+00
       333    0.0000000e+00
       334    0.0000000e+00
       335    0.0000000e+00
       336    0.0000000e+00
       337    0.0000000e+00
       338    0.0000000e+00
       339    0.0000000e+00
       340    0.0000000e+00
       341    0.0000000e+00
       342    0.0000000e+00
       343    0.0000000e+00
       344    0.0000000e+00
       345    0.0000000e+00
       346    0.0000000e+00
       347    0.0000000e+00
       348    0.0000000e+00
       349    0.0000000e+00
       350    0.0000000e+00
       351    0.0000000e+00
       352    0.0000000e+00
       353    0.0000000e+00
       354    0.0000000e+00
       355    0.0000000e+00
       356    0.0000000e+00
       357    0.0000000e+00
       358    0.0000000e+00
       359    0.0000000e+00
       360    0.0000000e+00
       361    0.0000000e+00
       362    0.0000000e+00
       363    0.0000000e+00
       364    0.0000000e+00
       365    0.0000000e+00
       366    0.0000000e+00
       367    0.0000000e+00
       368    0.0000000e+00
       369    0.0000000e+00
       370    0.0000000e+00
       371    0.0000000e+00
       372    0.0000000e+00
       373    0.0000000e+00
       374    0.0000000e+00
       375    0.0000000e+00
       376    0.0000000e+00
       377    0.0000000e+00
       378    0.0000000e+00
       379    0.0000000e+00
       380    0.0000000e+00
       381    0.0000000e+00
       382    0.0000000e+00
       383    0.0000000e+00
       384    0.0000000e+00
       385    0.0000000e+00
       386    0.0000000e+00
       387    0.0000000e+00
       388    0.0000000e+00
       389    0.0000000e+00
       390    0.0000000e+00
       391    0.0000000e+00
       392    0.0000000e+00
       393    0.0000000e+00
       394    0.0000000e+00
       395    0.0000000e+00
       396    0.0000000e+00
       397    0.0000000e+00
       398    0.0000000e+00
       399    0.0000000e+00
       400    0.0000000e+00
       401    0.0000000e+00
       402    0.0000000e+00
       403    0.0000000e+00
       404    0.0000000e+00
       405    0.0000000e+00
       406    0.0000000e+00
       407    0.0000000e+00
       408    0.0000000e+00
       409    0.0000000e+00
       410    0.0000000e+00
       411    0.0000000e+00
       412    0.0000000e+00
       413    0.0000000e+00
       414    0.0000000e+00
       415    0.0000000e+00
       416    0.0000000e+00
       417    0.0000000e+00
       418    0.0000000e+00
       419    0.0000000e+00
       420    0.0000000e+00
       421    0.0000000e+00
       422    0.0000000e+00
       423    0.0000000e+00
       424    0.0000000e+00
       425    0.0000000e+00
       426    0.0000000e+00
       427    0.0000000e+00
       428    0.0000000e+00
       429    0.0000000e+00
       430    0.0000000e+00
       431    0.0000000e+00
       432    0.0000000e+00
       433    0.0000000e+00
       434    0.0000000e+00
       435    0.0000000e+00
       436    0.0000000e+00
       437    0.0000000e+00
       438    0.0000000e+00
       439    0.0000000e+00
       440    0.0000000e+00
       441    0.0000000e+00
       442    0.0000000e+00
       443    0.0000000e+00
       444    0.0000000e+00
       445    0.0000000e+00
       446    0.0000000e+00
       447    0.0000000e+00
       448    0.0000000e+00
       449    0.0000000e+00
       450    0.0000000e+00
       451    0.0000000e+00
       452    0.0000000e+00
       453    0.0000000e+00
       454    0.0000000e+00
       455    0.0000000e+00
       456    0.0000000e+00
       457    0.0000000e+00
       458    0.0000000e+00
       459    0.0000000e+00
       460    0.0000000e+00
       461    0.0000000e+00
       462    0.0000000e+00
       463    0.0000000e+00
       464    0.0000000e+00
       465    0.0000000e+00
       466    0.0000000e+00
       467    0.0000000e+00
       468    0.0000000e+00
       469    0.0000000e+00
       470    0.0000000e+00
       471    0.0000000e+00
       472    0.0000000e+00
       473    0.0000000e+00
       474    0.0000000e+00
       475    0.0000000e+00
       476    0.0000000e+00
       477    0.0000000e+00
       478    0.0000000e+00
       479    0.0000000e+00
       480    0.0000000e+00
       481    0.0000000e+00
       482    0.0000000e+00
       483    0.0000000e+00
       484    0.0000000e+00
       485    0.0000000e+00
       486    0.0000000e+00
       487    0.0000000e+00
       488    0.0000000e+00
       489    0.0000000e+00
       490    0.0000000e+00
       491    0.0000000e+00
       492    0.0000000e+00
       493    0.0000000e+00
       494    0.0000000e+00
       495    0.0000000e+00
       496    0.0000000e+00
       497    0.0000000e+00
       498    0.0000000e+00
       499    0.0000000e+00
       500    0.0000000e+00
       501    0.0000000e+00
       502    0.0000000e+00
       503    0.0000000e+00
       504    0.0000000e+00
       505    0.0000000e+00
       506    0.0000000e+00
       507    0.0000000e+00
       508    0.0000000e+00
       509    0.0000000e+00
       510    0.0000000e+00
       511    0.0000000e+00
       512    0.0000000e+00
