         1    9.9999976e-01
         2    9.9999976e-01
         3    9.9999976e-01
         4    9.9999976e-01
         5    9.9999976e-01
         6    9.9999976e-01
         7    9.9999976e-01
         8    9.9999976e-01
         9    9.9999976e-01
        10    9.9999976e-01
        11    9.9999976e-01
        12    9.9999976e-01
        13    9.9999976e-01
        14    9.9999976e-01
        15    9.9999976e-01
        16    9.9999976e-01
        17    9.9999976e-01
        18    9.9999976e-01
        19    9.9999976e-01
        20    9.9999976e-01
        21    9.9999976e-01
        22    9.9999976e-01
        23    9.9999976e-01
        24    9.9999976e-01
        25    9.9999976e-01
        26    9.9999976e-01
        27    9.9999976e-01
        28    9.9999976e-01
        29    9.9999976e-01
        30    9.9999976e-01
        31    9.9999976e-01
        32    9.9999976e-01
        33    9.9999976e-01
        34    9.9999976e-01
        35    9.9999976e-01
        36    9.9999976e-01
        37    9.9999976e-01
        38    9.9999976e-01
        39    9.9999976e-01
        40    9.9999976e-01
        41    9.9999976e-01
        42    9.9999976e-01
        43    9.9999976e-01
        44    9.9999976e-01
        45    9.9999976e-01
        46    9.9999976e-01
        47    9.9999976e-01
        48    9.9999976e-01
        49    9.9999976e-01
        50    9.9999976e-01
        51    9.9999976e-01
        52    9.9999976e-01
        53    9.9999976e-01
        54    9.9999976e-01
        55    9.9999976e-01
        56    9.9999976e-01
        57    9.9999976e-01
        58    9.9999976e-01
        59    9.9999976e-01
        60    9.9999976e-01
        61    9.9999976e-01
        62    9.9999976e-01
        63    9.9999976e-01
        64    9.9999976e-01
        65    9.9999976e-01
        66    9.9999976e-01
        67    9.9999976e-01
        68    9.9999976e-01
        69    9.9999976e-01
        70    9.9999976e-01
        71    9.9999976e-01
        72    9.9999976e-01
        73    9.9999976e-01
        74    9.9999976e-01
        75    9.9999976e-01
        76    9.9999970e-01
        77    9.9999964e-01
        78    9.9999940e-01
        79    9.9999905e-01
        80    9.9999833e-01
        81    9.9999708e-01
        82    9.9999493e-01
        83    9.9999124e-01
        84    9.9998486e-01
        85    9.9997377e-01
        86    9.9995464e-01
        87    9.9992150e-01
        88    9.9986404e-01
        89    9.9976456e-01
        90    9.9959236e-01
        91    9.9929416e-01
        92    9.9877799e-01
        93    9.9788511e-01
        94    9.9634171e-01
        95    9.9367839e-01
        96    9.8909515e-01
        97    9.8124611e-01
        98    9.6791559e-01
        99    9.4559479e-01
       100    9.0910292e-01
       101    8.5174501e-01
       102    7.6704895e-01
       103    6.5313423e-01
       104    5.1820624e-01
       105    3.8083354e-01
       106    2.6082349e-01
       107    1.6890185e-01
       108    1.0511367e-01
       109    6.3729532e-02
       110    3.8012635e-02
       111    2.2449840e-02
       112    1.3180765e-02
       113    7.7120117e-03
       114    4.5032380e-03
       115    2.6265434e-03
       116    1.5309643e-03
       117    8.9206023e-04
       118    5.1969266e-04
       119    3.0273720e-04
       120    1.7635067e-04
       121    1.0272958e-04
       122    5.9845228e-05
       123    3.4864566e-05
       124    2.0312471e-05
       125    1.1834959e-05
       126    6.8960007e-06
       127    4.0184182e-06
       128    2.3417504e-06
       129    1.3647531e-06
       130    7.9541866e-07
       131    4.6362402e-07
       132    2.7024936e-07
       133    1.5754050e-07
       134    9.1843553e-08
       135    5.3546895e-08
       136    3.1221173e-08
       137    1.8205126e-08
       138    1.0616170e-08
       139    6.1911596e-09
       140    3.6108239e-09
       141    2.1060615e-09
       142    1.2284754e-09
       143    7.1662642e-10
       144    4.1807130e-10
       145    2.4391553e-10
       146    1.4231817e-10
       147    8.3044981e-11
       148    4.8461731e-11
       149    2.8282465e-11
       150    1.6507023e-11
       151    9.6350480e-12
       152    5.6243582e-12
       153    3.2834200e-12
       154    1.9169672e-12
       155    1.1192788e-12
       156    6.5357827e-13
       157    3.8167451e-13
       158    2.2290790e-13
       159    1.3019521e-13
       160    7.6050569e-14
       161    4.4427132e-14
       162    2.5955722e-14
       163    1.5165530e-14
       164    8.8618086e-15
       165    5.1787870e-15
       166    3.0267420e-15
       167    1.7691520e-15
       168    1.0341845e-15
       169    6.0460915e-16
       170    3.5350547e-16
       171    2.0671074e-16
       172    1.2088608e-16
       173    7.0702826e-17
       174    4.1356652e-17
       175    2.4193739e-17
       176    1.4155022e-17
       177    8.2826447e-18
       178    4.8470716e-18
       179    2.8368912e-18
       180    1.6605798e-18
       181    9.7214629e-19
       182    5.6919275e-19
       183    3.3330659e-19
       184    1.9520286e-19
       185    1.1433710e-19
       186    6.6980414e-20
       187    3.9243613e-20
       188    2.2995957e-20
       189    1.3477088e-20
       190    7.8995700e-21
       191    4.6309945e-21
       192    2.7152446e-21
       193    1.5922380e-21
       194    9.3383794e-22
       195    5.4777189e-22
       196    3.2136055e-22
       197    1.8856006e-22
       198    1.1065492e-22
       199    6.4946376e-23
       200    3.8124250e-23
       201    2.2382505e-23
       202    1.3142427e-23
       203    7.7179169e-24
       204    4.5329411e-24
       205    2.6626432e-24
       206    1.5642130e-24
       207    9.1902098e-25
       208    5.4000512e-25
       209    3.1732844e-25
       210    1.8648941e-25
       211    1.0960446e-25
       212    6.4420717e-26
       213    3.7865176e-26
       214    2.2256911e-26
       215    1.3082571e-26
       216    7.6898331e-27
       217    4.5198926e-27
       218    2.6565496e-27
       219    1.5612666e-27
       220    9.1747817e-28
       221    5.3909302e-28
       222    3.1671603e-28
       223    1.8603877e-28
       224    1.0925773e-28
       225    6.4151077e-29
       226    3.7657031e-29
       227    2.2098636e-29
       228    1.2964285e-29
       229    7.6029395e-30
       230    4.4570770e-30
       231    2.6117991e-30
       232    1.5298036e-30
       233    8.9561770e-31
       234    5.2406538e-31
       235    3.0648450e-31
       236    1.7913317e-31
       237    1.0463383e-31
       238    6.1077446e-32
       239    3.5627562e-32
       240    2.0766900e-32
       241    1.2095434e-32
       242    7.0391327e-33
       243    4.0930647e-33
       244    2.3779005e-33
       245    1.3801880e-33
       246    8.0032477e-34
       247    4.6361966e-34
       248    2.6829290e-34
       249    1.5509316e-34
       250    8.9556415e-35
       251    5.1654247e-35
       252    2.9758119e-35
       253    1.7123008e-35
       254    9.8404532e-36
       255    5.6480172e-36
       256    3.2374911e-36
       257    1.8532701e-36
       258    1.0594308e-36
       259    6.0477894e-37
       260    3.4474471e-37
       261    1.9622864e-37
       262    1.1152654e-37
       263    6.3289634e-38
       264    3.5860248e-38
       265    2.0286556e-38
       266    1.1457923e-38
       267    6.4609248e-39
       268    3.6371683e-39
       269    2.0440951e-39
       270    1.1468241e-39
       271    6.4230337e-40
       272    3.5910515e-40
       273    2.0041511e-40
       274    1.1164986e-40
       275    6.2085930e-41
       276    3.4460732e-41
       277    1.9091290e-41
       278    1.0557383e-41
       279    5.8265990e-42
       280    3.2089735e-42
       281    1.7628335e-42
       282    9.6689594e-43
       283    5.2828952e-43
       284    2.8866748e-43
       285    1.5694543e-43
       286    8.4077908e-44
       287    4.4841551e-44
       288    2.2420775e-44
       289    1.1210388e-44
       290    4.2038954e-45
       291    1.4012985e-45
       292    0.0000000e+00
       293    0.0000000e+00
       294    0.0000000e+00
       295    0.0000000e+00
       296    0.0000000e+00
       297    0.0000000e+00
       298    0.0000000e+00
       299    0.0000000e+00
       300    0.0000000e+00
       301    0.0000000e+00
       302    0.0000000e+00
       303    0.0000000e+00
       304    0.0000000e+00
       305    0.0000000e+00
       306    0.0000000e+00
       307    0.0000000e+00
       308    0.0000000e+00
       309    0.0000000e+00
       310    0.0000000e+00
       311    0.0000000e+00
       312    0.0000000e+00
       313    0.0000000e+00
       314    0.0000000e+00
       315    0.0000000e+00
       316    0.0000000e+00
       317    0.0000000e+00
       318    0.0000000e+00
       319    0.0000000e+00
       320    0.0000000e+00
       321    0.0000000e+00
       322    0.0000000e+00
       323    0.0000000e+00
       324    0.0000000e+00
       325    0.0000000e+00
       326    0.0000000e+00
       327    0.0000000e+00
       328    0.0000000e+00
       329    0.0000000e+00
       330    0.0000000e+00
       331    0.0000000e+00
       332    0.0000000e+00
       333    0.0000000e+00
       334    0.0000000e+00
       335    0.0000000e+00
       336    0.0000000e+00
       337    0.0000000e+00
       338    0.0000000e+00
       339    0.0000000e+00
       340    0.0000000e+00
       341    0.0000000e+00
       342    0.0000000e+00
       343    0.0000000e+00
       344    0.0000000e+00
       345    0.0000000e+00
       346    0.0000000e+00
       347    0.0000000e+00
       348    0.0000000e+00
       349    0.0000000e+00
       350    0.0000000e+00
       351    0.0000000e+00
       352    0.0000000e+00
       353    0.0000000e+00
       354    0.0000000e+00
       355    0.0000000e+00
       356    0.0000000e+00
       357    0.0000000e+00
       358    0.0000000e+00
       359    0.0000000e+00
       360    0.0000000e+00
       361    0.0000000e+00
       362    0.0000000e+00
       363    0.0000000e+00
       364    0.0000000e+00
       365    0.0000000e+00
       366    0.0000000e+00
       367    0.0000000e+00
       368    0.0000000e+00
       369    0.0000000e+00
       370    0.0000000e+00
       371    0.0000000e+00
       372    0.0000000e+00
       373    0.0000000e+00
       374    0.0000000e+00
       375    0.0000000e+00
       376    0.0000000e+00
       377    0.0000000e+00
       378    0.0000000e+00
       379    0.0000000e+00
       380    0.0000000e+00
       381    0.0000000e+00
       382    0.0000000e+00
       383    0.0000000e+00
       384    0.0000000e+00
       385    0.0000000e+00
       386    0.0000000e+00
       387    0.0000000e+00
       388    0.0000000e+00
       389    0.0000000e+00
       390    0.0000000e+00
       391    0.0000000e+00
       392    0.0000000e+00
       393    0.0000000e+00
       394    0.0000000e+00
       395    0.0000000e+00
       396    0.0000000e+00
       397    0.0000000e+00
       398    0.0000000e+00
       399    0.0000000e+00
       400    0.0000000e+00
       401    0.0000000e+00
       402    0.0000000e+00
       403    0.0000000e+00
       404    0.0000000e+00
       405    0.0000000e+00
       406    0.0000000e+00
       407    0.0000000e+00
       408    0.0000000e+00
       409    0.0000000e+00
       410    0.0000000e+00
       411    0.0000000e+00
       412    0.0000000e+00
       413    0.0000000e+00
       414    0.0000000e+00
       415    0.0000000e+00
       416    0.0000000e+00
       417    0.0000000e+00
       418    0.0000000e+00
       419    0.0000000e+00
       420    0.0000000e+00
       421    0.0000000e+00
       422    0.0000000e+00
       423    0.0000000e+00
       424    0.0000000e+00
       425    0.0000000e+00
       426    0.0000000e+00
       427    0.0000000e+00
       428    0.0000000e+00
       429    0.0000000e+00
       430    0.0000000e+00
       431    0.0000000e+00
       432    0.0000000e+00
       433    0.0000000e+00
       434    0.0000000e+00
       435    0.0000000e+00
       436    0.0000000e+00
       437    0.0000000e+00
       438    0.0000000e+00
       439    0.0000000e+00
       440    0.0000000e+00
       441    0.0000000e+00
       442    0.0000000e+00
       443    0.0000000e+00
       444    0.0000000e+00
       445    0.0000000e+00
       446    0.0000000e+00
       447    0.0000000e+00
       448    0.0000000e+00
       449    0.0000000e+00
       450    0.0000000e+00
       451    0.0000000e+00
       452    0.0000000e+00
       453    0.0000000e+00
       454    0.0000000e+00
       455    0.0000000e+00
       456    0.0000000e+00
       457    0.0000000e+00
       458    0.0000000e+00
       459    0.0000000e+00
       460    0.0000000e+00
       461    0.0000000e+00
       462    0.0000000e+00
       463    0.0000000e+00
       464    0.0000000e+00
       465    0.0000000e+00
       466    0.0000000e+00
       467    0.0000000e+00
       468    0.0000000e+00
       469    0.0000000e+00
       470    0.0000000e+00
       471    0.0000000e+00
       472    0.0000000e+00
       473    0.0000000e+00
       474    0.0000000e+00
       475    0.0000000e+00
       476    0.0000000e+00
       477    0.0000000e+00
       478    0.0000000e+00
       479    0.0000000e+00
       480    0.0000000e+00
       481    0.0000000e+00
       482    0.0000000e+00
       483    0.0000000e+00
       484    0.0000000e+00
       485    0.0000000e+00
       486    0.0000000e+00
       487    0.0000000e+00
       488    0.0000000e+00
       489    0.0000000e+00
       490    0.0000000e+00
       491    0.0000000e+00
       492    0.0000000e+00
       493    0.0000000e+00
       494    0.0000000e+00
       495    0.0000000e+00
       496    0.0000000e+00
       497    0.0000000e+00
       498    0.0000000e+00
       499    0.0000000e+00
       500    0.0000000e+00
       501    0.0000000e+00
       502    0.0000000e+00
       503    0.0000000e+00
       504    0.0000000e+00
       505    0.0000000e+00
       506    0.0000000e+00
       507    0.0000000e+00
       508    0.0000000e+00
       509    0.0000000e+00
       510    0.0000000e+00
       511    0.0000000e+00
       512    0.0000000e+00
