         1    9.9999976e-01
         2    9.9999976e-01
         3    9.9999976e-01
         4    9.9999976e-01
         5    9.9999976e-01
         6    9.9999976e-01
         7    9.9999976e-01
         8    9.9999976e-01
         9    9.9999976e-01
        10    9.9999976e-01
        11    9.9999976e-01
        12    9.9999976e-01
        13    9.9999976e-01
        14    9.9999976e-01
        15    9.9999976e-01
        16    9.9999976e-01
        17    9.9999976e-01
        18    9.9999976e-01
        19    9.9999976e-01
        20    9.9999976e-01
        21    9.9999976e-01
        22    9.9999976e-01
        23    9.9999976e-01
        24    9.9999976e-01
        25    9.9999976e-01
        26    9.9999976e-01
        27    9.9999976e-01
        28    9.9999976e-01
        29    9.9999976e-01
        30    9.9999976e-01
        31    9.9999976e-01
        32    9.9999976e-01
        33    9.9999976e-01
        34    9.9999976e-01
        35    9.9999976e-01
        36    9.9999976e-01
        37    9.9999976e-01
        38    9.9999976e-01
        39    9.9999976e-01
        40    9.9999976e-01
        41    9.9999976e-01
        42    9.9999976e-01
        43    9.9999976e-01
        44    9.9999976e-01
        45    9.9999976e-01
        46    9.9999976e-01
        47    9.9999976e-01
        48    9.9999976e-01
        49    9.9999976e-01
        50    9.9999976e-01
        51    9.9999976e-01
        52    9.9999976e-01
        53    9.9999976e-01
        54    9.9999976e-01
        55    9.9999976e-01
        56    9.9999976e-01
        57    9.9999976e-01
        58    9.9999976e-01
        59    9.9999976e-01
        60    9.9999976e-01
        61    9.9999976e-01
        62    9.9999976e-01
        63    9.9999976e-01
        64    9.9999976e-01
        65    9.9999976e-01
        66    9.9999976e-01
        67    9.9999976e-01
        68    9.9999970e-01
        69    9.9999952e-01
        70    9.9999928e-01
        71    9.9999875e-01
        72    9.9999779e-01
        73    9.9999619e-01
        74    9.9999338e-01
        75    9.9998862e-01
        76    9.9998033e-01
        77    9.9996591e-01
        78    9.9994099e-01
        79    9.9989784e-01
        80    9.9982309e-01
        81    9.9969375e-01
        82    9.9946982e-01
        83    9.9908221e-01
        84    9.9841148e-01
        85    9.9725169e-01
        86    9.9524856e-01
        87    9.9179620e-01
        88    9.8586738e-01
        89    9.7574943e-01
        90    9.5866686e-01
        91    9.3034661e-01
        92    8.8480204e-01
        93    8.1508201e-01
        94    7.1619886e-01
        95    5.9052080e-01
        96    4.5175633e-01
        97    3.2059234e-01
        98    2.1335977e-01
        99    1.3532373e-01
       100    8.3060861e-02
       101    4.9923752e-02
       102    2.9621985e-02
       103    1.7440533e-02
       104    1.0221682e-02
       105    5.9748972e-03
       106    3.4871856e-03
       107    2.0335056e-03
       108    1.1852522e-03
       109    6.9066940e-04
       110    4.0242189e-04
       111    2.3446530e-04
       112    1.3660951e-04
       113    7.9597623e-05
       114    4.6381298e-05
       115    2.7027958e-05
       116    1.5751197e-05
       117    9.1800548e-06
       118    5.3506847e-06
       119    3.1189347e-06
       120    1.8181788e-06
       121    1.0599870e-06
       122    6.1801421e-07
       123    3.6035502e-07
       124    2.1013439e-07
       125    1.2254580e-07
       126    7.1471803e-08
       127    4.1687546e-08
       128    2.4317192e-08
       129    1.4185883e-08
       130    8.2762863e-09
       131    4.8289324e-09
       132    2.8177578e-09
       133    1.6443468e-09
       134    9.5966757e-10
       135    5.6012672e-10
       136    3.2695668e-10
       137    1.9086799e-10
       138    1.1143341e-10
       139    6.5063531e-11
       140    3.7992713e-11
       141    2.2187276e-11
       142    1.2958337e-11
       143    7.5689680e-12
       144    4.4214719e-12
       145    2.5830958e-12
       146    1.5092399e-12
       147    8.8190306e-13
       148    5.1538168e-13
       149    3.0121974e-13
       150    1.7606984e-13
       151    1.0292822e-13
       152    6.0177307e-14
       153    3.5186873e-14
       154    2.0576865e-14
       155    1.2034532e-14
       156    7.0393355e-15
       157    4.1180116e-15
       158    2.4093388e-15
       159    1.4098202e-15
       160    8.2506097e-16
       161    4.8290974e-16
       162    2.8268613e-16
       163    1.6550179e-16
       164    9.6908444e-17
       165    5.6752154e-17
       166    3.3240372e-17
       167    1.9472118e-17
       168    1.1408413e-17
       169    6.6850235e-18
       170    3.9178438e-18
       171    2.2964579e-18
       172    1.3462872e-18
       173    7.8937861e-19
       174    4.6291560e-19
       175    2.7151097e-19
       176    1.5927298e-19
       177    9.3447111e-20
       178    5.4835063e-20
       179    3.2182444e-20
       180    1.8890655e-20
       181    1.1090246e-20
       182    6.5117871e-21
       183    3.8240378e-21
       184    2.2459753e-21
       185    1.3193075e-21
       186    7.7507278e-22
       187    4.5539771e-22
       188    2.6760065e-22
       189    1.5726323e-22
       190    9.2428510e-23
       191    5.4327292e-23
       192    3.1934304e-23
       193    1.8772308e-23
       194    1.1035489e-23
       195    6.4874106e-24
       196    3.8137200e-24
       197    2.2418934e-24
       198    1.3178327e-24
       199    7.7459480e-25
       200    4.5524704e-25
       201    2.6752635e-25
       202    1.5718858e-25
       203    9.2341716e-26
       204    5.4235574e-26
       205    3.1846842e-26
       206    1.8695201e-26
       207    1.0971373e-26
       208    6.4364113e-27
       209    3.7745307e-27
       210    2.2125985e-27
       211    1.2964218e-27
       212    7.5923712e-28
       213    4.4440492e-28
       214    2.5997604e-28
       215    1.5199287e-28
       216    8.8803643e-29
       217    5.1848706e-29
       218    3.0250082e-29
       219    1.7635119e-29
       220    1.0272472e-29
       221    5.9785774e-30
       222    3.4763912e-30
       223    2.0195230e-30
       224    1.1720331e-30
       225    6.7949065e-31
       226    3.9351502e-31
       227    2.2764341e-31
       228    1.3153663e-31
       229    7.5913378e-32
       230    4.3757460e-32
       231    2.5190133e-32
       232    1.4482251e-32
       233    8.3147983e-33
       234    4.7671689e-33
       235    2.7292659e-33
       236    1.5602395e-33
       237    8.9059585e-34
       238    5.0757263e-34
       239    2.8882073e-34
       240    1.6408007e-34
       241    9.3060570e-35
       242    5.2691838e-35
       243    2.9783417e-35
       244    1.6805256e-35
       245    9.4654552e-36
       246    5.3216984e-36
       247    2.9864717e-36
       248    1.6728352e-36
       249    9.3523790e-37
       250    5.2185888e-37
       251    2.9062596e-37
       252    1.6153049e-37
       253    8.9598811e-38
       254    4.9598298e-38
       255    2.7399168e-38
       256    1.5104414e-38
       257    8.3091422e-39
       258    4.5612573e-39
       259    2.4985011e-39
       260    1.3656270e-39
       261    7.4478733e-40
       262    4.0529755e-40
       263    2.2006131e-40
       264    1.1921687e-40
       265    6.4438710e-41
       266    3.4749399e-41
       267    1.8696124e-41
       268    1.0036100e-41
       269    5.3739796e-42
       270    2.8698593e-42
       271    1.5288166e-42
       272    8.1275311e-43
       273    4.3019863e-43
       274    2.2701035e-43
       275    1.1911037e-43
       276    6.1657132e-44
       277    3.2229865e-44
       278    1.5414283e-44
       279    7.0064923e-45
       280    1.4012985e-45
       281    0.0000000e+00
       282    0.0000000e+00
       283    0.0000000e+00
       284    0.0000000e+00
       285    0.0000000e+00
       286    0.0000000e+00
       287    0.0000000e+00
       288    0.0000000e+00
       289    0.0000000e+00
       290    0.0000000e+00
       291    0.0000000e+00
       292    0.0000000e+00
       293    0.0000000e+00
       294    0.0000000e+00
       295    0.0000000e+00
       296    0.0000000e+00
       297    0.0000000e+00
       298    0.0000000e+00
       299    0.0000000e+00
       300    0.0000000e+00
       301    0.0000000e+00
       302    0.0000000e+00
       303    0.0000000e+00
       304    0.0000000e+00
       305    0.0000000e+00
       306    0.0000000e+00
       307    0.0000000e+00
       308    0.0000000e+00
       309    0.0000000e+00
       310    0.0000000e+00
       311    0.0000000e+00
       312    0.0000000e+00
       313    0.0000000e+00
       314    0.0000000e+00
       315    0.0000000e+00
       316    0.0000000e+00
       317    0.0000000e+00
       318    0.0000000e+00
       319    0.0000000e+00
       320    0.0000000e+00
       321    0.0000000e+00
       322    0.0000000e+00
       323    0.0000000e+00
       324    0.0000000e+00
       325    0.0000000e+00
       326    0.0000000e+00
       327    0.0000000e+00
       328    0.0000000e+00
       329    0.0000000e+00
       330    0.0000000e+00
       331    0.0000000e+00
       332    0.0000000e+00
       333    0.0000000e+00
       334    0.0000000e+00
       335    0.0000000e+00
       336    0.0000000e+00
       337    0.0000000e+00
       338    0.0000000e+00
       339    0.0000000e+00
       340    0.0000000e+00
       341    0.0000000e+00
       342    0.0000000e+00
       343    0.0000000e+00
       344    0.0000000e+00
       345    0.0000000e+00
       346    0.0000000e+00
       347    0.0000000e+00
       348    0.0000000e+00
       349    0.0000000e+00
       350    0.0000000e+00
       351    0.0000000e+00
       352    0.0000000e+00
       353    0.0000000e+00
       354    0.0000000e+00
       355    0.0000000e+00
       356    0.0000000e+00
       357    0.0000000e+00
       358    0.0000000e+00
       359    0.0000000e+00
       360    0.0000000e+00
       361    0.0000000e+00
       362    0.0000000e+00
       363    0.0000000e+00
       364    0.0000000e+00
       365    0.0000000e+00
       366    0.0000000e+00
       367    0.0000000e+00
       368    0.0000000e+00
       369    0.0000000e+00
       370    0.0000000e+00
       371    0.0000000e+00
       372    0.0000000e+00
       373    0.0000000e+00
       374    0.0000000e+00
       375    0.0000000e+00
       376    0.0000000e+00
       377    0.0000000e+00
       378    0.0000000e+00
       379    0.0000000e+00
       380    0.0000000e+00
       381    0.0000000e+00
       382    0.0000000e+00
       383    0.0000000e+00
       384    0.0000000e+00
       385    0.0000000e+00
       386    0.0000000e+00
       387    0.0000000e+00
       388    0.0000000e+00
       389    0.0000000e+00
       390    0.0000000e+00
       391    0.0000000e+00
       392    0.0000000e+00
       393    0.0000000e+00
       394    0.0000000e+00
       395    0.0000000e+00
       396    0.0000000e+00
       397    0.0000000e+00
       398    0.0000000e+00
       399    0.0000000e+00
       400    0.0000000e+00
       401    0.0000000e+00
       402    0.0000000e+00
       403    0.0000000e+00
       404    0.0000000e+00
       405    0.0000000e+00
       406    0.0000000e+00
       407    0.0000000e+00
       408    0.0000000e+00
       409    0.0000000e+00
       410    0.0000000e+00
       411    0.0000000e+00
       412    0.0000000e+00
       413    0.0000000e+00
       414    0.0000000e+00
       415    0.0000000e+00
       416    0.0000000e+00
       417    0.0000000e+00
       418    0.0000000e+00
       419    0.0000000e+00
       420    0.0000000e+00
       421    0.0000000e+00
       422    0.0000000e+00
       423    0.0000000e+00
       424    0.0000000e+00
       425    0.0000000e+00
       426    0.0000000e+00
       427    0.0000000e+00
       428    0.0000000e+00
       429    0.0000000e+00
       430    0.0000000e+00
       431    0.0000000e+00
       432    0.0000000e+00
       433    0.0000000e+00
       434    0.0000000e+00
       435    0.0000000e+00
       436    0.0000000e+00
       437    0.0000000e+00
       438    0.0000000e+00
       439    0.0000000e+00
       440    0.0000000e+00
       441    0.0000000e+00
       442    0.0000000e+00
       443    0.0000000e+00
       444    0.0000000e+00
       445    0.0000000e+00
       446    0.0000000e+00
       447    0.0000000e+00
       448    0.0000000e+00
       449    0.0000000e+00
       450    0.0000000e+00
       451    0.0000000e+00
       452    0.0000000e+00
       453    0.0000000e+00
       454    0.0000000e+00
       455    0.0000000e+00
       456    0.0000000e+00
       457    0.0000000e+00
       458    0.0000000e+00
       459    0.0000000e+00
       460    0.0000000e+00
       461    0.0000000e+00
       462    0.0000000e+00
       463    0.0000000e+00
       464    0.0000000e+00
       465    0.0000000e+00
       466    0.0000000e+00
       467    0.0000000e+00
       468    0.0000000e+00
       469    0.0000000e+00
       470    0.0000000e+00
       471    0.0000000e+00
       472    0.0000000e+00
       473    0.0000000e+00
       474    0.0000000e+00
       475    0.0000000e+00
       476    0.0000000e+00
       477    0.0000000e+00
       478    0.0000000e+00
       479    0.0000000e+00
       480    0.0000000e+00
       481    0.0000000e+00
       482    0.0000000e+00
       483    0.0000000e+00
       484    0.0000000e+00
       485    0.0000000e+00
       486    0.0000000e+00
       487    0.0000000e+00
       488    0.0000000e+00
       489    0.0000000e+00
       490    0.0000000e+00
       491    0.0000000e+00
       492    0.0000000e+00
       493    0.0000000e+00
       494    0.0000000e+00
       495    0.0000000e+00
       496    0.0000000e+00
       497    0.0000000e+00
       498    0.0000000e+00
       499    0.0000000e+00
       500    0.0000000e+00
       501    0.0000000e+00
       502    0.0000000e+00
       503    0.0000000e+00
       504    0.0000000e+00
       505    0.0000000e+00
       506    0.0000000e+00
       507    0.0000000e+00
       508    0.0000000e+00
       509    0.0000000e+00
       510    0.0000000e+00
       511    0.0000000e+00
       512    0.0000000e+00
