         1    9.9999976e-01
         2    9.9999976e-01
         3    9.9999976e-01
         4    9.9999976e-01
         5    9.9999976e-01
         6    9.9999976e-01
         7    9.9999976e-01
         8    9.9999976e-01
         9    9.9999976e-01
        10    9.9999976e-01
        11    9.9999976e-01
        12    9.9999976e-01
        13    9.9999976e-01
        14    9.9999976e-01
        15    9.9999976e-01
        16    9.9999976e-01
        17    9.9999976e-01
        18    9.9999976e-01
        19    9.9999976e-01
        20    9.9999976e-01
        21    9.9999976e-01
        22    9.9999976e-01
        23    9.9999976e-01
        24    9.9999976e-01
        25    9.9999976e-01
        26    9.9999976e-01
        27    9.9999976e-01
        28    9.9999976e-01
        29    9.9999976e-01
        30    9.9999976e-01
        31    9.9999976e-01
        32    9.9999976e-01
        33    9.9999976e-01
        34    9.9999976e-01
        35    9.9999976e-01
        36    9.9999976e-01
        37    9.9999976e-01
        38    9.9999976e-01
        39    9.9999976e-01
        40    9.9999976e-01
        41    9.9999976e-01
        42    9.9999976e-01
        43    9.9999976e-01
        44    9.9999976e-01
        45    9.9999976e-01
        46    9.9999976e-01
        47    9.9999976e-01
        48    9.9999976e-01
        49    9.9999976e-01
        50    9.9999976e-01
        51    9.9999976e-01
        52    9.9999976e-01
        53    9.9999976e-01
        54    9.9999976e-01
        55    9.9999976e-01
        56    9.9999976e-01
        57    9.9999976e-01
        58    9.9999976e-01
        59    9.9999976e-01
        60    9.9999976e-01
        61    9.9999976e-01
        62    9.9999976e-01
        63    9.9999976e-01
        64    9.9999976e-01
        65    9.9999976e-01
        66    9.9999976e-01
        67    9.9999976e-01
        68    9.9999976e-01
        69    9.9999976e-01
        70    9.9999976e-01
        71    9.9999976e-01
        72    9.9999976e-01
        73    9.9999976e-01
        74    9.9999976e-01
        75    9.9999976e-01
        76    9.9999976e-01
        77    9.9999976e-01
        78    9.9999976e-01
        79    9.9999976e-01
        80    9.9999976e-01
        81    9.9999976e-01
        82    9.9999976e-01
        83    9.9999976e-01
        84    9.9999976e-01
        85    9.9999976e-01
        86    9.9999976e-01
        87    9.9999976e-01
        88    9.9999976e-01
        89    9.9999976e-01
        90    9.9999976e-01
        91    9.9999976e-01
        92    9.9999976e-01
        93    9.9999976e-01
        94    9.9999976e-01
        95    9.9999976e-01
        96    9.9999976e-01
        97    9.9999976e-01
        98    9.9999976e-01
        99    9.9999976e-01
       100    9.9999976e-01
       101    9.9999976e-01
       102    9.9999976e-01
       103    9.9999976e-01
       104    9.9999976e-01
       105    9.9999976e-01
       106    9.9999976e-01
       107    9.9999976e-01
       108    9.9999976e-01
       109    9.9999976e-01
       110    9.9999976e-01
       111    9.9999976e-01
       112    9.9999976e-01
       113    9.9999976e-01
       114    9.9999976e-01
       115    9.9999976e-01
       116    9.9999976e-01
       117    9.9999976e-01
       118    9.9999976e-01
       119    9.9999976e-01
       120    9.9999976e-01
       121    9.9999976e-01
       122    9.9999976e-01
       123    9.9999976e-01
       124    9.9999976e-01
       125    9.9999976e-01
       126    9.9999976e-01
       127    9.9999976e-01
       128    9.9999976e-01
       129    9.9999976e-01
       130    9.9999976e-01
       131    9.9999976e-01
       132    9.9999976e-01
       133    9.9999976e-01
       134    9.9999976e-01
       135    9.9999976e-01
       136    9.9999976e-01
       137    9.9999976e-01
       138    9.9999976e-01
       139    9.9999976e-01
       140    9.9999976e-01
       141    9.9999976e-01
       142    9.9999976e-01
       143    9.9999976e-01
       144    9.9999976e-01
       145    9.9999976e-01
       146    9.9999976e-01
       147    9.9999976e-01
       148    9.9999976e-01
       149    9.9999976e-01
       150    9.9999976e-01
       151    9.9999976e-01
       152    9.9999976e-01
       153    9.9999976e-01
       154    9.9999976e-01
       155    9.9999976e-01
       156    9.9999976e-01
       157    9.9999976e-01
       158    9.9999976e-01
       159    9.9999976e-01
       160    9.9999976e-01
       161    9.9999976e-01
       162    9.9999976e-01
       163    9.9999976e-01
       164    9.9999976e-01
       165    9.9999976e-01
       166    9.9999976e-01
       167    9.9999976e-01
       168    9.9999976e-01
       169    9.9999976e-01
       170    9.9999976e-01
       171    9.9999976e-01
       172    9.9999976e-01
       173    9.9999976e-01
       174    9.9999976e-01
       175    9.9999976e-01
       176    9.9999976e-01
       177    9.9999976e-01
       178    9.9999976e-01
       179    9.9999976e-01
       180    9.9999976e-01
       181    9.9999976e-01
       182    9.9999976e-01
       183    9.9999976e-01
       184    9.9999976e-01
       185    9.9999976e-01
       186    9.9999976e-01
       187    9.9999976e-01
       188    9.9999976e-01
       189    9.9999976e-01
       190    9.9999976e-01
       191    9.9999976e-01
       192    9.9999976e-01
       193    9.9999976e-01
       194    9.9999976e-01
       195    9.9999976e-01
       196    9.9999976e-01
       197    9.9999976e-01
       198    9.9999976e-01
       199    9.9999976e-01
       200    9.9999976e-01
       201    9.9999976e-01
       202    9.9999976e-01
       203    9.9999976e-01
       204    9.9999976e-01
       205    9.9999976e-01
       206    9.9999976e-01
       207    9.9999976e-01
       208    9.9999976e-01
       209    9.9999976e-01
       210    9.9999976e-01
       211    9.9999976e-01
       212    9.9999976e-01
       213    9.9999976e-01
       214    9.9999976e-01
       215    9.9999976e-01
       216    9.9999976e-01
       217    9.9999976e-01
       218    9.9999976e-01
       219    9.9999976e-01
       220    9.9999976e-01
       221    9.9999976e-01
       222    9.9999976e-01
       223    9.9999976e-01
       224    9.9999976e-01
       225    9.9999976e-01
       226    9.9999976e-01
       227    9.9999976e-01
       228    9.9999976e-01
       229    9.9999976e-01
       230    9.9999970e-01
       231    9.9999964e-01
       232    9.9999940e-01
       233    9.9999905e-01
       234    9.9999827e-01
       235    9.9999708e-01
       236    9.9999493e-01
       237    9.9999124e-01
       238    9.9998480e-01
       239    9.9997365e-01
       240    9.9995434e-01
       241    9.9992079e-01
       242    9.9986279e-01
       243    9.9976218e-01
       244    9.9958789e-01
       245    9.9928600e-01
       246    9.9876314e-01
       247    9.9785805e-01
       248    9.9629295e-01
       249    9.9359101e-01
       250    9.8893976e-01
       251    9.8097241e-01
       252    9.6743983e-01
       253    9.4478464e-01
       254    9.0776718e-01
       255    8.4965211e-01
       256    7.6401579e-01
       257    6.4920467e-01
       258    5.1379961e-01
       259    3.7661809e-01
       260    2.5734055e-01
       261    1.6633704e-01
       262    1.0337067e-01
       263    6.2604614e-02
       264    3.7309062e-02
       265    2.2017768e-02
       266    1.2918113e-02
       267    7.5532012e-03
       268    4.4074585e-03
       269    2.5688324e-03
       270    1.4961936e-03
       271    8.7110285e-04
       272    5.0705345e-04
       273    2.9510955e-04
       274    1.7174450e-04
       275    9.9946323e-05
       276    5.8162579e-05
       277    3.3846849e-05
       278    1.9696696e-05
       279    1.1462273e-05
       280    6.6703906e-06
       281    3.8818212e-06
       282    2.2590398e-06
       283    1.3146692e-06
       284    7.6509167e-07
       285    4.4526124e-07
       286    2.5913181e-07
       287    1.5081032e-07
       288    8.7769955e-08
       289    5.1081685e-08
       290    2.9729600e-08
       291    1.7302842e-08
       292    1.0070483e-08
       293    5.8612160e-09
       294    3.4113765e-09
       295    1.9855284e-09
       296    1.1556520e-09
       297    6.7263978e-10
       298    3.9150974e-10
       299    2.2788048e-10
       300    1.3264051e-10
       301    7.7205776e-11
       302    4.4939472e-11
       303    2.6158367e-11
       304    1.5226423e-11
       305    8.8631810e-12
       306    5.1592428e-12
       307    3.0032181e-12
       308    1.7482049e-12
       309    1.0176592e-12
       310    5.9240259e-13
       311    3.4485468e-13
       312    2.0075199e-13
       313    1.1686600e-13
       314    6.8033232e-14
       315    3.9605787e-14
       316    2.3056894e-14
       317    1.3422937e-14
       318    7.8144592e-15
       319    4.5494080e-15
       320    2.6485949e-15
       321    1.5419874e-15
       322    8.9774036e-16
       323    5.2266729e-16
       324    3.0430185e-16
       325    1.7716932e-16
       326    1.0315188e-16
       327    6.0057945e-17
       328    3.4967813e-17
       329    2.0359691e-17
       330    1.1854374e-17
       331    6.9022519e-18
       332    4.0189050e-18
       333    2.3400731e-18
       334    1.3625608e-18
       335    7.9339070e-19
       336    4.6197996e-19
       337    2.6900725e-19
       338    1.5664251e-19
       339    9.1213704e-20
       340    5.3114783e-20
       341    3.0929689e-20
       342    1.8011115e-20
       343    1.0488430e-20
       344    6.1078063e-21
       345    3.5568451e-21
       346    2.0713315e-21
       347    1.2062551e-21
       348    7.0247955e-22
       349    4.0910349e-22
       350    2.3825260e-22
       351    1.3875451e-22
       352    8.0809346e-23
       353    4.7063164e-23
       354    2.7409789e-23
       355    1.5963765e-23
       356    9.2975825e-24
       357    5.4151424e-24
       358    3.1539501e-24
       359    1.8369819e-24
       360    1.0699418e-24
       361    6.2319016e-25
       362    3.6298293e-25
       363    2.1142535e-25
       364    1.2314964e-25
       365    7.1732256e-26
       366    4.1783143e-26
       367    2.4338456e-26
       368    1.4177194e-26
       369    8.2583421e-27
       370    4.8106175e-27
       371    2.8022970e-27
       372    1.6324238e-27
       373    9.5094881e-28
       374    5.5397073e-28
       375    3.2271710e-28
       376    1.8800207e-28
       377    1.0952388e-28
       378    6.3805866e-29
       379    3.7172178e-29
       380    2.1656137e-29
       381    1.2616811e-29
       382    7.3506186e-30
       383    4.2825644e-30
       384    2.4951096e-30
       385    1.4537212e-30
       386    8.4699023e-31
       387    4.9349355e-31
       388    2.8753480e-31
       389    1.6753488e-31
       390    9.7617112e-32
       391    5.6879092e-32
       392    3.3142502e-32
       393    1.9311853e-32
       394    1.1253007e-32
       395    6.5572139e-33
       396    3.8209929e-33
       397    2.2265847e-33
       398    1.2975031e-33
       399    7.5610795e-34
       400    4.4062129e-34
       401    2.5677540e-34
       402    1.4963999e-34
       403    8.7206396e-35
       404    5.0822424e-35
       405    2.9618896e-35
       406    1.7261911e-35
       407    1.0060403e-35
       408    5.8633854e-36
       409    3.4173394e-36
       410    1.9917483e-36
       411    1.1608805e-36
       412    6.7662385e-37
       413    3.9437906e-37
       414    2.2987263e-37
       415    1.3398850e-37
       416    7.8100669e-38
       417    4.5524894e-38
       418    2.6536899e-38
       419    1.5468864e-38
       420    9.0172435e-39
       421    5.2564961e-39
       422    3.0642642e-39
       423    1.7863360e-39
       424    1.0413764e-39
       425    6.0709855e-40
       426    3.5393016e-40
       427    2.0634120e-40
       428    1.2029867e-40
       429    7.0134988e-41
       430    4.0891290e-41
       431    2.3840291e-41
       432    1.3899479e-41
       433    8.1037090e-42
       434    4.7251784e-42
       435    2.7549528e-42
       436    1.6058880e-42
       437    9.3466608e-43
       438    5.4510510e-43
       439    3.1669345e-43
       440    1.8497140e-43
       441    1.0789998e-43
       442    6.1657132e-44
       443    3.5032462e-44
       444    1.8216880e-44
       445    9.8090893e-45
       446    2.8025969e-45
       447    0.0000000e+00
       448    0.0000000e+00
       449    0.0000000e+00
       450    0.0000000e+00
       451    0.0000000e+00
       452    0.0000000e+00
       453    0.0000000e+00
       454    0.0000000e+00
       455    0.0000000e+00
       456    0.0000000e+00
       457    0.0000000e+00
       458    0.0000000e+00
       459    0.0000000e+00
       460    0.0000000e+00
       461    0.0000000e+00
       462    0.0000000e+00
       463    0.0000000e+00
       464    0.0000000e+00
       465    0.0000000e+00
       466    0.0000000e+00
       467    0.0000000e+00
       468    0.0000000e+00
       469    0.0000000e+00
       470    0.0000000e+00
       471    0.0000000e+00
       472    0.0000000e+00
       473    0.0000000e+00
       474    0.0000000e+00
       475    0.0000000e+00
       476    0.0000000e+00
       477    0.0000000e+00
       478    0.0000000e+00
       479    0.0000000e+00
       480    0.0000000e+00
       481    0.0000000e+00
       482    0.0000000e+00
       483    0.0000000e+00
       484    0.0000000e+00
       485    0.0000000e+00
       486    0.0000000e+00
       487    0.0000000e+00
       488    0.0000000e+00
       489    0.0000000e+00
       490    0.0000000e+00
       491    0.0000000e+00
       492    0.0000000e+00
       493    0.0000000e+00
       494    0.0000000e+00
       495    0.0000000e+00
       496    0.0000000e+00
       497    0.0000000e+00
       498    0.0000000e+00
       499    0.0000000e+00
       500    0.0000000e+00
       501    0.0000000e+00
       502    0.0000000e+00
       503    0.0000000e+00
       504    0.0000000e+00
       505    0.0000000e+00
       506    0.0000000e+00
       507    0.0000000e+00
       508    0.0000000e+00
       509    0.0000000e+00
       510    0.0000000e+00
       511    0.0000000e+00
       512    0.0000000e+00
