         1    9.9999976e-01
         2    9.9999976e-01
         3    9.9999976e-01
         4    9.9999976e-01
         5    9.9999976e-01
         6    9.9999976e-01
         7    9.9999976e-01
         8    9.9999976e-01
         9    9.9999976e-01
        10    9.9999976e-01
        11    9.9999976e-01
        12    9.9999976e-01
        13    9.9999976e-01
        14    9.9999976e-01
        15    9.9999976e-01
        16    9.9999976e-01
        17    9.9999976e-01
        18    9.9999976e-01
        19    9.9999976e-01
        20    9.9999976e-01
        21    9.9999976e-01
        22    9.9999976e-01
        23    9.9999976e-01
        24    9.9999976e-01
        25    9.9999976e-01
        26    9.9999976e-01
        27    9.9999976e-01
        28    9.9999976e-01
        29    9.9999976e-01
        30    9.9999976e-01
        31    9.9999976e-01
        32    9.9999976e-01
        33    9.9999976e-01
        34    9.9999976e-01
        35    9.9999976e-01
        36    9.9999976e-01
        37    9.9999976e-01
        38    9.9999976e-01
        39    9.9999976e-01
        40    9.9999976e-01
        41    9.9999976e-01
        42    9.9999976e-01
        43    9.9999976e-01
        44    9.9999976e-01
        45    9.9999976e-01
        46    9.9999976e-01
        47    9.9999976e-01
        48    9.9999976e-01
        49    9.9999976e-01
        50    9.9999976e-01
        51    9.9999976e-01
        52    9.9999976e-01
        53    9.9999976e-01
        54    9.9999976e-01
        55    9.9999976e-01
        56    9.9999976e-01
        57    9.9999976e-01
        58    9.9999976e-01
        59    9.9999976e-01
        60    9.9999976e-01
        61    9.9999976e-01
        62    9.9999976e-01
        63    9.9999976e-01
        64    9.9999976e-01
        65    9.9999976e-01
        66    9.9999976e-01
        67    9.9999976e-01
        68    9.9999976e-01
        69    9.9999976e-01
        70    9.9999976e-01
        71    9.9999976e-01
        72    9.9999976e-01
        73    9.9999976e-01
        74    9.9999976e-01
        75    9.9999976e-01
        76    9.9999976e-01
        77    9.9999976e-01
        78    9.9999976e-01
        79    9.9999976e-01
        80    9.9999976e-01
        81    9.9999976e-01
        82    9.9999976e-01
        83    9.9999976e-01
        84    9.9999976e-01
        85    9.9999976e-01
        86    9.9999976e-01
        87    9.9999976e-01
        88    9.9999976e-01
        89    9.9999976e-01
        90    9.9999976e-01
        91    9.9999976e-01
        92    9.9999976e-01
        93    9.9999976e-01
        94    9.9999976e-01
        95    9.9999976e-01
        96    9.9999976e-01
        97    9.9999976e-01
        98    9.9999976e-01
        99    9.9999976e-01
       100    9.9999976e-01
       101    9.9999976e-01
       102    9.9999976e-01
       103    9.9999976e-01
       104    9.9999976e-01
       105    9.9999976e-01
       106    9.9999976e-01
       107    9.9999976e-01
       108    9.9999976e-01
       109    9.9999976e-01
       110    9.9999976e-01
       111    9.9999976e-01
       112    9.9999976e-01
       113    9.9999976e-01
       114    9.9999976e-01
       115    9.9999976e-01
       116    9.9999976e-01
       117    9.9999976e-01
       118    9.9999976e-01
       119    9.9999976e-01
       120    9.9999976e-01
       121    9.9999976e-01
       122    9.9999976e-01
       123    9.9999976e-01
       124    9.9999976e-01
       125    9.9999976e-01
       126    9.9999976e-01
       127    9.9999976e-01
       128    9.9999976e-01
       129    9.9999976e-01
       130    9.9999976e-01
       131    9.9999976e-01
       132    9.9999976e-01
       133    9.9999976e-01
       134    9.9999976e-01
       135    9.9999976e-01
       136    9.9999976e-01
       137    9.9999976e-01
       138    9.9999976e-01
       139    9.9999976e-01
       140    9.9999976e-01
       141    9.9999976e-01
       142    9.9999976e-01
       143    9.9999976e-01
       144    9.9999976e-01
       145    9.9999976e-01
       146    9.9999976e-01
       147    9.9999976e-01
       148    9.9999976e-01
       149    9.9999976e-01
       150    9.9999976e-01
       151    9.9999976e-01
       152    9.9999976e-01
       153    9.9999976e-01
       154    9.9999976e-01
       155    9.9999976e-01
       156    9.9999976e-01
       157    9.9999976e-01
       158    9.9999976e-01
       159    9.9999976e-01
       160    9.9999976e-01
       161    9.9999976e-01
       162    9.9999976e-01
       163    9.9999976e-01
       164    9.9999976e-01
       165    9.9999976e-01
       166    9.9999976e-01
       167    9.9999976e-01
       168    9.9999976e-01
       169    9.9999976e-01
       170    9.9999976e-01
       171    9.9999976e-01
       172    9.9999976e-01
       173    9.9999976e-01
       174    9.9999976e-01
       175    9.9999976e-01
       176    9.9999976e-01
       177    9.9999976e-01
       178    9.9999976e-01
       179    9.9999976e-01
       180    9.9999976e-01
       181    9.9999976e-01
       182    9.9999976e-01
       183    9.9999976e-01
       184    9.9999976e-01
       185    9.9999976e-01
       186    9.9999976e-01
       187    9.9999976e-01
       188    9.9999976e-01
       189    9.9999976e-01
       190    9.9999976e-01
       191    9.9999976e-01
       192    9.9999976e-01
       193    9.9999976e-01
       194    9.9999976e-01
       195    9.9999976e-01
       196    9.9999976e-01
       197    9.9999976e-01
       198    9.9999976e-01
       199    9.9999976e-01
       200    9.9999976e-01
       201    9.9999976e-01
       202    9.9999976e-01
       203    9.9999976e-01
       204    9.9999976e-01
       205    9.9999976e-01
       206    9.9999976e-01
       207    9.9999976e-01
       208    9.9999976e-01
       209    9.9999976e-01
       210    9.9999976e-01
       211    9.9999976e-01
       212    9.9999976e-01
       213    9.9999976e-01
       214    9.9999976e-01
       215    9.9999976e-01
       216    9.9999976e-01
       217    9.9999976e-01
       218    9.9999976e-01
       219    9.9999976e-01
       220    9.9999976e-01
       221    9.9999976e-01
       222    9.9999976e-01
       223    9.9999976e-01
       224    9.9999976e-01
       225    9.9999976e-01
       226    9.9999976e-01
       227    9.9999976e-01
       228    9.9999976e-01
       229    9.9999976e-01
       230    9.9999976e-01
       231    9.9999976e-01
       232    9.9999976e-01
       233    9.9999976e-01
       234    9.9999976e-01
       235    9.9999976e-01
       236    9.9999976e-01
       237    9.9999976e-01
       238    9.9999976e-01
       239    9.9999970e-01
       240    9.9999952e-01
       241    9.9999928e-01
       242    9.9999875e-01
       243    9.9999791e-01
       244    9.9999636e-01
       245    9.9999368e-01
       246    9.9998903e-01
       247    9.9998099e-01
       248    9.9996704e-01
       249    9.9994290e-01
       250    9.9990100e-01
       251    9.9982840e-01
       252    9.9970269e-01
       253    9.9948478e-01
       254    9.9910736e-01
       255    9.9845380e-01
       256    9.9732298e-01
       257    9.9536848e-01
       258    9.9199766e-01
       259    9.8620468e-01
       260    9.7631031e-01
       261    9.5958811e-01
       262    9.3182713e-01
       263    8.8709545e-01
       264    8.1842840e-01
       265    7.2065592e-01
       266    5.9574974e-01
       267    4.5701554e-01
       268    3.2511190e-01
       269    2.1675178e-01
       270    1.3762330e-01
       271    8.4514491e-02
       272    5.0801374e-02
       273    3.0136226e-02
       274    1.7735889e-02
       275    1.0388933e-02
       276    6.0685663e-03
       277    3.5391443e-03
       278    2.0620613e-03
       279    1.2007931e-03
       280    6.9903454e-04
       281    4.0686617e-04
       282    2.3678882e-04
       283    1.3779940e-04
       284    8.0190257e-05
       285    4.6664947e-05
       286    2.7155556e-05
       287    1.5802570e-05
       288    9.1960037e-06
       289    5.3514768e-06
       290    3.1142381e-06
       291    1.8123158e-06
       292    1.0546780e-06
       293    6.1377625e-07
       294    3.5719421e-07
       295    2.0787530e-07
       296    1.2097779e-07
       297    7.0406472e-08
       298    4.0975451e-08
       299    2.3847294e-08
       300    1.3879017e-08
       301    8.0776035e-09
       302    4.7012203e-09
       303    2.7361691e-09
       304    1.5925001e-09
       305    9.2687302e-10
       306    5.3946747e-10
       307    3.1398903e-10
       308    1.8275444e-10
       309    1.0637159e-10
       310    6.1913821e-11
       311    3.6037433e-11
       312    2.0976079e-11
       313    1.2209533e-11
       314    7.1068646e-12
       315    4.1367691e-12
       316    2.4079575e-12
       317    1.4016532e-12
       318    8.1589938e-13
       319    4.7493801e-13
       320    2.7646589e-13
       321    1.6093497e-13
       322    9.3683606e-14
       323    5.4535722e-14
       324    3.1747012e-14
       325    1.8481148e-14
       326    1.0758688e-14
       327    6.2631674e-15
       328    3.6461376e-15
       329    2.1226404e-15
       330    1.2357315e-15
       331    7.1940954e-16
       332    4.1882497e-16
       333    2.4383347e-16
       334    1.4195752e-16
       335    8.2647155e-17
       336    4.8117358e-17
       337    2.8014318e-17
       338    1.6310327e-17
       339    9.4961980e-18
       340    5.5289319e-18
       341    3.2191198e-18
       342    1.8742930e-18
       343    1.0912953e-18
       344    6.3540634e-19
       345    3.6996894e-19
       346    2.1541872e-19
       347    1.2543135e-19
       348    7.3035376e-20
       349    4.2527019e-20
       350    2.4762879e-20
       351    1.4419223e-20
       352    8.3962839e-21
       353    4.8891904e-21
       354    2.8470252e-21
       355    1.6578693e-21
       356    9.6541449e-22
       357    5.6218853e-22
       358    3.2738197e-22
       359    1.9064795e-22
       360    1.1102331e-22
       361    6.4654819e-23
       362    3.7652366e-23
       363    2.1927460e-23
       364    1.2769947e-23
       365    7.4369452e-24
       366    4.3311659e-24
       367    2.5224338e-24
       368    1.4690599e-24
       369    8.5558670e-25
       370    4.9830282e-25
       371    2.9022010e-25
       372    1.6903103e-25
       373    9.8448762e-26
       374    5.7340167e-26
       375    3.3397388e-26
       376    1.9452301e-26
       377    1.1330116e-26
       378    6.5993731e-27
       379    3.8439347e-27
       380    2.2390008e-27
       381    1.3041801e-27
       382    7.5967156e-28
       383    4.4250605e-28
       384    2.5776124e-28
       385    1.5014853e-28
       386    8.7464074e-29
       387    5.0949917e-29
       388    2.9679895e-29
       389    1.7289658e-29
       390    1.0071999e-29
       391    5.8674599e-30
       392    3.4181401e-30
       393    1.9912918e-30
       394    1.1600725e-30
       395    6.7583510e-31
       396    3.9373287e-31
       397    2.2938658e-31
       398    1.3364100e-31
       399    7.7860438e-32
       400    4.5362756e-32
       401    2.6429412e-32
       402    1.5398595e-32
       403    8.9718130e-33
       404    5.2273899e-33
       405    3.0457566e-33
       406    1.7746433e-33
       407    1.0340287e-33
       408    6.0250385e-34
       409    3.5106924e-34
       410    2.0456508e-34
       411    1.1919993e-34
       412    6.9458641e-35
       413    4.0474584e-35
       414    2.3585462e-35
       415    1.3743974e-35
       416    8.0091451e-36
       417    4.6673030e-36
       418    2.7198935e-36
       419    1.5850530e-36
       420    9.2372312e-37
       421    5.3832676e-37
       422    3.1373014e-37
       423    1.8284065e-37
       424    1.0656032e-37
       425    6.2104713e-38
       426    3.6195943e-38
       427    2.1096075e-38
       428    1.2295601e-38
       429    7.1664547e-39
       430    4.1770087e-39
       431    2.4346300e-39
       432    1.4190809e-39
       433    8.2715706e-40
       434    4.8214196e-40
       435    2.8104022e-40
       436    1.6382020e-40
       437    9.5492885e-41
       438    5.5665180e-41
       439    3.2448467e-41
       440    1.8914727e-41
       441    1.1026818e-41
       442    6.4277561e-42
       443    3.7470721e-42
       444    2.1832230e-42
       445    1.2723790e-42
       446    7.4128689e-43
       447    4.3159993e-43
       448    2.5083243e-43
       449    1.4573504e-43
       450    8.4077908e-44
       451    4.7644148e-44
       452    2.6624671e-44
       453    1.4012985e-44
       454    5.6051939e-45
       455    1.4012985e-45
       456    0.0000000e+00
       457    0.0000000e+00
       458    0.0000000e+00
       459    0.0000000e+00
       460    0.0000000e+00
       461    0.0000000e+00
       462    0.0000000e+00
       463    0.0000000e+00
       464    0.0000000e+00
       465    0.0000000e+00
       466    0.0000000e+00
       467    0.0000000e+00
       468    0.0000000e+00
       469    0.0000000e+00
       470    0.0000000e+00
       471    0.0000000e+00
       472    0.0000000e+00
       473    0.0000000e+00
       474    0.0000000e+00
       475    0.0000000e+00
       476    0.0000000e+00
       477    0.0000000e+00
       478    0.0000000e+00
       479    0.0000000e+00
       480    0.0000000e+00
       481    0.0000000e+00
       482    0.0000000e+00
       483    0.0000000e+00
       484    0.0000000e+00
       485    0.0000000e+00
       486    0.0000000e+00
       487    0.0000000e+00
       488    0.0000000e+00
       489    0.0000000e+00
       490    0.0000000e+00
       491    0.0000000e+00
       492    0.0000000e+00
       493    0.0000000e+00
       494    0.0000000e+00
       495    0.0000000e+00
       496    0.0000000e+00
       497    0.0000000e+00
       498    0.0000000e+00
       499    0.0000000e+00
       500    0.0000000e+00
       501    0.0000000e+00
       502    0.0000000e+00
       503    0.0000000e+00
       504    0.0000000e+00
       505    0.0000000e+00
       506    0.0000000e+00
       507    0.0000000e+00
       508    0.0000000e+00
       509    0.0000000e+00
       510    0.0000000e+00
       511    0.0000000e+00
       512    0.0000000e+00
