         1    9.9999976e-01
         2    9.9999976e-01
         3    9.9999976e-01
         4    9.9999976e-01
         5    9.9999976e-01
         6    9.9999976e-01
         7    9.9999976e-01
         8    9.9999976e-01
         9    9.9999976e-01
        10    9.9999976e-01
        11    9.9999976e-01
        12    9.9999976e-01
        13    9.9999976e-01
        14    9.9999976e-01
        15    9.9999976e-01
        16    9.9999976e-01
        17    9.9999976e-01
        18    9.9999976e-01
        19    9.9999976e-01
        20    9.9999976e-01
        21    9.9999976e-01
        22    9.9999976e-01
        23    9.9999976e-01
        24    9.9999976e-01
        25    9.9999976e-01
        26    9.9999976e-01
        27    9.9999976e-01
        28    9.9999976e-01
        29    9.9999976e-01
        30    9.9999976e-01
        31    9.9999976e-01
        32    9.9999976e-01
        33    9.9999976e-01
        34    9.9999976e-01
        35    9.9999976e-01
        36    9.9999976e-01
        37    9.9999976e-01
        38    9.9999976e-01
        39    9.9999976e-01
        40    9.9999976e-01
        41    9.9999976e-01
        42    9.9999976e-01
        43    9.9999976e-01
        44    9.9999976e-01
        45    9.9999976e-01
        46    9.9999976e-01
        47    9.9999976e-01
        48    9.9999976e-01
        49    9.9999976e-01
        50    9.9999976e-01
        51    9.9999976e-01
        52    9.9999976e-01
        53    9.9999976e-01
        54    9.9999976e-01
        55    9.9999976e-01
        56    9.9999976e-01
        57    9.9999976e-01
        58    9.9999976e-01
        59    9.9999976e-01
        60    9.9999976e-01
        61    9.9999976e-01
        62    9.9999976e-01
        63    9.9999976e-01
        64    9.9999976e-01
        65    9.9999976e-01
        66    9.9999976e-01
        67    9.9999976e-01
        68    9.9999976e-01
        69    9.9999976e-01
        70    9.9999976e-01
        71    9.9999976e-01
        72    9.9999976e-01
        73    9.9999976e-01
        74    9.9999976e-01
        75    9.9999976e-01
        76    9.9999976e-01
        77    9.9999976e-01
        78    9.9999976e-01
        79    9.9999976e-01
        80    9.9999976e-01
        81    9.9999976e-01
        82    9.9999976e-01
        83    9.9999976e-01
        84    9.9999976e-01
        85    9.9999976e-01
        86    9.9999976e-01
        87    9.9999976e-01
        88    9.9999976e-01
        89    9.9999976e-01
        90    9.9999976e-01
        91    9.9999976e-01
        92    9.9999976e-01
        93    9.9999970e-01
        94    9.9999964e-01
        95    9.9999940e-01
        96    9.9999905e-01
        97    9.9999833e-01
        98    9.9999708e-01
        99    9.9999493e-01
       100    9.9999124e-01
       101    9.9998486e-01
       102    9.9997383e-01
       103    9.9995464e-01
       104    9.9992144e-01
       105    9.9986398e-01
       106    9.9976438e-01
       107    9.9959195e-01
       108    9.9929321e-01
       109    9.9877614e-01
       110    9.9788147e-01
       111    9.9633491e-01
       112    9.9366570e-01
       113    9.8907179e-01
       114    9.8120373e-01
       115    9.6784014e-01
       116    9.4546354e-01
       117    9.0888250e-01
       118    8.5139394e-01
       119    7.6653242e-01
       120    6.5245527e-01
       121    5.1743412e-01
       122    3.8008481e-01
       123    2.6019669e-01
       124    1.6843434e-01
       125    1.0479188e-01
       126    6.3519143e-02
       127    3.7879281e-02
       128    2.2366807e-02
       129    1.3129565e-02
       130    7.6805963e-03
       131    4.4840057e-03
       132    2.6147780e-03
       133    1.5237670e-03
       134    8.8765589e-04
       135    5.1699614e-04
       136    3.0108553e-04
       137    1.7533865e-04
       138    1.0210930e-04
       139    5.9465005e-05
       140    3.4631481e-05
       141    2.0169593e-05
       142    1.1747387e-05
       143    6.8423396e-06
       144    3.9855454e-06
       145    2.3216194e-06
       146    1.3524296e-06
       147    7.8787792e-07
       148    4.5901183e-07
       149    2.6742967e-07
       150    1.5581750e-07
       151    9.0791218e-08
       152    5.2904486e-08
       153    3.0829206e-08
       154    1.7966086e-08
       155    1.0470464e-08
       156    6.1023879e-09
       157    3.5567660e-09
       158    2.0731583e-09
       159    1.2084578e-09
       160    7.0445361e-10
       161    4.1067227e-10
       162    2.3942007e-10
       163    1.3958801e-10
       164    8.1387584e-11
       165    4.7455973e-11
       166    2.7672375e-11
       167    1.6137081e-11
       168    9.4108046e-12
       169    5.4884773e-12
       170    3.2011097e-12
       171    1.8671234e-12
       172    1.0891043e-12
       173    6.3531640e-13
       174    3.7062535e-13
       175    2.1622446e-13
       176    1.2615355e-13
       177    7.3607021e-14
       178    4.2950127e-14
       179    2.5063132e-14
       180    1.4626223e-14
       181    8.5360186e-15
       182    4.9820157e-15
       183    2.9079149e-15
       184    1.6974052e-15
       185    9.9087047e-16
       186    5.7846379e-16
       187    3.3772540e-16
       188    1.9718775e-16
       189    1.1513972e-16
       190    6.7235682e-17
       191    3.9264884e-17
       192    2.2931852e-17
       193    1.3393828e-17
       194    7.8235065e-18
       195    4.5701439e-18
       196    2.6698725e-18
       197    1.5598537e-18
       198    9.1140290e-19
       199    5.3256271e-19
       200    3.1121854e-19
       201    1.8188423e-19
       202    1.0630661e-19
       203    6.2138628e-20
       204    3.6324519e-20
       205    2.1236140e-20
       206    1.2416223e-20
       207    7.2600956e-21
       208    4.2455582e-21
       209    2.4829478e-21
       210    1.4522507e-21
       211    8.4948854e-22
       212    4.9695395e-22
       213    2.9074909e-22
       214    1.7012375e-22
       215    9.9553558e-23
       216    5.8263247e-23
       217    3.4101977e-23
       218    1.9962376e-23
       219    1.1686747e-23
       220    6.8426544e-24
       221    4.0068762e-24
       222    2.3465969e-24
       223    1.3744317e-24
       224    8.0512012e-25
       225    4.7168474e-25
       226    2.7637409e-25
       227    1.6195629e-25
       228    9.4919183e-26
       229    5.5637337e-26
       230    3.2616351e-26
       231    1.9123236e-26
       232    1.1213591e-26
       233    6.5763582e-27
       234    3.8573026e-27
       235    2.2627641e-27
       236    1.3275531e-27
       237    7.7897087e-28
       238    4.5713709e-28
       239    2.6830378e-28
       240    1.5749297e-28
       241    9.2458805e-29
       242    5.4285832e-29
       243    3.1876753e-29
       244    1.8720126e-29
       245    1.0994823e-29
       246    6.4581720e-30
       247    3.7937600e-30
       248    2.2287713e-30
       249    1.3094618e-30
       250    7.6939180e-31
       251    4.5209028e-31
       252    2.6565665e-31
       253    1.5610932e-31
       254    9.1736843e-32
       255    5.3908770e-32
       256    3.1678835e-32
       257    1.8615131e-32
       258    1.0938122e-32
       259    6.4267494e-33
       260    3.7757540e-33
       261    2.2180495e-33
       262    1.3028217e-33
       263    7.6513065e-34
       264    4.4927619e-34
       265    2.6375963e-34
       266    1.5481391e-34
       267    9.0846411e-35
       268    5.3295513e-35
       269    3.1257003e-35
       270    1.8325944e-35
       271    1.0740783e-35
       272    6.2928035e-36
       273    3.6853506e-36
       274    2.1573848e-36
       275    1.2623450e-36
       276    7.3827403e-37
       277    4.3155235e-37
       278    2.5212328e-37
       279    1.4721198e-37
       280    8.5903559e-38
       281    5.0096123e-38
       282    2.9195042e-38
       283    1.7002516e-38
       284    9.8947226e-39
       285    5.7539683e-39
       286    3.3434281e-39
       287    1.9411739e-39
       288    1.1260891e-39
       289    6.5268419e-40
       290    3.7795962e-40
       291    2.1866842e-40
       292    1.2639011e-40
       293    7.2981025e-41
       294    4.2099210e-41
       295    2.4259279e-41
       296    1.3965340e-41
       297    8.0294402e-42
       298    4.6116732e-42
       299    2.6456515e-42
       300    1.5148036e-42
       301    8.6600245e-43
       302    4.9465836e-43
       303    2.8166099e-43
       304    1.5974802e-43
       305    8.9683102e-44
       306    5.0446745e-44
       307    2.8025969e-44
       308    1.4012985e-44
       309    7.0064923e-45
       310    1.4012985e-45
       311    0.0000000e+00
       312    0.0000000e+00
       313    0.0000000e+00
       314    0.0000000e+00
       315    0.0000000e+00
       316    0.0000000e+00
       317    0.0000000e+00
       318    0.0000000e+00
       319    0.0000000e+00
       320    0.0000000e+00
       321    0.0000000e+00
       322    0.0000000e+00
       323    0.0000000e+00
       324    0.0000000e+00
       325    0.0000000e+00
       326    0.0000000e+00
       327    0.0000000e+00
       328    0.0000000e+00
       329    0.0000000e+00
       330    0.0000000e+00
       331    0.0000000e+00
       332    0.0000000e+00
       333    0.0000000e+00
       334    0.0000000e+00
       335    0.0000000e+00
       336    0.0000000e+00
       337    0.0000000e+00
       338    0.0000000e+00
       339    0.0000000e+00
       340    0.0000000e+00
       341    0.0000000e+00
       342    0.0000000e+00
       343    0.0000000e+00
       344    0.0000000e+00
       345    0.0000000e+00
       346    0.0000000e+00
       347    0.0000000e+00
       348    0.0000000e+00
       349    0.0000000e+00
       350    0.0000000e+00
       351    0.0000000e+00
       352    0.0000000e+00
       353    0.0000000e+00
       354    0.0000000e+00
       355    0.0000000e+00
       356    0.0000000e+00
       357    0.0000000e+00
       358    0.0000000e+00
       359    0.0000000e+00
       360    0.0000000e+00
       361    0.0000000e+00
       362    0.0000000e+00
       363    0.0000000e+00
       364    0.0000000e+00
       365    0.0000000e+00
       366    0.0000000e+00
       367    0.0000000e+00
       368    0.0000000e+00
       369    0.0000000e+00
       370    0.0000000e+00
       371    0.0000000e+00
       372    0.0000000e+00
       373    0.0000000e+00
       374    0.0000000e+00
       375    0.0000000e+00
       376    0.0000000e+00
       377    0.0000000e+00
       378    0.0000000e+00
       379    0.0000000e+00
       380    0.0000000e+00
       381    0.0000000e+00
       382    0.0000000e+00
       383    0.0000000e+00
       384    0.0000000e+00
       385    0.0000000e+00
       386    0.0000000e+00
       387    0.0000000e+00
       388    0.0000000e+00
       389    0.0000000e+00
       390    0.0000000e+00
       391    0.0000000e+00
       392    0.0000000e+00
       393    0.0000000e+00
       394    0.0000000e+00
       395    0.0000000e+00
       396    0.0000000e+00
       397    0.0000000e+00
       398    0.0000000e+00
       399    0.0000000e+00
       400    0.0000000e+00
       401    0.0000000e+00
       402    0.0000000e+00
       403    0.0000000e+00
       404    0.0000000e+00
       405    0.0000000e+00
       406    0.0000000e+00
       407    0.0000000e+00
       408    0.0000000e+00
       409    0.0000000e+00
       410    0.0000000e+00
       411    0.0000000e+00
       412    0.0000000e+00
       413    0.0000000e+00
       414    0.0000000e+00
       415    0.0000000e+00
       416    0.0000000e+00
       417    0.0000000e+00
       418    0.0000000e+00
       419    0.0000000e+00
       420    0.0000000e+00
       421    0.0000000e+00
       422    0.0000000e+00
       423    0.0000000e+00
       424    0.0000000e+00
       425    0.0000000e+00
       426    0.0000000e+00
       427    0.0000000e+00
       428    0.0000000e+00
       429    0.0000000e+00
       430    0.0000000e+00
       431    0.0000000e+00
       432    0.0000000e+00
       433    0.0000000e+00
       434    0.0000000e+00
       435    0.0000000e+00
       436    0.0000000e+00
       437    0.0000000e+00
       438    0.0000000e+00
       439    0.0000000e+00
       440    0.0000000e+00
       441    0.0000000e+00
       442    0.0000000e+00
       443    0.0000000e+00
       444    0.0000000e+00
       445    0.0000000e+00
       446    0.0000000e+00
       447    0.0000000e+00
       448    0.0000000e+00
       449    0.0000000e+00
       450    0.0000000e+00
       451    0.0000000e+00
       452    0.0000000e+00
       453    0.0000000e+00
       454    0.0000000e+00
       455    0.0000000e+00
       456    0.0000000e+00
       457    0.0000000e+00
       458    0.0000000e+00
       459    0.0000000e+00
       460    0.0000000e+00
       461    0.0000000e+00
       462    0.0000000e+00
       463    0.0000000e+00
       464    0.0000000e+00
       465    0.0000000e+00
       466    0.0000000e+00
       467    0.0000000e+00
       468    0.0000000e+00
       469    0.0000000e+00
       470    0.0000000e+00
       471    0.0000000e+00
       472    0.0000000e+00
       473    0.0000000e+00
       474    0.0000000e+00
       475    0.0000000e+00
       476    0.0000000e+00
       477    0.0000000e+00
       478    0.0000000e+00
       479    0.0000000e+00
       480    0.0000000e+00
       481    0.0000000e+00
       482    0.0000000e+00
       483    0.0000000e+00
       484    0.0000000e+00
       485    0.0000000e+00
       486    0.0000000e+00
       487    0.0000000e+00
       488    0.0000000e+00
       489    0.0000000e+00
       490    0.0000000e+00
       491    0.0000000e+00
       492    0.0000000e+00
       493    0.0000000e+00
       494    0.0000000e+00
       495    0.0000000e+00
       496    0.0000000e+00
       497    0.0000000e+00
       498    0.0000000e+00
       499    0.0000000e+00
       500    0.0000000e+00
       501    0.0000000e+00
       502    0.0000000e+00
       503    0.0000000e+00
       504    0.0000000e+00
       505    0.0000000e+00
       506    0.0000000e+00
       507    0.0000000e+00
       508    0.0000000e+00
       509    0.0000000e+00
       510    0.0000000e+00
       511    0.0000000e+00
       512    0.0000000e+00
