         1    9.9999976e-01
         2    9.9999976e-01
         3    9.9999976e-01
         4    9.9999976e-01
         5    9.9999976e-01
         6    9.9999976e-01
         7    9.9999976e-01
         8    9.9999976e-01
         9    9.9999976e-01
        10    9.9999976e-01
        11    9.9999976e-01
        12    9.9999976e-01
        13    9.9999976e-01
        14    9.9999976e-01
        15    9.9999976e-01
        16    9.9999976e-01
        17    9.9999976e-01
        18    9.9999976e-01
        19    9.9999976e-01
        20    9.9999976e-01
        21    9.9999976e-01
        22    9.9999976e-01
        23    9.9999976e-01
        24    9.9999976e-01
        25    9.9999976e-01
        26    9.9999976e-01
        27    9.9999976e-01
        28    9.9999976e-01
        29    9.9999976e-01
        30    9.9999976e-01
        31    9.9999976e-01
        32    9.9999976e-01
        33    9.9999976e-01
        34    9.9999976e-01
        35    9.9999976e-01
        36    9.9999976e-01
        37    9.9999976e-01
        38    9.9999976e-01
        39    9.9999976e-01
        40    9.9999976e-01
        41    9.9999976e-01
        42    9.9999976e-01
        43    9.9999976e-01
        44    9.9999976e-01
        45    9.9999976e-01
        46    9.9999976e-01
        47    9.9999976e-01
        48    9.9999976e-01
        49    9.9999976e-01
        50    9.9999976e-01
        51    9.9999970e-01
        52    9.9999958e-01
        53    9.9999928e-01
        54    9.9999881e-01
        55    9.9999791e-01
        56    9.9999636e-01
        57    9.9999374e-01
        58    9.9998915e-01
        59    9.9998128e-01
        60    9.9996758e-01
        61    9.9994385e-01
        62    9.9990290e-01
        63    9.9983197e-01
        64    9.9970925e-01
        65    9.9949688e-01
        66    9.9912941e-01
        67    9.9849385e-01
        68    9.9739510e-01
        69    9.9549770e-01
        70    9.9222761e-01
        71    9.8661089e-01
        72    9.7702008e-01
        73    9.6080905e-01
        74    9.3387717e-01
        75    8.9040750e-01
        76    8.2346612e-01
        77    7.2765404e-01
        78    6.0432363e-01
        79    4.6603084e-01
        80    3.3321312e-01
        81    2.2310895e-01
        82    1.4213197e-01
        83    8.7501705e-02
        84    5.2697707e-02
        85    3.1309679e-02
        86    1.8451475e-02
        87    1.0821837e-02
        88    6.3294009e-03
        89    3.6960274e-03
        90    2.1563764e-03
        91    1.2575063e-03
        92    7.3315692e-04
        93    4.2741161e-04
        94    2.4916904e-04
        95    1.4526512e-04
        96    8.4695515e-05
        97    4.9385406e-05
        98    2.8799199e-05
        99    1.6796099e-05
       100    9.7968050e-06
       101    5.7149127e-06
       102    3.3341478e-06
       103    1.9454087e-06
       104    1.1352415e-06
       105    6.6254842e-07
       106    3.8672258e-07
       107    2.2575357e-07
       108    1.3180245e-07
       109    7.6960312e-08
       110    4.4943338e-08
       111    2.6249415e-08
       112    1.5333123e-08
       113    8.9577510e-09
       114    5.2339026e-09
       115    3.0585210e-09
       116    1.7875466e-09
       117    1.0448750e-09
       118    6.1084821e-10
       119    3.5716211e-10
       120    2.0886307e-10
       121    1.2215835e-10
       122    7.1458048e-11
       123    4.1806780e-11
       124    2.4463074e-11
       125    1.4316780e-11
       126    8.3801317e-12
       127    4.9060135e-12
       128    2.8726336e-12
       129    1.6823117e-12
       130    9.8539102e-13
       131    5.7728150e-13
       132    3.3825530e-13
       133    1.9823506e-13
       134    1.1619728e-13
       135    6.8122679e-14
       136    3.9945542e-14
       137    2.3427502e-14
       138    1.3742471e-14
       139    8.0627779e-15
       140    4.7313503e-15
       141    2.7769323e-15
       142    1.6301371e-15
       143    9.5710626e-16
       144    5.6204532e-16
       145    3.3010745e-16
       146    1.9391403e-16
       147    1.1392776e-16
       148    6.6944098e-17
       149    3.9341676e-17
       150    2.3123093e-17
       151    1.3592069e-17
       152    7.9903372e-18
       153    4.6976133e-18
       154    2.7619372e-18
       155    1.6239248e-18
       156    9.5482513e-19
       157    5.6140614e-19
       158    3.3007642e-19
       159    1.9405456e-19
       160    1.1407546e-19
       161    6.7051092e-20
       162    3.9404900e-20
       163    2.3153144e-20
       164    1.3600940e-20
       165    7.9874870e-21
       166    4.6893863e-21
       167    2.7521244e-21
       168    1.6145338e-21
       169    9.4674598e-22
       170    5.5488966e-22
       171    3.2504651e-22
       172    1.9029549e-22
       173    1.1133541e-22
       174    6.5093451e-23
       175    3.8029205e-23
       176    2.2199825e-23
       177    1.2948223e-23
       178    7.5452715e-24
       179    4.3925724e-24
       180    2.5545681e-24
       181    1.4840395e-24
       182    8.6114748e-25
       183    4.9910095e-25
       184    2.8890337e-25
       185    1.6701086e-25
       186    9.6413816e-26
       187    5.5579016e-26
       188    3.1991471e-26
       189    1.8385870e-26
       190    1.0549597e-26
       191    6.0431656e-27
       192    3.4557762e-27
       193    1.9726725e-27
       194    1.1240064e-27
       195    6.3923921e-28
       196    3.6284051e-28
       197    2.0554316e-28
       198    1.1619912e-28
       199    6.5553100e-29
       200    3.6902247e-29
       201    2.0728149e-29
       202    1.1617048e-29
       203    6.4958886e-30
       204    3.6238422e-30
       205    2.0168278e-30
       206    1.1197436e-30
       207    6.2015537e-31
       208    3.4260761e-31
       209    1.8879517e-31
       210    1.0376853e-31
       211    5.6885957e-32
       212    3.1102379e-32
       213    1.6959614e-32
       214    9.2226884e-33
       215    5.0015437e-33
       216    2.7048410e-33
       217    1.4586704e-33
       218    7.8439976e-34
       219    4.2060079e-34
       220    2.2487593e-34
       221    1.1987935e-34
       222    6.3718125e-35
       223    3.3766643e-35
       224    1.7840558e-35
       225    9.3975450e-36
       226    4.9351004e-36
       227    2.5837083e-36
       228    1.3484899e-36
       229    7.0161629e-37
       230    3.6390726e-37
       231    1.8815358e-37
       232    9.6974360e-38
       233    4.9821424e-38
       234    2.5514237e-38
       235    1.3024133e-38
       236    6.6268609e-39
       237    3.3608770e-39
       238    1.6989343e-39
       239    8.5599858e-40
       240    4.2986792e-40
       241    2.1515817e-40
       242    1.0733246e-40
       243    5.3365649e-41
       244    2.6443903e-41
       245    1.3058700e-41
       246    6.4263548e-42
       247    3.1515202e-42
       248    1.5400270e-42
       249    7.4969468e-43
       250    3.6293630e-43
       251    1.7376101e-43
       252    8.4077908e-44
       253    3.9236357e-44
       254    1.8216880e-44
       255    8.4077908e-45
       256    2.8025969e-45
       257    0.0000000e+00
       258    0.0000000e+00
       259    0.0000000e+00
       260    0.0000000e+00
       261    0.0000000e+00
       262    0.0000000e+00
       263    0.0000000e+00
       264    0.0000000e+00
       265    0.0000000e+00
       266    0.0000000e+00
       267    0.0000000e+00
       268    0.0000000e+00
       269    0.0000000e+00
       270    0.0000000e+00
       271    0.0000000e+00
       272    0.0000000e+00
       273    0.0000000e+00
       274    0.0000000e+00
       275    0.0000000e+00
       276    0.0000000e+00
       277    0.0000000e+00
       278    0.0000000e+00
       279    0.0000000e+00
       280    0.0000000e+00
       281    0.0000000e+00
       282    0.0000000e+00
       283    0.0000000e+00
       284    0.0000000e+00
       285    0.0000000e+00
       286    0.0000000e+00
       287    0.0000000e+00
       288    0.0000000e+00
       289    0.0000000e+00
       290    0.0000000e+00
       291    0.0000000e+00
       292    0.0000000e+00
       293    0.0000000e+00
       294    0.0000000e+00
       295    0.0000000e+00
       296    0.0000000e+00
       297    0.0000000e+00
       298    0.0000000e+00
       299    0.0000000e+00
       300    0.0000000e+00
       301    0.0000000e+00
       302    0.0000000e+00
       303    0.0000000e+00
       304    0.0000000e+00
       305    0.0000000e+00
       306    0.0000000e+00
       307    0.0000000e+00
       308    0.0000000e+00
       309    0.0000000e+00
       310    0.0000000e+00
       311    0.0000000e+00
       312    0.0000000e+00
       313    0.0000000e+00
       314    0.0000000e+00
       315    0.0000000e+00
       316    0.0000000e+00
       317    0.0000000e+00
       318    0.0000000e+00
       319    0.0000000e+00
       320    0.0000000e+00
       321    0.0000000e+00
       322    0.0000000e+00
       323    0.0000000e+00
       324    0.0000000e+00
       325    0.0000000e+00
       326    0.0000000e+00
       327    0.0000000e+00
       328    0.0000000e+00
       329    0.0000000e+00
       330    0.0000000e+00
       331    0.0000000e+00
       332    0.0000000e+00
       333    0.0000000e+00
       334    0.0000000e+00
       335    0.0000000e+00
       336    0.0000000e+00
       337    0.0000000e+00
       338    0.0000000e+00
       339    0.0000000e+00
       340    0.0000000e+00
       341    0.0000000e+00
       342    0.0000000e+00
       343    0.0000000e+00
       344    0.0000000e+00
       345    0.0000000e+00
       346    0.0000000e+00
       347    0.0000000e+00
       348    0.0000000e+00
       349    0.0000000e+00
       350    0.0000000e+00
       351    0.0000000e+00
       352    0.0000000e+00
       353    0.0000000e+00
       354    0.0000000e+00
       355    0.0000000e+00
       356    0.0000000e+00
       357    0.0000000e+00
       358    0.0000000e+00
       359    0.0000000e+00
       360    0.0000000e+00
       361    0.0000000e+00
       362    0.0000000e+00
       363    0.0000000e+00
       364    0.0000000e+00
       365    0.0000000e+00
       366    0.0000000e+00
       367    0.0000000e+00
       368    0.0000000e+00
       369    0.0000000e+00
       370    0.0000000e+00
       371    0.0000000e+00
       372    0.0000000e+00
       373    0.0000000e+00
       374    0.0000000e+00
       375    0.0000000e+00
       376    0.0000000e+00
       377    0.0000000e+00
       378    0.0000000e+00
       379    0.0000000e+00
       380    0.0000000e+00
       381    0.0000000e+00
       382    0.0000000e+00
       383    0.0000000e+00
       384    0.0000000e+00
       385    0.0000000e+00
       386    0.0000000e+00
       387    0.0000000e+00
       388    0.0000000e+00
       389    0.0000000e+00
       390    0.0000000e+00
       391    0.0000000e+00
       392    0.0000000e+00
       393    0.0000000e+00
       394    0.0000000e+00
       395    0.0000000e+00
       396    0.0000000e+00
       397    0.0000000e+00
       398    0.0000000e+00
       399    0.0000000e+00
       400    0.0000000e+00
       401    0.0000000e+00
       402    0.0000000e+00
       403    0.0000000e+00
       404    0.0000000e+00
       405    0.0000000e+00
       406    0.0000000e+00
       407    0.0000000e+00
       408    0.0000000e+00
       409    0.0000000e+00
       410    0.0000000e+00
       411    0.0000000e+00
       412    0.0000000e+00
       413    0.0000000e+00
       414    0.0000000e+00
       415    0.0000000e+00
       416    0.0000000e+00
       417    0.0000000e+00
       418    0.0000000e+00
       419    0.0000000e+00
       420    0.0000000e+00
       421    0.0000000e+00
       422    0.0000000e+00
       423    0.0000000e+00
       424    0.0000000e+00
       425    0.0000000e+00
       426    0.0000000e+00
       427    0.0000000e+00
       428    0.0000000e+00
       429    0.0000000e+00
       430    0.0000000e+00
       431    0.0000000e+00
       432    0.0000000e+00
       433    0.0000000e+00
       434    0.0000000e+00
       435    0.0000000e+00
       436    0.0000000e+00
       437    0.0000000e+00
       438    0.0000000e+00
       439    0.0000000e+00
       440    0.0000000e+00
       441    0.0000000e+00
       442    0.0000000e+00
       443    0.0000000e+00
       444    0.0000000e+00
       445    0.0000000e+00
       446    0.0000000e+00
       447    0.0000000e+00
       448    0.0000000e+00
       449    0.0000000e+00
       450    0.0000000e+00
       451    0.0000000e+00
       452    0.0000000e+00
       453    0.0000000e+00
       454    0.0000000e+00
       455    0.0000000e+00
       456    0.0000000e+00
       457    0.0000000e+00
       458    0.0000000e+00
       459    0.0000000e+00
       460    0.0000000e+00
       461    0.0000000e+00
       462    0.0000000e+00
       463    0.0000000e+00
       464    0.0000000e+00
       465    0.0000000e+00
       466    0.0000000e+00
       467    0.0000000e+00
       468    0.0000000e+00
       469    0.0000000e+00
       470    0.0000000e+00
       471    0.0000000e+00
       472    0.0000000e+00
       473    0.0000000e+00
       474    0.0000000e+00
       475    0.0000000e+00
       476    0.0000000e+00
       477    0.0000000e+00
       478    0.0000000e+00
       479    0.0000000e+00
       480    0.0000000e+00
       481    0.0000000e+00
       482    0.0000000e+00
       483    0.0000000e+00
       484    0.0000000e+00
       485    0.0000000e+00
       486    0.0000000e+00
       487    0.0000000e+00
       488    0.0000000e+00
       489    0.0000000e+00
       490    0.0000000e+00
       491    0.0000000e+00
       492    0.0000000e+00
       493    0.0000000e+00
       494    0.0000000e+00
       495    0.0000000e+00
       496    0.0000000e+00
       497    0.0000000e+00
       498    0.0000000e+00
       499    0.0000000e+00
       500    0.0000000e+00
       501    0.0000000e+00
       502    0.0000000e+00
       503    0.0000000e+00
       504    0.0000000e+00
       505    0.0000000e+00
       506    0.0000000e+00
       507    0.0000000e+00
       508    0.0000000e+00
       509    0.0000000e+00
       510    0.0000000e+00
       511    0.0000000e+00
       512    0.0000000e+00
