         1    9.9999976e-01
         2    9.9999976e-01
         3    9.9999976e-01
         4    9.9999976e-01
         5    9.9999976e-01
         6    9.9999976e-01
         7    9.9999976e-01
         8    9.9999976e-01
         9    9.9999976e-01
        10    9.9999976e-01
        11    9.9999976e-01
        12    9.9999976e-01
        13    9.9999976e-01
        14    9.9999976e-01
        15    9.9999976e-01
        16    9.9999976e-01
        17    9.9999976e-01
        18    9.9999976e-01
        19    9.9999976e-01
        20    9.9999976e-01
        21    9.9999976e-01
        22    9.9999976e-01
        23    9.9999976e-01
        24    9.9999976e-01
        25    9.9999976e-01
        26    9.9999976e-01
        27    9.9999976e-01
        28    9.9999976e-01
        29    9.9999976e-01
        30    9.9999976e-01
        31    9.9999976e-01
        32    9.9999976e-01
        33    9.9999976e-01
        34    9.9999976e-01
        35    9.9999976e-01
        36    9.9999976e-01
        37    9.9999976e-01
        38    9.9999976e-01
        39    9.9999976e-01
        40    9.9999976e-01
        41    9.9999976e-01
        42    9.9999976e-01
        43    9.9999976e-01
        44    9.9999976e-01
        45    9.9999976e-01
        46    9.9999976e-01
        47    9.9999976e-01
        48    9.9999976e-01
        49    9.9999976e-01
        50    9.9999976e-01
        51    9.9999976e-01
        52    9.9999976e-01
        53    9.9999976e-01
        54    9.9999976e-01
        55    9.9999976e-01
        56    9.9999976e-01
        57    9.9999976e-01
        58    9.9999976e-01
        59    9.9999976e-01
        60    9.9999976e-01
        61    9.9999976e-01
        62    9.9999976e-01
        63    9.9999976e-01
        64    9.9999976e-01
        65    9.9999976e-01
        66    9.9999976e-01
        67    9.9999976e-01
        68    9.9999976e-01
        69    9.9999976e-01
        70    9.9999976e-01
        71    9.9999976e-01
        72    9.9999976e-01
        73    9.9999976e-01
        74    9.9999976e-01
        75    9.9999976e-01
        76    9.9999976e-01
        77    9.9999976e-01
        78    9.9999976e-01
        79    9.9999976e-01
        80    9.9999976e-01
        81    9.9999976e-01
        82    9.9999976e-01
        83    9.9999976e-01
        84    9.9999976e-01
        85    9.9999976e-01
        86    9.9999976e-01
        87    9.9999976e-01
        88    9.9999976e-01
        89    9.9999976e-01
        90    9.9999976e-01
        91    9.9999976e-01
        92    9.9999976e-01
        93    9.9999976e-01
        94    9.9999976e-01
        95    9.9999976e-01
        96    9.9999976e-01
        97    9.9999976e-01
        98    9.9999976e-01
        99    9.9999976e-01
       100    9.9999976e-01
       101    9.9999976e-01
       102    9.9999976e-01
       103    9.9999976e-01
       104    9.9999976e-01
       105    9.9999976e-01
       106    9.9999976e-01
       107    9.9999976e-01
       108    9.9999976e-01
       109    9.9999976e-01
       110    9.9999976e-01
       111    9.9999976e-01
       112    9.9999976e-01
       113    9.9999976e-01
       114    9.9999976e-01
       115    9.9999976e-01
       116    9.9999976e-01
       117    9.9999976e-01
       118    9.9999976e-01
       119    9.9999976e-01
       120    9.9999976e-01
       121    9.9999976e-01
       122    9.9999976e-01
       123    9.9999976e-01
       124    9.9999976e-01
       125    9.9999976e-01
       126    9.9999976e-01
       127    9.9999976e-01
       128    9.9999964e-01
       129    9.9999946e-01
       130    9.9999911e-01
       131    9.9999839e-01
       132    9.9999726e-01
       133    9.9999529e-01
       134    9.9999183e-01
       135    9.9998581e-01
       136    9.9997544e-01
       137    9.9995744e-01
       138    9.9992633e-01
       139    9.9987239e-01
       140    9.9977887e-01
       141    9.9961686e-01
       142    9.9933630e-01
       143    9.9885052e-01
       144    9.9800974e-01
       145    9.9655581e-01
       146    9.9404550e-01
       147    9.8972273e-01
       148    9.8231298e-01
       149    9.6971130e-01
       150    9.4856596e-01
       151    9.1387886e-01
       152    8.5906619e-01
       153    7.7746636e-01
       154    6.6642964e-01
       155    5.3292894e-01
       156    3.9474601e-01
       157    2.7215847e-01
       158    1.7710769e-01
       159    1.1057741e-01
       160    6.7173190e-02
       161    4.0109646e-02
       162    2.3700170e-02
       163    1.3916781e-02
       164    8.1419023e-03
       165    4.7531128e-03
       166    2.7713317e-03
       167    1.6146849e-03
       168    9.4039610e-04
       169    5.4756587e-04
       170    3.1879410e-04
       171    1.8559207e-04
       172    1.0804366e-04
       173    6.2898303e-05
       174    3.6617075e-05
       175    2.1317514e-05
       176    1.2410788e-05
       177    7.2255889e-06
       178    4.2068664e-06
       179    2.4493800e-06
       180    1.4261519e-06
       181    8.3040084e-07
       182    4.8352859e-07
       183    2.8155875e-07
       184    1.6395641e-07
       185    9.5477340e-08
       186    5.5601284e-08
       187    3.2380377e-08
       188    1.8857827e-08
       189    1.0982824e-08
       190    6.3965993e-09
       191    3.7256065e-09
       192    2.1699891e-09
       193    1.2639529e-09
       194    7.3623607e-10
       195    4.2886061e-10
       196    2.4982055e-10
       197    1.4553020e-10
       198    8.4779538e-11
       199    4.9390343e-11
       200    2.8774389e-11
       201    1.6764220e-11
       202    9.7672833e-12
       203    5.6908540e-12
       204    3.3158467e-12
       205    1.9320788e-12
       206    1.1258193e-12
       207    6.5603350e-13
       208    3.8229351e-13
       209    2.2278270e-13
       210    1.2983139e-13
       211    7.5664430e-14
       212    4.4097874e-14
       213    2.5701441e-14
       214    1.4979984e-14
       215    8.7313079e-15
       216    5.0893399e-15
       217    2.9665925e-15
       218    1.7292935e-15
       219    1.0080776e-15
       220    5.8767040e-16
       221    3.4260077e-16
       222    1.9973656e-16
       223    1.1645061e-16
       224    6.7895481e-17
       225    3.9587230e-17
       226    2.3082592e-17
       227    1.3459514e-17
       228    7.8485535e-18
       229    4.5768371e-18
       230    2.6690519e-18
       231    1.5565548e-18
       232    9.0779505e-19
       233    5.2945287e-19
       234    3.0880413e-19
       235    1.8011723e-19
       236    1.0506161e-19
       237    6.1284345e-20
       238    3.5749660e-20
       239    2.0855057e-20
       240    1.2166567e-20
       241    7.0981007e-21
       242    4.1412729e-21
       243    2.4162580e-21
       244    1.4098428e-21
       245    8.2265222e-22
       246    4.8004304e-22
       247    2.8013198e-22
       248    1.6347975e-22
       249    9.5407886e-23
       250    5.5683148e-23
       251    3.2499955e-23
       252    1.8969743e-23
       253    1.1072866e-23
       254    6.4636651e-24
       255    3.7732724e-24
       256    2.2028156e-24
       257    1.2860539e-24
       258    7.5086434e-25
       259    4.3841497e-25
       260    2.5599478e-25
       261    1.4948551e-25
       262    8.7295033e-26
       263    5.0980352e-26
       264    2.9774147e-26
       265    1.7389989e-26
       266    1.0157415e-26
       267    5.9332328e-27
       268    3.4659652e-27
       269    2.0247995e-27
       270    1.1829471e-27
       271    6.9115342e-28
       272    4.0384052e-28
       273    2.3597830e-28
       274    1.3789910e-28
       275    8.0589497e-29
       276    4.7100293e-29
       277    2.7529441e-29
       278    1.6091641e-29
       279    9.4066060e-30
       280    5.4991529e-30
       281    3.2150624e-30
       282    1.8798116e-30
       283    1.0991860e-30
       284    6.4277733e-31
       285    3.7590925e-31
       286    2.1985645e-31
       287    1.2859668e-31
       288    7.5223810e-32
       289    4.4006471e-32
       290    2.5746256e-32
       291    1.5064288e-32
       292    8.8149690e-33
       293    5.1585938e-33
       294    3.0191237e-33
       295    1.7671368e-33
       296    1.0344269e-33
       297    6.0557869e-34
       298    3.5455453e-34
       299    2.0760504e-34
       300    1.2157261e-34
       301    7.1199555e-35
       302    4.1702591e-35
       303    2.4428319e-35
       304    1.4310984e-35
       305    8.3847702e-36
       306    4.9131402e-36
       307    2.8792128e-36
       308    1.6874672e-36
       309    9.8910901e-37
       310    5.7982959e-37
       311    3.3994142e-37
       312    1.9932206e-37
       313    1.1688372e-37
       314    6.8548802e-38
       315    4.0206165e-38
       316    2.3584781e-38
       317    1.3836200e-38
       318    8.1179602e-39
       319    4.7634451e-39
       320    2.7953648e-39
       321    1.6405814e-39
       322    9.6293447e-40
       323    5.6524316e-40
       324    3.3182608e-40
       325    1.9481412e-40
       326    1.1438239e-40
       327    6.7162834e-41
       328    3.9438144e-41
       329    2.3159260e-41
       330    1.3601003e-41
       331    7.9874012e-42
       332    4.6901460e-42
       333    2.7535515e-42
       334    1.6156971e-42
       335    9.4867906e-43
       336    5.5631549e-43
       337    3.2650254e-43
       338    1.9057659e-43
       339    1.1070258e-43
       340    6.4459729e-44
       341    3.6433760e-44
       342    2.1019477e-44
       343    1.1210388e-44
       344    4.2038954e-45
       345    1.4012985e-45
       346    0.0000000e+00
       347    0.0000000e+00
       348    0.0000000e+00
       349    0.0000000e+00
       350    0.0000000e+00
       351    0.0000000e+00
       352    0.0000000e+00
       353    0.0000000e+00
       354    0.0000000e+00
       355    0.0000000e+00
       356    0.0000000e+00
       357    0.0000000e+00
       358    0.0000000e+00
       359    0.0000000e+00
       360    0.0000000e+00
       361    0.0000000e+00
       362    0.0000000e+00
       363    0.0000000e+00
       364    0.0000000e+00
       365    0.0000000e+00
       366    0.0000000e+00
       367    0.0000000e+00
       368    0.0000000e+00
       369    0.0000000e+00
       370    0.0000000e+00
       371    0.0000000e+00
       372    0.0000000e+00
       373    0.0000000e+00
       374    0.0000000e+00
       375    0.0000000e+00
       376    0.0000000e+00
       377    0.0000000e+00
       378    0.0000000e+00
       379    0.0000000e+00
       380    0.0000000e+00
       381    0.0000000e+00
       382    0.0000000e+00
       383    0.0000000e+00
       384    0.0000000e+00
       385    0.0000000e+00
       386    0.0000000e+00
       387    0.0000000e+00
       388    0.0000000e+00
       389    0.0000000e+00
       390    0.0000000e+00
       391    0.0000000e+00
       392    0.0000000e+00
       393    0.0000000e+00
       394    0.0000000e+00
       395    0.0000000e+00
       396    0.0000000e+00
       397    0.0000000e+00
       398    0.0000000e+00
       399    0.0000000e+00
       400    0.0000000e+00
       401    0.0000000e+00
       402    0.0000000e+00
       403    0.0000000e+00
       404    0.0000000e+00
       405    0.0000000e+00
       406    0.0000000e+00
       407    0.0000000e+00
       408    0.0000000e+00
       409    0.0000000e+00
       410    0.0000000e+00
       411    0.0000000e+00
       412    0.0000000e+00
       413    0.0000000e+00
       414    0.0000000e+00
       415    0.0000000e+00
       416    0.0000000e+00
       417    0.0000000e+00
       418    0.0000000e+00
       419    0.0000000e+00
       420    0.0000000e+00
       421    0.0000000e+00
       422    0.0000000e+00
       423    0.0000000e+00
       424    0.0000000e+00
       425    0.0000000e+00
       426    0.0000000e+00
       427    0.0000000e+00
       428    0.0000000e+00
       429    0.0000000e+00
       430    0.0000000e+00
       431    0.0000000e+00
       432    0.0000000e+00
       433    0.0000000e+00
       434    0.0000000e+00
       435    0.0000000e+00
       436    0.0000000e+00
       437    0.0000000e+00
       438    0.0000000e+00
       439    0.0000000e+00
       440    0.0000000e+00
       441    0.0000000e+00
       442    0.0000000e+00
       443    0.0000000e+00
       444    0.0000000e+00
       445    0.0000000e+00
       446    0.0000000e+00
       447    0.0000000e+00
       448    0.0000000e+00
       449    0.0000000e+00
       450    0.0000000e+00
       451    0.0000000e+00
       452    0.0000000e+00
       453    0.0000000e+00
       454    0.0000000e+00
       455    0.0000000e+00
       456    0.0000000e+00
       457    0.0000000e+00
       458    0.0000000e+00
       459    0.0000000e+00
       460    0.0000000e+00
       461    0.0000000e+00
       462    0.0000000e+00
       463    0.0000000e+00
       464    0.0000000e+00
       465    0.0000000e+00
       466    0.0000000e+00
       467    0.0000000e+00
       468    0.0000000e+00
       469    0.0000000e+00
       470    0.0000000e+00
       471    0.0000000e+00
       472    0.0000000e+00
       473    0.0000000e+00
       474    0.0000000e+00
       475    0.0000000e+00
       476    0.0000000e+00
       477    0.0000000e+00
       478    0.0000000e+00
       479    0.0000000e+00
       480    0.0000000e+00
       481    0.0000000e+00
       482    0.0000000e+00
       483    0.0000000e+00
       484    0.0000000e+00
       485    0.0000000e+00
       486    0.0000000e+00
       487    0.0000000e+00
       488    0.0000000e+00
       489    0.0000000e+00
       490    0.0000000e+00
       491    0.0000000e+00
       492    0.0000000e+00
       493    0.0000000e+00
       494    0.0000000e+00
       495    0.0000000e+00
       496    0.0000000e+00
       497    0.0000000e+00
       498    0.0000000e+00
       499    0.0000000e+00
       500    0.0000000e+00
       501    0.0000000e+00
       502    0.0000000e+00
       503    0.0000000e+00
       504    0.0000000e+00
       505    0.0000000e+00
       506    0.0000000e+00
       507    0.0000000e+00
       508    0.0000000e+00
       509    0.0000000e+00
       510    0.0000000e+00
       511    0.0000000e+00
       512    0.0000000e+00
