         1    9.9999976e-01
         2    9.9999976e-01
         3    9.9999976e-01
         4    9.9999976e-01
         5    9.9999976e-01
         6    9.9999976e-01
         7    9.9999976e-01
         8    9.9999976e-01
         9    9.9999976e-01
        10    9.9999976e-01
        11    9.9999976e-01
        12    9.9999976e-01
        13    9.9999976e-01
        14    9.9999976e-01
        15    9.9999976e-01
        16    9.9999976e-01
        17    9.9999976e-01
        18    9.9999976e-01
        19    9.9999976e-01
        20    9.9999976e-01
        21    9.9999976e-01
        22    9.9999976e-01
        23    9.9999976e-01
        24    9.9999976e-01
        25    9.9999976e-01
        26    9.9999976e-01
        27    9.9999976e-01
        28    9.9999976e-01
        29    9.9999976e-01
        30    9.9999976e-01
        31    9.9999976e-01
        32    9.9999976e-01
        33    9.9999976e-01
        34    9.9999976e-01
        35    9.9999976e-01
        36    9.9999976e-01
        37    9.9999976e-01
        38    9.9999976e-01
        39    9.9999976e-01
        40    9.9999976e-01
        41    9.9999976e-01
        42    9.9999976e-01
        43    9.9999964e-01
        44    9.9999946e-01
        45    9.9999911e-01
        46    9.9999845e-01
        47    9.9999738e-01
        48    9.9999541e-01
        49    9.9999207e-01
        50    9.9998629e-01
        51    9.9997634e-01
        52    9.9995911e-01
        53    9.9992931e-01
        54    9.9987769e-01
        55    9.9978846e-01
        56    9.9963409e-01
        57    9.9936712e-01
        58    9.9890530e-01
        59    9.9810690e-01
        60    9.9672753e-01
        61    9.9434781e-01
        62    9.9025220e-01
        63    9.8323333e-01
        64    9.7129333e-01
        65    9.5123708e-01
        66    9.1826087e-01
        67    8.6592972e-01
        68    7.8746915e-01
        69    6.7954838e-01
        70    5.4789978e-01
        71    4.0933430e-01
        72    2.8439108e-01
        73    1.8619429e-01
        74    1.1676959e-01
        75    7.1161963e-02
        76    4.2591408e-02
        77    2.5212912e-02
        78    1.4828151e-02
        79    8.6874980e-03
        80    5.0787004e-03
        81    2.9653688e-03
        82    1.7302901e-03
        83    1.0092934e-03
        84    5.8865180e-04
        85    3.4331402e-04
        86    2.0023758e-04
        87    1.1679861e-04
        88    6.8136207e-05
        89    3.9753249e-05
        90    2.3196661e-05
        91    1.3537516e-05
        92    7.9015972e-06
        93    4.6126916e-06
        94    2.6931389e-06
        95    1.5726381e-06
        96    9.1847113e-07
        97    5.3650012e-07
        98    3.1343149e-07
        99    1.8314074e-07
       100    1.0702811e-07
       101    6.2557923e-08
       102    3.6571222e-08
       103    2.1383091e-08
       104    1.2504794e-08
       105    7.3140640e-09
       106    4.2787658e-09
       107    2.5035540e-09
       108    1.4651276e-09
       109    8.5758106e-10
       110    5.0206211e-10
       111    2.9398384e-10
       112    1.7217670e-10
       113    1.0085822e-10
       114    5.9092897e-11
       115    3.4629570e-11
       116    2.0297736e-11
       117    1.1899735e-11
       118    6.9777682e-12
       119    4.0924690e-12
       120    2.4007326e-12
       121    1.4086111e-12
       122    8.2665922e-13
       123    4.8523121e-13
       124    2.8487607e-13
       125    1.6728078e-13
       126    9.8246288e-14
       127    5.7711567e-14
       128    3.3906444e-14
       129    1.9923680e-14
       130    1.1708989e-14
       131    6.8821732e-15
       132    4.0455839e-15
       133    2.3783648e-15
       134    1.3983269e-15
       135    8.2217152e-16
       136    4.8342510e-16
       137    2.8424822e-16
       138    1.6713052e-16
       139    9.8263015e-17
       140    5.7767892e-17
       141    3.3957051e-17
       142    1.9957420e-17
       143    1.1727158e-17
       144    6.8893334e-18
       145    4.0461201e-18
       146    2.3755144e-18
       147    1.3941617e-18
       148    8.1786894e-19
       149    4.7956432e-19
       150    2.8104720e-19
       151    1.6461023e-19
       152    9.6350650e-20
       153    5.6356894e-20
       154    3.2938788e-20
       155    1.9235754e-20
       156    1.1223393e-20
       157    6.5422050e-21
       158    3.8096074e-21
       159    2.2159658e-21
       160    1.2874867e-21
       161    7.4711777e-22
       162    4.3298361e-22
       163    2.5058726e-22
       164    1.4481734e-22
       165    8.3565127e-23
       166    4.8143881e-23
       167    2.7690917e-23
       168    1.5899462e-23
       169    9.1126593e-24
       170    5.2130804e-24
       171    2.9764558e-24
       172    1.6960149e-24
       173    9.6439459e-25
       174    5.4719845e-25
       175    3.0979226e-25
       176    1.7498580e-25
       177    9.8608229e-26
       178    5.5433675e-26
       179    3.1085431e-26
       180    1.7387457e-26
       181    9.7002975e-27
       182    5.3973212e-27
       183    2.9949584e-27
       184    1.6572897e-27
       185    9.1448720e-28
       186    5.0315926e-28
       187    2.7603220e-28
       188    1.5097981e-28
       189    8.2330737e-29
       190    4.4757820e-29
       191    2.4256049e-29
       192    1.3103778e-29
       193    7.0563478e-30
       194    3.7875011e-30
       195    2.0262726e-30
       196    1.0804355e-30
       197    5.7416899e-31
       198    3.0409214e-31
       199    1.6050202e-31
       200    8.4421177e-32
       201    4.4249063e-32
       202    2.3111349e-32
       203    1.2028245e-32
       204    6.2376741e-33
       205    3.2231063e-33
       206    1.6593829e-33
       207    8.5119227e-34
       208    4.3501777e-34
       209    2.2150031e-34
       210    1.1236207e-34
       211    5.6785004e-35
       212    2.8589515e-35
       213    1.4339371e-35
       214    7.1646510e-36
       215    3.5660972e-36
       216    1.7681391e-36
       217    8.7328696e-37
       218    4.2964250e-37
       219    2.1055222e-37
       220    1.0277978e-37
       221    4.9973969e-38
       222    2.4202582e-38
       223    1.1674939e-38
       224    5.6094006e-39
       225    2.6843610e-39
       226    1.2794458e-39
       227    6.0737040e-40
       228    2.8716389e-40
       229    1.3522110e-40
       230    6.3415762e-41
       231    2.9619246e-41
       232    1.3777567e-41
       233    6.3829145e-42
       234    2.9441281e-42
       235    1.3522530e-42
       236    6.1937392e-43
       237    2.8166099e-43
       238    1.2751816e-43
       239    5.7453237e-44
       240    2.5223372e-44
       241    1.1210388e-44
       242    4.2038954e-45
       243    0.0000000e+00
       244    0.0000000e+00
       245    0.0000000e+00
       246    0.0000000e+00
       247    0.0000000e+00
       248    0.0000000e+00
       249    0.0000000e+00
       250    0.0000000e+00
       251    0.0000000e+00
       252    0.0000000e+00
       253    0.0000000e+00
       254    0.0000000e+00
       255    0.0000000e+00
       256    0.0000000e+00
       257    0.0000000e+00
       258    0.0000000e+00
       259    0.0000000e+00
       260    0.0000000e+00
       261    0.0000000e+00
       262    0.0000000e+00
       263    0.0000000e+00
       264    0.0000000e+00
       265    0.0000000e+00
       266    0.0000000e+00
       267    0.0000000e+00
       268    0.0000000e+00
       269    0.0000000e+00
       270    0.0000000e+00
       271    0.0000000e+00
       272    0.0000000e+00
       273    0.0000000e+00
       274    0.0000000e+00
       275    0.0000000e+00
       276    0.0000000e+00
       277    0.0000000e+00
       278    0.0000000e+00
       279    0.0000000e+00
       280    0.0000000e+00
       281    0.0000000e+00
       282    0.0000000e+00
       283    0.0000000e+00
       284    0.0000000e+00
       285    0.0000000e+00
       286    0.0000000e+00
       287    0.0000000e+00
       288    0.0000000e+00
       289    0.0000000e+00
       290    0.0000000e+00
       291    0.0000000e+00
       292    0.0000000e+00
       293    0.0000000e+00
       294    0.0000000e+00
       295    0.0000000e+00
       296    0.0000000e+00
       297    0.0000000e+00
       298    0.0000000e+00
       299    0.0000000e+00
       300    0.0000000e+00
       301    0.0000000e+00
       302    0.0000000e+00
       303    0.0000000e+00
       304    0.0000000e+00
       305    0.0000000e+00
       306    0.0000000e+00
       307    0.0000000e+00
       308    0.0000000e+00
       309    0.0000000e+00
       310    0.0000000e+00
       311    0.0000000e+00
       312    0.0000000e+00
       313    0.0000000e+00
       314    0.0000000e+00
       315    0.0000000e+00
       316    0.0000000e+00
       317    0.0000000e+00
       318    0.0000000e+00
       319    0.0000000e+00
       320    0.0000000e+00
       321    0.0000000e+00
       322    0.0000000e+00
       323    0.0000000e+00
       324    0.0000000e+00
       325    0.0000000e+00
       326    0.0000000e+00
       327    0.0000000e+00
       328    0.0000000e+00
       329    0.0000000e+00
       330    0.0000000e+00
       331    0.0000000e+00
       332    0.0000000e+00
       333    0.0000000e+00
       334    0.0000000e+00
       335    0.0000000e+00
       336    0.0000000e+00
       337    0.0000000e+00
       338    0.0000000e+00
       339    0.0000000e+00
       340    0.0000000e+00
       341    0.0000000e+00
       342    0.0000000e+00
       343    0.0000000e+00
       344    0.0000000e+00
       345    0.0000000e+00
       346    0.0000000e+00
       347    0.0000000e+00
       348    0.0000000e+00
       349    0.0000000e+00
       350    0.0000000e+00
       351    0.0000000e+00
       352    0.0000000e+00
       353    0.0000000e+00
       354    0.0000000e+00
       355    0.0000000e+00
       356    0.0000000e+00
       357    0.0000000e+00
       358    0.0000000e+00
       359    0.0000000e+00
       360    0.0000000e+00
       361    0.0000000e+00
       362    0.0000000e+00
       363    0.0000000e+00
       364    0.0000000e+00
       365    0.0000000e+00
       366    0.0000000e+00
       367    0.0000000e+00
       368    0.0000000e+00
       369    0.0000000e+00
       370    0.0000000e+00
       371    0.0000000e+00
       372    0.0000000e+00
       373    0.0000000e+00
       374    0.0000000e+00
       375    0.0000000e+00
       376    0.0000000e+00
       377    0.0000000e+00
       378    0.0000000e+00
       379    0.0000000e+00
       380    0.0000000e+00
       381    0.0000000e+00
       382    0.0000000e+00
       383    0.0000000e+00
       384    0.0000000e+00
       385    0.0000000e+00
       386    0.0000000e+00
       387    0.0000000e+00
       388    0.0000000e+00
       389    0.0000000e+00
       390    0.0000000e+00
       391    0.0000000e+00
       392    0.0000000e+00
       393    0.0000000e+00
       394    0.0000000e+00
       395    0.0000000e+00
       396    0.0000000e+00
       397    0.0000000e+00
       398    0.0000000e+00
       399    0.0000000e+00
       400    0.0000000e+00
       401    0.0000000e+00
       402    0.0000000e+00
       403    0.0000000e+00
       404    0.0000000e+00
       405    0.0000000e+00
       406    0.0000000e+00
       407    0.0000000e+00
       408    0.0000000e+00
       409    0.0000000e+00
       410    0.0000000e+00
       411    0.0000000e+00
       412    0.0000000e+00
       413    0.0000000e+00
       414    0.0000000e+00
       415    0.0000000e+00
       416    0.0000000e+00
       417    0.0000000e+00
       418    0.0000000e+00
       419    0.0000000e+00
       420    0.0000000e+00
       421    0.0000000e+00
       422    0.0000000e+00
       423    0.0000000e+00
       424    0.0000000e+00
       425    0.0000000e+00
       426    0.0000000e+00
       427    0.0000000e+00
       428    0.0000000e+00
       429    0.0000000e+00
       430    0.0000000e+00
       431    0.0000000e+00
       432    0.0000000e+00
       433    0.0000000e+00
       434    0.0000000e+00
       435    0.0000000e+00
       436    0.0000000e+00
       437    0.0000000e+00
       438    0.0000000e+00
       439    0.0000000e+00
       440    0.0000000e+00
       441    0.0000000e+00
       442    0.0000000e+00
       443    0.0000000e+00
       444    0.0000000e+00
       445    0.0000000e+00
       446    0.0000000e+00
       447    0.0000000e+00
       448    0.0000000e+00
       449    0.0000000e+00
       450    0.0000000e+00
       451    0.0000000e+00
       452    0.0000000e+00
       453    0.0000000e+00
       454    0.0000000e+00
       455    0.0000000e+00
       456    0.0000000e+00
       457    0.0000000e+00
       458    0.0000000e+00
       459    0.0000000e+00
       460    0.0000000e+00
       461    0.0000000e+00
       462    0.0000000e+00
       463    0.0000000e+00
       464    0.0000000e+00
       465    0.0000000e+00
       466    0.0000000e+00
       467    0.0000000e+00
       468    0.0000000e+00
       469    0.0000000e+00
       470    0.0000000e+00
       471    0.0000000e+00
       472    0.0000000e+00
       473    0.0000000e+00
       474    0.0000000e+00
       475    0.0000000e+00
       476    0.0000000e+00
       477    0.0000000e+00
       478    0.0000000e+00
       479    0.0000000e+00
       480    0.0000000e+00
       481    0.0000000e+00
       482    0.0000000e+00
       483    0.0000000e+00
       484    0.0000000e+00
       485    0.0000000e+00
       486    0.0000000e+00
       487    0.0000000e+00
       488    0.0000000e+00
       489    0.0000000e+00
       490    0.0000000e+00
       491    0.0000000e+00
       492    0.0000000e+00
       493    0.0000000e+00
       494    0.0000000e+00
       495    0.0000000e+00
       496    0.0000000e+00
       497    0.0000000e+00
       498    0.0000000e+00
       499    0.0000000e+00
       500    0.0000000e+00
       501    0.0000000e+00
       502    0.0000000e+00
       503    0.0000000e+00
       504    0.0000000e+00
       505    0.0000000e+00
       506    0.0000000e+00
       507    0.0000000e+00
       508    0.0000000e+00
       509    0.0000000e+00
       510    0.0000000e+00
       511    0.0000000e+00
       512    0.0000000e+00
