         1    9.9999976e-01
         2    9.9999976e-01
         3    9.9999976e-01
         4    9.9999976e-01
         5    9.9999976e-01
         6    9.9999976e-01
         7    9.9999976e-01
         8    9.9999976e-01
         9    9.9999976e-01
        10    9.9999976e-01
        11    9.9999976e-01
        12    9.9999976e-01
        13    9.9999976e-01
        14    9.9999976e-01
        15    9.9999976e-01
        16    9.9999976e-01
        17    9.9999970e-01
        18    9.9999964e-01
        19    9.9999940e-01
        20    9.9999905e-01
        21    9.9999833e-01
        22    9.9999714e-01
        23    9.9999511e-01
        24    9.9999154e-01
        25    9.9998546e-01
        26    9.9997503e-01
        27    9.9995708e-01
        28    9.9992609e-01
        29    9.9987274e-01
        30    9.9978071e-01
        31    9.9962199e-01
        32    9.9934816e-01
        33    9.9887574e-01
        34    9.9806070e-01
        35    9.9665546e-01
        36    9.9423552e-01
        37    9.9007750e-01
        38    9.8296285e-01
        39    9.7087806e-01
        40    9.5060903e-01
        41    9.1733545e-01
        42    8.6462545e-01
        43    7.8575772e-01
        44    6.7753136e-01
        45    5.4584348e-01
        46    4.0756583e-01
        47    2.8310984e-01
        48    1.8540041e-01
        49    1.1634424e-01
        50    7.0968896e-02
        51    4.2526130e-02
        52    2.5209466e-02
        53    1.4849750e-02
        54    8.7156445e-03
        55    5.1051714e-03
        56    2.9872388e-03
        57    1.7471294e-03
        58    1.0216938e-03
        59    5.9750595e-04
        60    3.4949378e-04
        61    2.0447571e-04
        62    1.1966467e-04
        63    7.0052200e-05
        64    4.1021751e-05
        65    2.4029527e-05
        66    1.4080395e-05
        67    8.2531815e-06
        68    4.8390684e-06
        69    2.8381257e-06
        70    1.6650423e-06
        71    9.7709244e-07
        72    5.7352764e-07
        73    3.3672205e-07
        74    1.9773155e-07
        75    1.1613280e-07
        76    6.8217233e-08
        77    4.0075406e-08
        78    2.3544498e-08
        79    1.3832804e-08
        80    8.1268228e-09
        81    4.7741988e-09
        82    2.8043194e-09
        83    1.6469446e-09
        84    9.6701080e-10
        85    5.6762267e-10
        86    3.3307238e-10
        87    1.9536250e-10
        88    1.1453538e-10
        89    6.7112704e-11
        90    3.9301184e-11
        91    2.2999040e-11
        92    1.3448759e-11
        93    7.8575254e-12
        94    4.5864887e-12
        95    2.6743766e-12
        96    1.5576347e-12
        97    9.0606385e-13
        98    5.2631722e-13
        99    3.0526216e-13
       100    1.7675508e-13
       101    1.0215909e-13
       102    5.8927323e-14
       103    3.3916856e-14
       104    1.9475771e-14
       105    1.1155051e-14
       106    6.3717867e-15
       107    3.6289106e-15
       108    2.0602861e-15
       109    1.1658015e-15
       110    6.5731964e-16
       111    3.6922614e-16
       112    2.0657672e-16
       113    1.1509427e-16
       114    6.3844136e-17
       115    3.5253041e-17
       116    1.9372954e-17
       117    1.0593427e-17
       118    5.7628697e-18
       119    3.1183568e-18
       120    1.6781213e-18
       121    8.9796670e-19
       122    4.7771423e-19
       123    2.5262830e-19
       124    1.3278203e-19
       125    6.9355475e-20
       126    3.5995624e-20
       127    1.8560615e-20
       128    9.5073070e-21
       129    4.8372274e-21
       130    2.4443486e-21
       131    1.2266297e-21
       132    6.1123164e-22
       133    3.0241302e-22
       134    1.4854560e-22
       135    7.2434900e-23
       136    3.5061507e-23
       137    1.6845173e-23
       138    8.0325146e-24
       139    3.8012734e-24
       140    1.7851719e-24
       141    8.3191171e-25
       142    3.8467582e-25
       143    1.7648512e-25
       144    8.0332837e-26
       145    3.6276638e-26
       146    1.6251287e-26
       147    7.2219446e-27
       148    3.1835052e-27
       149    1.3919455e-27
       150    6.0364966e-28
       151    2.5964205e-28
       152    1.1075782e-28
       153    4.6856028e-29
       154    1.9657625e-29
       155    8.1781373e-30
       156    3.3737986e-30
       157    1.3800962e-30
       158    5.5976947e-31
       159    2.2511446e-31
       160    8.9758727e-32
       161    3.5482503e-32
       162    1.3905972e-32
       163    5.4028578e-33
       164    2.0809729e-33
       165    7.9454023e-34
       166    3.0071694e-34
       167    1.1281802e-34
       168    4.1953081e-35
       169    1.5463234e-35
       170    5.6490335e-36
       171    2.0453693e-36
       172    7.3397211e-37
       173    2.6102617e-37
       174    9.1996589e-38
       175    3.2131356e-38
       176    1.1120967e-38
       177    3.8141579e-39
       178    1.2962347e-39
       179    4.3650027e-40
       180    1.4564255e-40
       181    4.8147214e-41
       182    1.5770213e-41
       183    5.1175420e-42
       184    1.6451244e-42
       185    5.2408563e-43
       186    1.6535322e-43
       187    5.1848043e-44
       188    1.6815582e-44
       189    5.6051939e-45
       190    1.4012985e-45
       191    0.0000000e+00
       192    0.0000000e+00
       193    0.0000000e+00
       194    0.0000000e+00
       195    0.0000000e+00
       196    0.0000000e+00
       197    0.0000000e+00
       198    0.0000000e+00
       199    0.0000000e+00
       200    0.0000000e+00
       201    0.0000000e+00
       202    0.0000000e+00
       203    0.0000000e+00
       204    0.0000000e+00
       205    0.0000000e+00
       206    0.0000000e+00
       207    0.0000000e+00
       208    0.0000000e+00
       209    0.0000000e+00
       210    0.0000000e+00
       211    0.0000000e+00
       212    0.0000000e+00
       213    0.0000000e+00
       214    0.0000000e+00
       215    0.0000000e+00
       216    0.0000000e+00
       217    0.0000000e+00
       218    0.0000000e+00
       219    0.0000000e+00
       220    0.0000000e+00
       221    0.0000000e+00
       222    0.0000000e+00
       223    0.0000000e+00
       224    0.0000000e+00
       225    0.0000000e+00
       226    0.0000000e+00
       227    0.0000000e+00
       228    0.0000000e+00
       229    0.0000000e+00
       230    0.0000000e+00
       231    0.0000000e+00
       232    0.0000000e+00
       233    0.0000000e+00
       234    0.0000000e+00
       235    0.0000000e+00
       236    0.0000000e+00
       237    0.0000000e+00
       238    0.0000000e+00
       239    0.0000000e+00
       240    0.0000000e+00
       241    0.0000000e+00
       242    0.0000000e+00
       243    0.0000000e+00
       244    0.0000000e+00
       245    0.0000000e+00
       246    0.0000000e+00
       247    0.0000000e+00
       248    0.0000000e+00
       249    0.0000000e+00
       250    0.0000000e+00
       251    0.0000000e+00
       252    0.0000000e+00
       253    0.0000000e+00
       254    0.0000000e+00
       255    0.0000000e+00
       256    0.0000000e+00
       257    0.0000000e+00
       258    0.0000000e+00
       259    0.0000000e+00
       260    0.0000000e+00
       261    0.0000000e+00
       262    0.0000000e+00
       263    0.0000000e+00
       264    0.0000000e+00
       265    0.0000000e+00
       266    0.0000000e+00
       267    0.0000000e+00
       268    0.0000000e+00
       269    0.0000000e+00
       270    0.0000000e+00
       271    0.0000000e+00
       272    0.0000000e+00
       273    0.0000000e+00
       274    0.0000000e+00
       275    0.0000000e+00
       276    0.0000000e+00
       277    0.0000000e+00
       278    0.0000000e+00
       279    0.0000000e+00
       280    0.0000000e+00
       281    0.0000000e+00
       282    0.0000000e+00
       283    0.0000000e+00
       284    0.0000000e+00
       285    0.0000000e+00
       286    0.0000000e+00
       287    0.0000000e+00
       288    0.0000000e+00
       289    0.0000000e+00
       290    0.0000000e+00
       291    0.0000000e+00
       292    0.0000000e+00
       293    0.0000000e+00
       294    0.0000000e+00
       295    0.0000000e+00
       296    0.0000000e+00
       297    0.0000000e+00
       298    0.0000000e+00
       299    0.0000000e+00
       300    0.0000000e+00
       301    0.0000000e+00
       302    0.0000000e+00
       303    0.0000000e+00
       304    0.0000000e+00
       305    0.0000000e+00
       306    0.0000000e+00
       307    0.0000000e+00
       308    0.0000000e+00
       309    0.0000000e+00
       310    0.0000000e+00
       311    0.0000000e+00
       312    0.0000000e+00
       313    0.0000000e+00
       314    0.0000000e+00
       315    0.0000000e+00
       316    0.0000000e+00
       317    0.0000000e+00
       318    0.0000000e+00
       319    0.0000000e+00
       320    0.0000000e+00
       321    0.0000000e+00
       322    0.0000000e+00
       323    0.0000000e+00
       324    0.0000000e+00
       325    0.0000000e+00
       326    0.0000000e+00
       327    0.0000000e+00
       328    0.0000000e+00
       329    0.0000000e+00
       330    0.0000000e+00
       331    0.0000000e+00
       332    0.0000000e+00
       333    0.0000000e+00
       334    0.0000000e+00
       335    0.0000000e+00
       336    0.0000000e+00
       337    0.0000000e+00
       338    0.0000000e+00
       339    0.0000000e+00
       340    0.0000000e+00
       341    0.0000000e+00
       342    0.0000000e+00
       343    0.0000000e+00
       344    0.0000000e+00
       345    0.0000000e+00
       346    0.0000000e+00
       347    0.0000000e+00
       348    0.0000000e+00
       349    0.0000000e+00
       350    0.0000000e+00
       351    0.0000000e+00
       352    0.0000000e+00
       353    0.0000000e+00
       354    0.0000000e+00
       355    0.0000000e+00
       356    0.0000000e+00
       357    0.0000000e+00
       358    0.0000000e+00
       359    0.0000000e+00
       360    0.0000000e+00
       361    0.0000000e+00
       362    0.0000000e+00
       363    0.0000000e+00
       364    0.0000000e+00
       365    0.0000000e+00
       366    0.0000000e+00
       367    0.0000000e+00
       368    0.0000000e+00
       369    0.0000000e+00
       370    0.0000000e+00
       371    0.0000000e+00
       372    0.0000000e+00
       373    0.0000000e+00
       374    0.0000000e+00
       375    0.0000000e+00
       376    0.0000000e+00
       377    0.0000000e+00
       378    0.0000000e+00
       379    0.0000000e+00
       380    0.0000000e+00
       381    0.0000000e+00
       382    0.0000000e+00
       383    0.0000000e+00
       384    0.0000000e+00
       385    0.0000000e+00
       386    0.0000000e+00
       387    0.0000000e+00
       388    0.0000000e+00
       389    0.0000000e+00
       390    0.0000000e+00
       391    0.0000000e+00
       392    0.0000000e+00
       393    0.0000000e+00
       394    0.0000000e+00
       395    0.0000000e+00
       396    0.0000000e+00
       397    0.0000000e+00
       398    0.0000000e+00
       399    0.0000000e+00
       400    0.0000000e+00
       401    0.0000000e+00
       402    0.0000000e+00
       403    0.0000000e+00
       404    0.0000000e+00
       405    0.0000000e+00
       406    0.0000000e+00
       407    0.0000000e+00
       408    0.0000000e+00
       409    0.0000000e+00
       410    0.0000000e+00
       411    0.0000000e+00
       412    0.0000000e+00
       413    0.0000000e+00
       414    0.0000000e+00
       415    0.0000000e+00
       416    0.0000000e+00
       417    0.0000000e+00
       418    0.0000000e+00
       419    0.0000000e+00
       420    0.0000000e+00
       421    0.0000000e+00
       422    0.0000000e+00
       423    0.0000000e+00
       424    0.0000000e+00
       425    0.0000000e+00
       426    0.0000000e+00
       427    0.0000000e+00
       428    0.0000000e+00
       429    0.0000000e+00
       430    0.0000000e+00
       431    0.0000000e+00
       432    0.0000000e+00
       433    0.0000000e+00
       434    0.0000000e+00
       435    0.0000000e+00
       436    0.0000000e+00
       437    0.0000000e+00
       438    0.0000000e+00
       439    0.0000000e+00
       440    0.0000000e+00
       441    0.0000000e+00
       442    0.0000000e+00
       443    0.0000000e+00
       444    0.0000000e+00
       445    0.0000000e+00
       446    0.0000000e+00
       447    0.0000000e+00
       448    0.0000000e+00
       449    0.0000000e+00
       450    0.0000000e+00
       451    0.0000000e+00
       452    0.0000000e+00
       453    0.0000000e+00
       454    0.0000000e+00
       455    0.0000000e+00
       456    0.0000000e+00
       457    0.0000000e+00
       458    0.0000000e+00
       459    0.0000000e+00
       460    0.0000000e+00
       461    0.0000000e+00
       462    0.0000000e+00
       463    0.0000000e+00
       464    0.0000000e+00
       465    0.0000000e+00
       466    0.0000000e+00
       467    0.0000000e+00
       468    0.0000000e+00
       469    0.0000000e+00
       470    0.0000000e+00
       471    0.0000000e+00
       472    0.0000000e+00
       473    0.0000000e+00
       474    0.0000000e+00
       475    0.0000000e+00
       476    0.0000000e+00
       477    0.0000000e+00
       478    0.0000000e+00
       479    0.0000000e+00
       480    0.0000000e+00
       481    0.0000000e+00
       482    0.0000000e+00
       483    0.0000000e+00
       484    0.0000000e+00
       485    0.0000000e+00
       486    0.0000000e+00
       487    0.0000000e+00
       488    0.0000000e+00
       489    0.0000000e+00
       490    0.0000000e+00
       491    0.0000000e+00
       492    0.0000000e+00
       493    0.0000000e+00
       494    0.0000000e+00
       495    0.0000000e+00
       496    0.0000000e+00
       497    0.0000000e+00
       498    0.0000000e+00
       499    0.0000000e+00
       500    0.0000000e+00
       501    0.0000000e+00
       502    0.0000000e+00
       503    0.0000000e+00
       504    0.0000000e+00
       505    0.0000000e+00
       506    0.0000000e+00
       507    0.0000000e+00
       508    0.0000000e+00
       509    0.0000000e+00
       510    0.0000000e+00
       511    0.0000000e+00
       512    0.0000000e+00
