         1    9.9999976e-01
         2    9.9999976e-01
         3    9.9999976e-01
         4    9.9999976e-01
         5    9.9999976e-01
         6    9.9999976e-01
         7    9.9999976e-01
         8    9.9999976e-01
         9    9.9999976e-01
        10    9.9999976e-01
        11    9.9999976e-01
        12    9.9999976e-01
        13    9.9999976e-01
        14    9.9999976e-01
        15    9.9999976e-01
        16    9.9999976e-01
        17    9.9999976e-01
        18    9.9999976e-01
        19    9.9999976e-01
        20    9.9999976e-01
        21    9.9999976e-01
        22    9.9999976e-01
        23    9.9999976e-01
        24    9.9999976e-01
        25    9.9999976e-01
        26    9.9999964e-01
        27    9.9999952e-01
        28    9.9999917e-01
        29    9.9999863e-01
        30    9.9999762e-01
        31    9.9999589e-01
        32    9.9999297e-01
        33    9.9998796e-01
        34    9.9997920e-01
        35    9.9996412e-01
        36    9.9993807e-01
        37    9.9989313e-01
        38    9.9981546e-01
        39    9.9968141e-01
        40    9.9944973e-01
        41    9.9904954e-01
        42    9.9835831e-01
        43    9.9716502e-01
        44    9.9510735e-01
        45    9.9156600e-01
        46    9.8549312e-01
        47    9.7514439e-01
        48    9.5769972e-01
        49    9.2883271e-01
        50    8.8251704e-01
        51    8.1183368e-01
        52    7.1198726e-01
        53    5.8571744e-01
        54    4.4706616e-01
        55    3.1668437e-01
        56    2.1052122e-01
        57    1.3346767e-01
        58    8.1935599e-02
        59    4.9277727e-02
        60    2.9266393e-02
        61    1.7251965e-02
        62    1.0125535e-02
        63    5.9282277e-03
        64    3.4661302e-03
        65    2.0251840e-03
        66    1.1829109e-03
        67    6.9088629e-04
        68    4.0353980e-04
        69    2.3573599e-04
        70    1.3773548e-04
        71    8.0493097e-05
        72    4.7051362e-05
        73    2.7510063e-05
        74    1.6088672e-05
        75    9.4115376e-06
        76    5.5069945e-06
        77    3.2231740e-06
        78    1.8869879e-06
        79    1.1050236e-06
        80    6.4727914e-07
        81    3.7925341e-07
        82    2.2227218e-07
        83    1.3030402e-07
        84    7.6409343e-08
        85    4.4817682e-08
        86    2.6294458e-08
        87    1.5430782e-08
        88    9.0576719e-09
        89    5.3179647e-09
        90    3.1229777e-09
        91    1.8343413e-09
        92    1.0776346e-09
        93    6.3319033e-10
        94    3.7209882e-10
        95    2.1869183e-10
        96    1.2854190e-10
        97    7.5558157e-11
        98    4.4414809e-11
        99    2.6107677e-11
       100    1.5345661e-11
       101    9.0190693e-12
       102    5.3000165e-12
       103    3.1139499e-12
       104    1.8291241e-12
       105    1.0741104e-12
       106    6.3052867e-13
       107    3.6998616e-13
       108    2.1700221e-13
       109    1.2720752e-13
       110    7.4524974e-14
       111    4.3631518e-14
       112    2.5525577e-14
       113    1.4920843e-14
       114    8.7140014e-15
       115    5.0840586e-15
       116    2.9630053e-15
       117    1.7248120e-15
       118    1.0027556e-15
       119    5.8216633e-16
       120    3.3748204e-16
       121    1.9532459e-16
       122    1.1285357e-16
       123    6.5083940e-17
       124    3.7460975e-17
       125    2.1516736e-17
       126    1.2331340e-17
       127    7.0505707e-18
       128    4.0212538e-18
       129    2.2875179e-18
       130    1.2977050e-18
       131    7.3407182e-19
       132    4.1399506e-19
       133    2.3274978e-19
       134    1.3042626e-19
       135    7.2839592e-20
       136    4.0536164e-20
       137    2.2476967e-20
       138    1.2416555e-20
       139    6.8325482e-21
       140    3.7448437e-21
       141    2.0441220e-21
       142    1.1111084e-21
       143    6.0136540e-22
       144    3.2404866e-22
       145    1.7383249e-22
       146    9.2824209e-23
       147    4.9335926e-23
       148    2.6097616e-23
       149    1.3738495e-23
       150    7.1968916e-24
       151    3.7513401e-24
       152    1.9455079e-24
       153    1.0038194e-24
       154    5.1525978e-25
       155    2.6309847e-25
       156    1.3363073e-25
       157    6.7509656e-26
       158    3.3921389e-26
       159    1.6951462e-26
       160    8.4245199e-27
       161    4.1635824e-27
       162    2.0462258e-27
       163    9.9996680e-28
       164    4.8589797e-28
       165    2.3475500e-28
       166    1.1276599e-28
       167    5.3854135e-29
       168    2.5569498e-29
       169    1.2069040e-29
       170    5.6631278e-30
       171    2.6415530e-30
       172    1.2248090e-30
       173    5.6450859e-31
       174    2.5861487e-31
       175    1.1776199e-31
       176    5.3298348e-32
       177    2.3975521e-32
       178    1.0719068e-32
       179    4.7628838e-33
       180    2.1032770e-33
       181    9.2305226e-34
       182    4.0257757e-34
       183    1.7448440e-34
       184    7.5151558e-35
       185    3.2165064e-35
       186    1.3680022e-35
       187    5.7814434e-36
       188    2.4278625e-36
       189    1.0130752e-36
       190    4.2003027e-37
       191    1.7303443e-37
       192    7.0825442e-38
       193    2.8803337e-38
       194    1.1638180e-38
       195    4.6720594e-39
       196    1.8633934e-39
       197    7.3835677e-40
       198    2.9066013e-40
       199    1.1367193e-40
       200    4.4163322e-41
       201    1.7045395e-41
       202    6.5356560e-42
       203    2.4887061e-42
       204    9.4167257e-43
       205    3.5312721e-43
       206    1.3172206e-43
       207    4.9045446e-44
       208    1.8216880e-44
       209    7.0064923e-45
       210    1.4012985e-45
       211    0.0000000e+00
       212    0.0000000e+00
       213    0.0000000e+00
       214    0.0000000e+00
       215    0.0000000e+00
       216    0.0000000e+00
       217    0.0000000e+00
       218    0.0000000e+00
       219    0.0000000e+00
       220    0.0000000e+00
       221    0.0000000e+00
       222    0.0000000e+00
       223    0.0000000e+00
       224    0.0000000e+00
       225    0.0000000e+00
       226    0.0000000e+00
       227    0.0000000e+00
       228    0.0000000e+00
       229    0.0000000e+00
       230    0.0000000e+00
       231    0.0000000e+00
       232    0.0000000e+00
       233    0.0000000e+00
       234    0.0000000e+00
       235    0.0000000e+00
       236    0.0000000e+00
       237    0.0000000e+00
       238    0.0000000e+00
       239    0.0000000e+00
       240    0.0000000e+00
       241    0.0000000e+00
       242    0.0000000e+00
       243    0.0000000e+00
       244    0.0000000e+00
       245    0.0000000e+00
       246    0.0000000e+00
       247    0.0000000e+00
       248    0.0000000e+00
       249    0.0000000e+00
       250    0.0000000e+00
       251    0.0000000e+00
       252    0.0000000e+00
       253    0.0000000e+00
       254    0.0000000e+00
       255    0.0000000e+00
       256    0.0000000e+00
       257    0.0000000e+00
       258    0.0000000e+00
       259    0.0000000e+00
       260    0.0000000e+00
       261    0.0000000e+00
       262    0.0000000e+00
       263    0.0000000e+00
       264    0.0000000e+00
       265    0.0000000e+00
       266    0.0000000e+00
       267    0.0000000e+00
       268    0.0000000e+00
       269    0.0000000e+00
       270    0.0000000e+00
       271    0.0000000e+00
       272    0.0000000e+00
       273    0.0000000e+00
       274    0.0000000e+00
       275    0.0000000e+00
       276    0.0000000e+00
       277    0.0000000e+00
       278    0.0000000e+00
       279    0.0000000e+00
       280    0.0000000e+00
       281    0.0000000e+00
       282    0.0000000e+00
       283    0.0000000e+00
       284    0.0000000e+00
       285    0.0000000e+00
       286    0.0000000e+00
       287    0.0000000e+00
       288    0.0000000e+00
       289    0.0000000e+00
       290    0.0000000e+00
       291    0.0000000e+00
       292    0.0000000e+00
       293    0.0000000e+00
       294    0.0000000e+00
       295    0.0000000e+00
       296    0.0000000e+00
       297    0.0000000e+00
       298    0.0000000e+00
       299    0.0000000e+00
       300    0.0000000e+00
       301    0.0000000e+00
       302    0.0000000e+00
       303    0.0000000e+00
       304    0.0000000e+00
       305    0.0000000e+00
       306    0.0000000e+00
       307    0.0000000e+00
       308    0.0000000e+00
       309    0.0000000e+00
       310    0.0000000e+00
       311    0.0000000e+00
       312    0.0000000e+00
       313    0.0000000e+00
       314    0.0000000e+00
       315    0.0000000e+00
       316    0.0000000e+00
       317    0.0000000e+00
       318    0.0000000e+00
       319    0.0000000e+00
       320    0.0000000e+00
       321    0.0000000e+00
       322    0.0000000e+00
       323    0.0000000e+00
       324    0.0000000e+00
       325    0.0000000e+00
       326    0.0000000e+00
       327    0.0000000e+00
       328    0.0000000e+00
       329    0.0000000e+00
       330    0.0000000e+00
       331    0.0000000e+00
       332    0.0000000e+00
       333    0.0000000e+00
       334    0.0000000e+00
       335    0.0000000e+00
       336    0.0000000e+00
       337    0.0000000e+00
       338    0.0000000e+00
       339    0.0000000e+00
       340    0.0000000e+00
       341    0.0000000e+00
       342    0.0000000e+00
       343    0.0000000e+00
       344    0.0000000e+00
       345    0.0000000e+00
       346    0.0000000e+00
       347    0.0000000e+00
       348    0.0000000e+00
       349    0.0000000e+00
       350    0.0000000e+00
       351    0.0000000e+00
       352    0.0000000e+00
       353    0.0000000e+00
       354    0.0000000e+00
       355    0.0000000e+00
       356    0.0000000e+00
       357    0.0000000e+00
       358    0.0000000e+00
       359    0.0000000e+00
       360    0.0000000e+00
       361    0.0000000e+00
       362    0.0000000e+00
       363    0.0000000e+00
       364    0.0000000e+00
       365    0.0000000e+00
       366    0.0000000e+00
       367    0.0000000e+00
       368    0.0000000e+00
       369    0.0000000e+00
       370    0.0000000e+00
       371    0.0000000e+00
       372    0.0000000e+00
       373    0.0000000e+00
       374    0.0000000e+00
       375    0.0000000e+00
       376    0.0000000e+00
       377    0.0000000e+00
       378    0.0000000e+00
       379    0.0000000e+00
       380    0.0000000e+00
       381    0.0000000e+00
       382    0.0000000e+00
       383    0.0000000e+00
       384    0.0000000e+00
       385    0.0000000e+00
       386    0.0000000e+00
       387    0.0000000e+00
       388    0.0000000e+00
       389    0.0000000e+00
       390    0.0000000e+00
       391    0.0000000e+00
       392    0.0000000e+00
       393    0.0000000e+00
       394    0.0000000e+00
       395    0.0000000e+00
       396    0.0000000e+00
       397    0.0000000e+00
       398    0.0000000e+00
       399    0.0000000e+00
       400    0.0000000e+00
       401    0.0000000e+00
       402    0.0000000e+00
       403    0.0000000e+00
       404    0.0000000e+00
       405    0.0000000e+00
       406    0.0000000e+00
       407    0.0000000e+00
       408    0.0000000e+00
       409    0.0000000e+00
       410    0.0000000e+00
       411    0.0000000e+00
       412    0.0000000e+00
       413    0.0000000e+00
       414    0.0000000e+00
       415    0.0000000e+00
       416    0.0000000e+00
       417    0.0000000e+00
       418    0.0000000e+00
       419    0.0000000e+00
       420    0.0000000e+00
       421    0.0000000e+00
       422    0.0000000e+00
       423    0.0000000e+00
       424    0.0000000e+00
       425    0.0000000e+00
       426    0.0000000e+00
       427    0.0000000e+00
       428    0.0000000e+00
       429    0.0000000e+00
       430    0.0000000e+00
       431    0.0000000e+00
       432    0.0000000e+00
       433    0.0000000e+00
       434    0.0000000e+00
       435    0.0000000e+00
       436    0.0000000e+00
       437    0.0000000e+00
       438    0.0000000e+00
       439    0.0000000e+00
       440    0.0000000e+00
       441    0.0000000e+00
       442    0.0000000e+00
       443    0.0000000e+00
       444    0.0000000e+00
       445    0.0000000e+00
       446    0.0000000e+00
       447    0.0000000e+00
       448    0.0000000e+00
       449    0.0000000e+00
       450    0.0000000e+00
       451    0.0000000e+00
       452    0.0000000e+00
       453    0.0000000e+00
       454    0.0000000e+00
       455    0.0000000e+00
       456    0.0000000e+00
       457    0.0000000e+00
       458    0.0000000e+00
       459    0.0000000e+00
       460    0.0000000e+00
       461    0.0000000e+00
       462    0.0000000e+00
       463    0.0000000e+00
       464    0.0000000e+00
       465    0.0000000e+00
       466    0.0000000e+00
       467    0.0000000e+00
       468    0.0000000e+00
       469    0.0000000e+00
       470    0.0000000e+00
       471    0.0000000e+00
       472    0.0000000e+00
       473    0.0000000e+00
       474    0.0000000e+00
       475    0.0000000e+00
       476    0.0000000e+00
       477    0.0000000e+00
       478    0.0000000e+00
       479    0.0000000e+00
       480    0.0000000e+00
       481    0.0000000e+00
       482    0.0000000e+00
       483    0.0000000e+00
       484    0.0000000e+00
       485    0.0000000e+00
       486    0.0000000e+00
       487    0.0000000e+00
       488    0.0000000e+00
       489    0.0000000e+00
       490    0.0000000e+00
       491    0.0000000e+00
       492    0.0000000e+00
       493    0.0000000e+00
       494    0.0000000e+00
       495    0.0000000e+00
       496    0.0000000e+00
       497    0.0000000e+00
       498    0.0000000e+00
       499    0.0000000e+00
       500    0.0000000e+00
       501    0.0000000e+00
       502    0.0000000e+00
       503    0.0000000e+00
       504    0.0000000e+00
       505    0.0000000e+00
       506    0.0000000e+00
       507    0.0000000e+00
       508    0.0000000e+00
       509    0.0000000e+00
       510    0.0000000e+00
       511    0.0000000e+00
       512    0.0000000e+00
