         1    9.9999976e-01
         2    9.9999976e-01
         3    9.9999976e-01
         4    9.9999976e-01
         5    9.9999976e-01
         6    9.9999976e-01
         7    9.9999976e-01
         8    9.9999976e-01
         9    9.9999976e-01
        10    9.9999976e-01
        11    9.9999976e-01
        12    9.9999976e-01
        13    9.9999976e-01
        14    9.9999976e-01
        15    9.9999976e-01
        16    9.9999976e-01
        17    9.9999976e-01
        18    9.9999976e-01
        19    9.9999976e-01
        20    9.9999976e-01
        21    9.9999976e-01
        22    9.9999976e-01
        23    9.9999976e-01
        24    9.9999976e-01
        25    9.9999976e-01
        26    9.9999976e-01
        27    9.9999976e-01
        28    9.9999976e-01
        29    9.9999976e-01
        30    9.9999976e-01
        31    9.9999976e-01
        32    9.9999976e-01
        33    9.9999976e-01
        34    9.9999976e-01
        35    9.9999976e-01
        36    9.9999976e-01
        37    9.9999976e-01
        38    9.9999976e-01
        39    9.9999976e-01
        40    9.9999976e-01
        41    9.9999976e-01
        42    9.9999976e-01
        43    9.9999976e-01
        44    9.9999976e-01
        45    9.9999976e-01
        46    9.9999976e-01
        47    9.9999976e-01
        48    9.9999976e-01
        49    9.9999976e-01
        50    9.9999976e-01
        51    9.9999976e-01
        52    9.9999976e-01
        53    9.9999976e-01
        54    9.9999976e-01
        55    9.9999976e-01
        56    9.9999976e-01
        57    9.9999976e-01
        58    9.9999976e-01
        59    9.9999976e-01
        60    9.9999976e-01
        61    9.9999976e-01
        62    9.9999976e-01
        63    9.9999976e-01
        64    9.9999976e-01
        65    9.9999976e-01
        66    9.9999976e-01
        67    9.9999976e-01
        68    9.9999976e-01
        69    9.9999976e-01
        70    9.9999976e-01
        71    9.9999976e-01
        72    9.9999976e-01
        73    9.9999976e-01
        74    9.9999976e-01
        75    9.9999976e-01
        76    9.9999976e-01
        77    9.9999976e-01
        78    9.9999976e-01
        79    9.9999976e-01
        80    9.9999976e-01
        81    9.9999976e-01
        82    9.9999976e-01
        83    9.9999976e-01
        84    9.9999976e-01
        85    9.9999976e-01
        86    9.9999976e-01
        87    9.9999976e-01
        88    9.9999976e-01
        89    9.9999976e-01
        90    9.9999976e-01
        91    9.9999976e-01
        92    9.9999976e-01
        93    9.9999976e-01
        94    9.9999976e-01
        95    9.9999976e-01
        96    9.9999976e-01
        97    9.9999976e-01
        98    9.9999976e-01
        99    9.9999976e-01
       100    9.9999976e-01
       101    9.9999976e-01
       102    9.9999976e-01
       103    9.9999976e-01
       104    9.9999976e-01
       105    9.9999976e-01
       106    9.9999976e-01
       107    9.9999976e-01
       108    9.9999976e-01
       109    9.9999976e-01
       110    9.9999976e-01
       111    9.9999976e-01
       112    9.9999976e-01
       113    9.9999976e-01
       114    9.9999976e-01
       115    9.9999976e-01
       116    9.9999976e-01
       117    9.9999976e-01
       118    9.9999976e-01
       119    9.9999976e-01
       120    9.9999976e-01
       121    9.9999976e-01
       122    9.9999976e-01
       123    9.9999976e-01
       124    9.9999976e-01
       125    9.9999976e-01
       126    9.9999976e-01
       127    9.9999976e-01
       128    9.9999976e-01
       129    9.9999976e-01
       130    9.9999976e-01
       131    9.9999976e-01
       132    9.9999976e-01
       133    9.9999976e-01
       134    9.9999976e-01
       135    9.9999976e-01
       136    9.9999976e-01
       137    9.9999976e-01
       138    9.9999976e-01
       139    9.9999976e-01
       140    9.9999976e-01
       141    9.9999976e-01
       142    9.9999976e-01
       143    9.9999976e-01
       144    9.9999976e-01
       145    9.9999976e-01
       146    9.9999976e-01
       147    9.9999976e-01
       148    9.9999976e-01
       149    9.9999976e-01
       150    9.9999976e-01
       151    9.9999976e-01
       152    9.9999976e-01
       153    9.9999976e-01
       154    9.9999976e-01
       155    9.9999976e-01
       156    9.9999976e-01
       157    9.9999976e-01
       158    9.9999976e-01
       159    9.9999976e-01
       160    9.9999976e-01
       161    9.9999976e-01
       162    9.9999976e-01
       163    9.9999976e-01
       164    9.9999976e-01
       165    9.9999976e-01
       166    9.9999976e-01
       167    9.9999976e-01
       168    9.9999976e-01
       169    9.9999976e-01
       170    9.9999976e-01
       171    9.9999976e-01
       172    9.9999976e-01
       173    9.9999976e-01
       174    9.9999976e-01
       175    9.9999976e-01
       176    9.9999976e-01
       177    9.9999976e-01
       178    9.9999976e-01
       179    9.9999970e-01
       180    9.9999952e-01
       181    9.9999923e-01
       182    9.9999869e-01
       183    9.9999779e-01
       184    9.9999613e-01
       185    9.9999332e-01
       186    9.9998838e-01
       187    9.9997991e-01
       188    9.9996519e-01
       189    9.9993974e-01
       190    9.9989551e-01
       191    9.9981898e-01
       192    9.9968624e-01
       193    9.9945641e-01
       194    9.9905825e-01
       195    9.9836898e-01
       196    9.9717641e-01
       197    9.9511582e-01
       198    9.9156308e-01
       199    9.8546070e-01
       200    9.7504669e-01
       201    9.5747083e-01
       202    9.2836016e-01
       203    8.8163078e-01
       204    8.1032521e-01
       205    7.0970178e-01
       206    5.8271819e-01
       207    4.4372645e-01
       208    3.1352198e-01
       209    2.0790680e-01
       210    1.3151008e-01
       211    8.0562763e-02
       212    4.8353247e-02
       213    2.8658662e-02
       214    1.6857993e-02
       215    9.8721776e-03
       216    5.7660686e-03
       217    3.3626498e-03
       218    1.9592869e-03
       219    1.1410180e-03
       220    6.6429452e-04
       221    3.8668577e-04
       222    2.2506996e-04
       223    1.3099588e-04
       224    7.6241151e-05
       225    4.4373061e-05
       226    2.5825644e-05
       227    1.5030969e-05
       228    8.7483886e-06
       229    5.0918452e-06
       230    2.9636624e-06
       231    1.7249996e-06
       232    1.0040517e-06
       233    5.8442680e-07
       234    3.4018183e-07
       235    1.9801544e-07
       236    1.1526410e-07
       237    6.7095925e-08
       238    3.9057571e-08
       239    2.2736383e-08
       240    1.3235629e-08
       241    7.7050402e-09
       242    4.4855146e-09
       243    2.6112996e-09
       244    1.5202264e-09
       245    8.8504815e-10
       246    5.1526738e-10
       247    2.9998912e-10
       248    1.7465679e-10
       249    1.0168867e-10
       250    5.9206154e-11
       251    3.4472140e-11
       252    2.0071361e-11
       253    1.1686719e-11
       254    6.8048032e-12
       255    3.9622854e-12
       256    2.3071889e-12
       257    1.3434695e-12
       258    7.8231150e-13
       259    4.5555297e-13
       260    2.6528050e-13
       261    1.5448244e-13
       262    8.9962224e-14
       263    5.2390028e-14
       264    3.0510157e-14
       265    1.7768371e-14
       266    1.0348042e-14
       267    6.0266534e-15
       268    3.5099559e-15
       269    2.0442528e-15
       270    1.1906250e-15
       271    6.9346238e-16
       272    4.0390422e-16
       273    2.3525641e-16
       274    1.3702889e-16
       275    7.9816080e-17
       276    4.6491796e-17
       277    2.7081324e-17
       278    1.5775067e-17
       279    9.1892536e-18
       280    5.3529976e-18
       281    3.1183270e-18
       282    1.8165782e-18
       283    1.0582649e-18
       284    6.1651348e-19
       285    3.5916885e-19
       286    2.0924870e-19
       287    1.2190875e-19
       288    7.1025618e-20
       289    4.1381213e-20
       290    2.4110131e-20
       291    1.4047663e-20
       292    8.1849643e-21
       293    4.7691143e-21
       294    2.7788620e-21
       295    1.6192149e-21
       296    9.4351854e-22
       297    5.4980000e-22
       298    3.2038156e-22
       299    1.8669763e-22
       300    1.0879742e-22
       301    6.3402600e-23
       302    3.6949128e-23
       303    2.1533269e-23
       304    1.2549446e-23
       305    7.3138821e-24
       306    4.2626553e-24
       307    2.4843991e-24
       308    1.4480098e-24
       309    8.4397714e-25
       310    4.9192503e-25
       311    2.8673213e-25
       312    1.6713331e-25
       313    9.7422424e-26
       314    5.6788993e-26
       315    3.3103876e-26
       316    1.9297587e-26
       317    1.1249589e-26
       318    6.5581297e-27
       319    3.8232521e-27
       320    2.2289263e-27
       321    1.2994760e-27
       322    7.5761876e-28
       323    4.4171603e-28
       324    2.5754058e-28
       325    1.5016139e-28
       326    8.7555038e-29
       327    5.1052178e-29
       328    2.9768560e-29
       329    1.7358486e-29
       330    1.0122236e-29
       331    5.9027127e-30
       332    3.4422123e-30
       333    2.0074024e-30
       334    1.1706907e-30
       335    6.8274880e-31
       336    3.9819044e-31
       337    2.3223729e-31
       338    1.3545170e-31
       339    7.9003870e-32
       340    4.6081206e-32
       341    2.6878869e-32
       342    1.5678694e-32
       343    9.1457788e-33
       344    5.3351119e-33
       345    3.1122785e-33
       346    1.8156230e-33
       347    1.0592178e-33
       348    6.1795577e-34
       349    3.6053061e-34
       350    2.1034863e-34
       351    1.2272983e-34
       352    7.1609997e-35
       353    4.1784032e-35
       354    2.4381498e-35
       355    1.4227349e-35
       356    8.3023522e-36
       357    4.8449821e-36
       358    2.8274648e-36
       359    1.6501232e-36
       360    9.6305212e-37
       361    5.6207956e-37
       362    3.2806538e-37
       363    1.9148638e-37
       364    1.1177133e-37
       365    6.5243638e-38
       366    3.8085644e-38
       367    2.2233105e-38
       368    1.2979404e-38
       369    7.5774906e-39
       370    4.4239707e-39
       371    2.5829476e-39
       372    1.5081194e-39
       373    8.8058717e-40
       374    5.1419386e-40
       375    3.0026043e-40
       376    1.7534167e-40
       377    1.0239848e-40
       378    5.9801813e-41
       379    3.4925963e-41
       380    2.0398702e-41
       381    1.1915241e-41
       382    6.9588482e-42
       383    4.0651668e-42
       384    2.3737996e-42
       385    1.3872855e-42
       386    8.0995051e-43
       387    4.7223758e-43
       388    2.7605580e-43
       389    1.5974802e-43
       390    9.2485699e-44
       391    5.3249342e-44
       392    2.9427268e-44
       393    1.5414283e-44
       394    8.4077908e-45
       395    2.8025969e-45
       396    0.0000000e+00
       397    0.0000000e+00
       398    0.0000000e+00
       399    0.0000000e+00
       400    0.0000000e+00
       401    0.0000000e+00
       402    0.0000000e+00
       403    0.0000000e+00
       404    0.0000000e+00
       405    0.0000000e+00
       406    0.0000000e+00
       407    0.0000000e+00
       408    0.0000000e+00
       409    0.0000000e+00
       410    0.0000000e+00
       411    0.0000000e+00
       412    0.0000000e+00
       413    0.0000000e+00
       414    0.0000000e+00
       415    0.0000000e+00
       416    0.0000000e+00
       417    0.0000000e+00
       418    0.0000000e+00
       419    0.0000000e+00
       420    0.0000000e+00
       421    0.0000000e+00
       422    0.0000000e+00
       423    0.0000000e+00
       424    0.0000000e+00
       425    0.0000000e+00
       426    0.0000000e+00
       427    0.0000000e+00
       428    0.0000000e+00
       429    0.0000000e+00
       430    0.0000000e+00
       431    0.0000000e+00
       432    0.0000000e+00
       433    0.0000000e+00
       434    0.0000000e+00
       435    0.0000000e+00
       436    0.0000000e+00
       437    0.0000000e+00
       438    0.0000000e+00
       439    0.0000000e+00
       440    0.0000000e+00
       441    0.0000000e+00
       442    0.0000000e+00
       443    0.0000000e+00
       444    0.0000000e+00
       445    0.0000000e+00
       446    0.0000000e+00
       447    0.0000000e+00
       448    0.0000000e+00
       449    0.0000000e+00
       450    0.0000000e+00
       451    0.0000000e+00
       452    0.0000000e+00
       453    0.0000000e+00
       454    0.0000000e+00
       455    0.0000000e+00
       456    0.0000000e+00
       457    0.0000000e+00
       458    0.0000000e+00
       459    0.0000000e+00
       460    0.0000000e+00
       461    0.0000000e+00
       462    0.0000000e+00
       463    0.0000000e+00
       464    0.0000000e+00
       465    0.0000000e+00
       466    0.0000000e+00
       467    0.0000000e+00
       468    0.0000000e+00
       469    0.0000000e+00
       470    0.0000000e+00
       471    0.0000000e+00
       472    0.0000000e+00
       473    0.0000000e+00
       474    0.0000000e+00
       475    0.0000000e+00
       476    0.0000000e+00
       477    0.0000000e+00
       478    0.0000000e+00
       479    0.0000000e+00
       480    0.0000000e+00
       481    0.0000000e+00
       482    0.0000000e+00
       483    0.0000000e+00
       484    0.0000000e+00
       485    0.0000000e+00
       486    0.0000000e+00
       487    0.0000000e+00
       488    0.0000000e+00
       489    0.0000000e+00
       490    0.0000000e+00
       491    0.0000000e+00
       492    0.0000000e+00
       493    0.0000000e+00
       494    0.0000000e+00
       495    0.0000000e+00
       496    0.0000000e+00
       497    0.0000000e+00
       498    0.0000000e+00
       499    0.0000000e+00
       500    0.0000000e+00
       501    0.0000000e+00
       502    0.0000000e+00
       503    0.0000000e+00
       504    0.0000000e+00
       505    0.0000000e+00
       506    0.0000000e+00
       507    0.0000000e+00
       508    0.0000000e+00
       509    0.0000000e+00
       510    0.0000000e+00
       511    0.0000000e+00
       512    0.0000000e+00
