         1    9.9999976e-01
         2    9.9999976e-01
         3    9.9999976e-01
         4    9.9999976e-01
         5    9.9999976e-01
         6    9.9999976e-01
         7    9.9999976e-01
         8    9.9999976e-01
         9    9.9999976e-01
        10    9.9999976e-01
        11    9.9999976e-01
        12    9.9999976e-01
        13    9.9999976e-01
        14    9.9999976e-01
        15    9.9999976e-01
        16    9.9999976e-01
        17    9.9999976e-01
        18    9.9999976e-01
        19    9.9999976e-01
        20    9.9999976e-01
        21    9.9999976e-01
        22    9.9999976e-01
        23    9.9999976e-01
        24    9.9999976e-01
        25    9.9999976e-01
        26    9.9999976e-01
        27    9.9999976e-01
        28    9.9999976e-01
        29    9.9999976e-01
        30    9.9999976e-01
        31    9.9999976e-01
        32    9.9999976e-01
        33    9.9999976e-01
        34    9.9999976e-01
        35    9.9999976e-01
        36    9.9999976e-01
        37    9.9999976e-01
        38    9.9999976e-01
        39    9.9999976e-01
        40    9.9999976e-01
        41    9.9999976e-01
        42    9.9999976e-01
        43    9.9999976e-01
        44    9.9999976e-01
        45    9.9999976e-01
        46    9.9999976e-01
        47    9.9999976e-01
        48    9.9999976e-01
        49    9.9999976e-01
        50    9.9999976e-01
        51    9.9999976e-01
        52    9.9999976e-01
        53    9.9999976e-01
        54    9.9999976e-01
        55    9.9999976e-01
        56    9.9999976e-01
        57    9.9999976e-01
        58    9.9999976e-01
        59    9.9999976e-01
        60    9.9999976e-01
        61    9.9999976e-01
        62    9.9999976e-01
        63    9.9999976e-01
        64    9.9999976e-01
        65    9.9999976e-01
        66    9.9999976e-01
        67    9.9999976e-01
        68    9.9999976e-01
        69    9.9999976e-01
        70    9.9999976e-01
        71    9.9999976e-01
        72    9.9999976e-01
        73    9.9999976e-01
        74    9.9999976e-01
        75    9.9999976e-01
        76    9.9999976e-01
        77    9.9999976e-01
        78    9.9999976e-01
        79    9.9999976e-01
        80    9.9999976e-01
        81    9.9999976e-01
        82    9.9999976e-01
        83    9.9999976e-01
        84    9.9999976e-01
        85    9.9999976e-01
        86    9.9999976e-01
        87    9.9999976e-01
        88    9.9999976e-01
        89    9.9999976e-01
        90    9.9999976e-01
        91    9.9999976e-01
        92    9.9999976e-01
        93    9.9999976e-01
        94    9.9999976e-01
        95    9.9999976e-01
        96    9.9999976e-01
        97    9.9999976e-01
        98    9.9999976e-01
        99    9.9999976e-01
       100    9.9999976e-01
       101    9.9999976e-01
       102    9.9999976e-01
       103    9.9999976e-01
       104    9.9999976e-01
       105    9.9999976e-01
       106    9.9999976e-01
       107    9.9999976e-01
       108    9.9999976e-01
       109    9.9999976e-01
       110    9.9999976e-01
       111    9.9999976e-01
       112    9.9999976e-01
       113    9.9999976e-01
       114    9.9999976e-01
       115    9.9999976e-01
       116    9.9999976e-01
       117    9.9999976e-01
       118    9.9999976e-01
       119    9.9999976e-01
       120    9.9999976e-01
       121    9.9999976e-01
       122    9.9999976e-01
       123    9.9999976e-01
       124    9.9999976e-01
       125    9.9999976e-01
       126    9.9999976e-01
       127    9.9999976e-01
       128    9.9999976e-01
       129    9.9999976e-01
       130    9.9999976e-01
       131    9.9999976e-01
       132    9.9999976e-01
       133    9.9999976e-01
       134    9.9999976e-01
       135    9.9999976e-01
       136    9.9999976e-01
       137    9.9999976e-01
       138    9.9999976e-01
       139    9.9999976e-01
       140    9.9999976e-01
       141    9.9999976e-01
       142    9.9999976e-01
       143    9.9999976e-01
       144    9.9999976e-01
       145    9.9999976e-01
       146    9.9999976e-01
       147    9.9999976e-01
       148    9.9999976e-01
       149    9.9999976e-01
       150    9.9999976e-01
       151    9.9999976e-01
       152    9.9999976e-01
       153    9.9999970e-01
       154    9.9999958e-01
       155    9.9999934e-01
       156    9.9999893e-01
       157    9.9999809e-01
       158    9.9999672e-01
       159    9.9999434e-01
       160    9.9999017e-01
       161    9.9998295e-01
       162    9.9997044e-01
       163    9.9994874e-01
       164    9.9991119e-01
       165    9.9984610e-01
       166    9.9973333e-01
       167    9.9953800e-01
       168    9.9919969e-01
       169    9.9861383e-01
       170    9.9760008e-01
       171    9.9584770e-01
       172    9.9282414e-01
       173    9.8762405e-01
       174    9.7872967e-01
       175    9.6365994e-01
       176    9.3853498e-01
       177    8.9776009e-01
       178    8.3444113e-01
       179    7.4268585e-01
       180    6.2255818e-01
       181    4.8505783e-01
       182    3.5016540e-01
       183    2.3625167e-01
       184    1.5129802e-01
       185    9.3445517e-02
       186    5.6374792e-02
       187    3.3518419e-02
       188    1.9754225e-02
       189    1.1581519e-02
       190    6.7691770e-03
       191    3.9493633e-03
       192    2.3017949e-03
       193    1.3407459e-03
       194    7.8069034e-04
       195    4.5449496e-04
       196    2.6456680e-04
       197    1.5399969e-04
       198    8.9638699e-05
       199    5.2175896e-05
       200    3.0370178e-05
       201    1.7677889e-05
       202    1.0290123e-05
       203    5.9898885e-06
       204    3.4867862e-06
       205    2.0297414e-06
       206    1.1815852e-06
       207    6.8785744e-07
       208    4.0044318e-07
       209    2.3312698e-07
       210    1.3572297e-07
       211    7.9017518e-08
       212    4.6004743e-08
       213    2.6784964e-08
       214    1.5595122e-08
       215    9.0802068e-09
       216    5.2870321e-09
       217    3.0784881e-09
       218    1.7925541e-09
       219    1.0437978e-09
       220    6.0781280e-10
       221    3.5394246e-10
       222    2.0611274e-10
       223    1.2002906e-10
       224    6.9900037e-11
       225    4.0707819e-11
       226    2.3707605e-11
       227    1.3807245e-11
       228    8.0414789e-12
       229    4.6835409e-12
       230    2.7278613e-12
       231    1.5888389e-12
       232    9.2543735e-13
       233    5.3904358e-13
       234    3.1398609e-13
       235    1.8289702e-13
       236    1.0653999e-13
       237    6.2062375e-14
       238    3.6153806e-14
       239    2.1061510e-14
       240    1.2269727e-14
       241    7.1480933e-15
       242    4.1644299e-15
       243    2.4262238e-15
       244    1.4135666e-15
       245    8.2359136e-16
       246    4.7986322e-16
       247    2.7959756e-16
       248    1.6291443e-16
       249    9.4928372e-17
       250    5.5314997e-17
       251    3.2232959e-17
       252    1.8783128e-17
       253    1.0945767e-17
       254    6.3787421e-18
       255    3.7173592e-18
       256    2.1664305e-18
       257    1.2625999e-18
       258    7.3586406e-19
       259    4.2888446e-19
       260    2.4997354e-19
       261    1.4569974e-19
       262    8.4924818e-20
       263    4.9501874e-20
       264    2.8854926e-20
       265    1.6820139e-20
       266    9.8050670e-21
       267    5.7158798e-21
       268    3.3321701e-21
       269    1.9425979e-21
       270    1.1325317e-21
       271    6.6028233e-22
       272    3.8496468e-22
       273    2.2445231e-22
       274    1.3086979e-22
       275    7.6307443e-23
       276    4.4494538e-23
       277    2.5945313e-23
       278    1.5129467e-23
       279    8.8226890e-24
       280    5.1450664e-24
       281    3.0005013e-24
       282    1.7498854e-24
       283    1.0205598e-24
       284    5.9522405e-25
       285    3.4716484e-25
       286    2.0249040e-25
       287    1.1811001e-25
       288    6.8894193e-26
       289    4.0187625e-26
       290    2.3443151e-26
       291    1.3675831e-26
       292    7.9782133e-27
       293    4.6544889e-27
       294    2.7155189e-27
       295    1.5843398e-27
       296    9.2439736e-28
       297    5.3936660e-28
       298    3.1472014e-28
       299    1.8364553e-28
       300    1.0716469e-28
       301    6.2537238e-29
       302    3.6495686e-29
       303    2.1299061e-29
       304    1.2430700e-29
       305    7.2551632e-30
       306    4.2346294e-30
       307    2.4717268e-30
       308    1.4427883e-30
       309    8.4221321e-31
       310    4.9165333e-31
       311    2.8702097e-31
       312    1.6756613e-31
       313    9.7831134e-32
       314    5.7119763e-32
       315    3.3351425e-32
       316    1.9474280e-32
       317    1.1371760e-32
       318    6.6406945e-33
       319    3.8781006e-33
       320    2.2648780e-33
       321    1.3227902e-33
       322    7.7260560e-34
       323    4.5127967e-34
       324    2.6360587e-34
       325    1.5398773e-34
       326    8.9957874e-35
       327    5.2555072e-35
       328    3.0705270e-35
       329    1.7940492e-35
       330    1.0482849e-35
       331    6.1255948e-36
       332    3.5796580e-36
       333    2.0919898e-36
       334    1.2226519e-36
       335    7.1461428e-37
       336    4.1770214e-37
       337    2.4416772e-37
       338    1.4273709e-37
       339    8.3447436e-38
       340    4.8788459e-38
       341    2.8526586e-38
       342    1.6680596e-38
       343    9.7544512e-39
       344    5.7045880e-39
       345    3.3363865e-39
       346    1.9514595e-39
       347    1.1414963e-39
       348    6.6776216e-40
       349    3.9066239e-40
       350    2.2856719e-40
       351    1.3373993e-40
       352    7.8259717e-41
       353    4.5798638e-41
       354    2.6804037e-41
       355    1.5687536e-41
       356    9.1827088e-42
       357    5.3753809e-42
       358    3.1459151e-42
       359    1.8413062e-42
       360    1.0775985e-42
       361    6.3058431e-43
       362    3.6854150e-43
       363    2.1579996e-43
       364    1.2611686e-43
       365    7.2867520e-44
       366    4.0637655e-44
       367    2.3822074e-44
       368    1.2611686e-44
       369    5.6051939e-45
       370    1.4012985e-45
       371    0.0000000e+00
       372    0.0000000e+00
       373    0.0000000e+00
       374    0.0000000e+00
       375    0.0000000e+00
       376    0.0000000e+00
       377    0.0000000e+00
       378    0.0000000e+00
       379    0.0000000e+00
       380    0.0000000e+00
       381    0.0000000e+00
       382    0.0000000e+00
       383    0.0000000e+00
       384    0.0000000e+00
       385    0.0000000e+00
       386    0.0000000e+00
       387    0.0000000e+00
       388    0.0000000e+00
       389    0.0000000e+00
       390    0.0000000e+00
       391    0.0000000e+00
       392    0.0000000e+00
       393    0.0000000e+00
       394    0.0000000e+00
       395    0.0000000e+00
       396    0.0000000e+00
       397    0.0000000e+00
       398    0.0000000e+00
       399    0.0000000e+00
       400    0.0000000e+00
       401    0.0000000e+00
       402    0.0000000e+00
       403    0.0000000e+00
       404    0.0000000e+00
       405    0.0000000e+00
       406    0.0000000e+00
       407    0.0000000e+00
       408    0.0000000e+00
       409    0.0000000e+00
       410    0.0000000e+00
       411    0.0000000e+00
       412    0.0000000e+00
       413    0.0000000e+00
       414    0.0000000e+00
       415    0.0000000e+00
       416    0.0000000e+00
       417    0.0000000e+00
       418    0.0000000e+00
       419    0.0000000e+00
       420    0.0000000e+00
       421    0.0000000e+00
       422    0.0000000e+00
       423    0.0000000e+00
       424    0.0000000e+00
       425    0.0000000e+00
       426    0.0000000e+00
       427    0.0000000e+00
       428    0.0000000e+00
       429    0.0000000e+00
       430    0.0000000e+00
       431    0.0000000e+00
       432    0.0000000e+00
       433    0.0000000e+00
       434    0.0000000e+00
       435    0.0000000e+00
       436    0.0000000e+00
       437    0.0000000e+00
       438    0.0000000e+00
       439    0.0000000e+00
       440    0.0000000e+00
       441    0.0000000e+00
       442    0.0000000e+00
       443    0.0000000e+00
       444    0.0000000e+00
       445    0.0000000e+00
       446    0.0000000e+00
       447    0.0000000e+00
       448    0.0000000e+00
       449    0.0000000e+00
       450    0.0000000e+00
       451    0.0000000e+00
       452    0.0000000e+00
       453    0.0000000e+00
       454    0.0000000e+00
       455    0.0000000e+00
       456    0.0000000e+00
       457    0.0000000e+00
       458    0.0000000e+00
       459    0.0000000e+00
       460    0.0000000e+00
       461    0.0000000e+00
       462    0.0000000e+00
       463    0.0000000e+00
       464    0.0000000e+00
       465    0.0000000e+00
       466    0.0000000e+00
       467    0.0000000e+00
       468    0.0000000e+00
       469    0.0000000e+00
       470    0.0000000e+00
       471    0.0000000e+00
       472    0.0000000e+00
       473    0.0000000e+00
       474    0.0000000e+00
       475    0.0000000e+00
       476    0.0000000e+00
       477    0.0000000e+00
       478    0.0000000e+00
       479    0.0000000e+00
       480    0.0000000e+00
       481    0.0000000e+00
       482    0.0000000e+00
       483    0.0000000e+00
       484    0.0000000e+00
       485    0.0000000e+00
       486    0.0000000e+00
       487    0.0000000e+00
       488    0.0000000e+00
       489    0.0000000e+00
       490    0.0000000e+00
       491    0.0000000e+00
       492    0.0000000e+00
       493    0.0000000e+00
       494    0.0000000e+00
       495    0.0000000e+00
       496    0.0000000e+00
       497    0.0000000e+00
       498    0.0000000e+00
       499    0.0000000e+00
       500    0.0000000e+00
       501    0.0000000e+00
       502    0.0000000e+00
       503    0.0000000e+00
       504    0.0000000e+00
       505    0.0000000e+00
       506    0.0000000e+00
       507    0.0000000e+00
       508    0.0000000e+00
       509    0.0000000e+00
       510    0.0000000e+00
       511    0.0000000e+00
       512    0.0000000e+00
