         1    9.9999976e-01
         2    9.9999976e-01
         3    9.9999976e-01
         4    9.9999976e-01
         5    9.9999976e-01
         6    9.9999976e-01
         7    9.9999976e-01
         8    9.9999976e-01
         9    9.9999976e-01
        10    9.9999976e-01
        11    9.9999976e-01
        12    9.9999976e-01
        13    9.9999976e-01
        14    9.9999976e-01
        15    9.9999976e-01
        16    9.9999976e-01
        17    9.9999976e-01
        18    9.9999976e-01
        19    9.9999976e-01
        20    9.9999976e-01
        21    9.9999976e-01
        22    9.9999976e-01
        23    9.9999976e-01
        24    9.9999976e-01
        25    9.9999976e-01
        26    9.9999976e-01
        27    9.9999976e-01
        28    9.9999976e-01
        29    9.9999976e-01
        30    9.9999976e-01
        31    9.9999976e-01
        32    9.9999976e-01
        33    9.9999976e-01
        34    9.9999976e-01
        35    9.9999976e-01
        36    9.9999976e-01
        37    9.9999976e-01
        38    9.9999976e-01
        39    9.9999976e-01
        40    9.9999976e-01
        41    9.9999976e-01
        42    9.9999976e-01
        43    9.9999976e-01
        44    9.9999976e-01
        45    9.9999976e-01
        46    9.9999976e-01
        47    9.9999976e-01
        48    9.9999976e-01
        49    9.9999976e-01
        50    9.9999976e-01
        51    9.9999976e-01
        52    9.9999976e-01
        53    9.9999976e-01
        54    9.9999976e-01
        55    9.9999976e-01
        56    9.9999976e-01
        57    9.9999976e-01
        58    9.9999976e-01
        59    9.9999976e-01
        60    9.9999976e-01
        61    9.9999976e-01
        62    9.9999976e-01
        63    9.9999976e-01
        64    9.9999976e-01
        65    9.9999976e-01
        66    9.9999976e-01
        67    9.9999976e-01
        68    9.9999976e-01
        69    9.9999976e-01
        70    9.9999976e-01
        71    9.9999976e-01
        72    9.9999976e-01
        73    9.9999976e-01
        74    9.9999976e-01
        75    9.9999976e-01
        76    9.9999976e-01
        77    9.9999976e-01
        78    9.9999976e-01
        79    9.9999976e-01
        80    9.9999976e-01
        81    9.9999976e-01
        82    9.9999976e-01
        83    9.9999976e-01
        84    9.9999976e-01
        85    9.9999976e-01
        86    9.9999976e-01
        87    9.9999976e-01
        88    9.9999976e-01
        89    9.9999976e-01
        90    9.9999976e-01
        91    9.9999976e-01
        92    9.9999976e-01
        93    9.9999976e-01
        94    9.9999976e-01
        95    9.9999976e-01
        96    9.9999976e-01
        97    9.9999976e-01
        98    9.9999976e-01
        99    9.9999976e-01
       100    9.9999976e-01
       101    9.9999976e-01
       102    9.9999970e-01
       103    9.9999952e-01
       104    9.9999928e-01
       105    9.9999875e-01
       106    9.9999785e-01
       107    9.9999619e-01
       108    9.9999344e-01
       109    9.9998862e-01
       110    9.9998027e-01
       111    9.9996585e-01
       112    9.9994087e-01
       113    9.9989754e-01
       114    9.9982250e-01
       115    9.9969256e-01
       116    9.9946755e-01
       117    9.9907780e-01
       118    9.9840325e-01
       119    9.9723655e-01
       120    9.9522084e-01
       121    9.9174589e-01
       122    9.8577708e-01
       123    9.7558945e-01
       124    9.5838863e-01
       125    9.2987537e-01
       126    8.8403636e-01
       127    8.1391412e-01
       128    7.1457738e-01
       129    5.8854157e-01
       130    4.4968620e-01
       131    3.1874064e-01
       132    2.1190986e-01
       133    1.3429461e-01
       134    8.2376733e-02
       135    4.9487125e-02
       136    2.9349955e-02
       137    1.7273337e-02
       138    1.0119663e-02
       139    5.9128650e-03
       140    3.4495213e-03
       141    2.0106426e-03
       142    1.1713693e-03
       143    6.8223465e-04
       144    3.9729374e-04
       145    2.3134546e-04
       146    1.3471037e-04
       147    7.8440993e-05
       148    4.5676607e-05
       149    2.6598495e-05
       150    1.5489415e-05
       151    9.0204685e-06
       152    5.2533946e-06
       153    3.0596252e-06
       154    1.7820262e-06
       155    1.0379531e-06
       156    6.0458768e-07
       157    3.5217528e-07
       158    2.0515238e-07
       159    1.1951224e-07
       160    6.9625202e-08
       161    4.0563823e-08
       162    2.3633586e-08
       163    1.3770155e-08
       164    8.0235489e-09
       165    4.6753352e-09
       166    2.7244427e-09
       167    1.5876741e-09
       168    9.2526020e-10
       169    5.3924398e-10
       170    3.1428657e-10
       171    1.8318314e-10
       172    1.0677371e-10
       173    6.2238999e-11
       174    3.6281086e-11
       175    2.1150349e-11
       176    1.2330325e-11
       177    7.1887171e-12
       178    4.1912949e-12
       179    2.4437971e-12
       180    1.4249591e-12
       181    8.3092170e-13
       182    4.8454968e-13
       183    2.8257735e-13
       184    1.6480002e-13
       185    9.6116569e-14
       186    5.6060967e-14
       187    3.2699744e-14
       188    1.9074352e-14
       189    1.1126975e-14
       190    6.4912226e-15
       191    3.7870250e-15
       192    2.2094918e-15
       193    1.2891675e-15
       194    7.5222767e-16
       195    4.3894743e-16
       196    2.5615287e-16
       197    1.4948915e-16
       198    8.7245737e-17
       199    5.0921718e-17
       200    2.9722578e-17
       201    1.7349814e-17
       202    1.0128110e-17
       203    5.9127238e-18
       204    3.4520149e-18
       205    2.0155054e-18
       206    1.1768521e-18
       207    6.8720573e-19
       208    4.0130908e-19
       209    2.3436834e-19
       210    1.3688222e-19
       211    7.9950981e-20
       212    4.6701360e-20
       213    2.7281279e-20
       214    1.5937856e-20
       215    9.3116255e-21
       216    5.4406654e-21
       217    3.1791425e-21
       218    1.8578040e-21
       219    1.0857313e-21
       220    6.3456759e-22
       221    3.7090879e-22
       222    2.1681566e-22
       223    1.2675031e-22
       224    7.4104230e-23
       225    4.3328450e-23
       226    2.5336123e-23
       227    1.4816471e-23
       228    8.6653807e-24
       229    5.0683844e-24
       230    2.9647714e-24
       231    1.7344164e-24
       232    1.0147447e-24
       233    5.9374824e-25
       234    3.4744873e-25
       235    2.0333999e-25
       236    1.1901436e-25
       237    6.9666051e-26
       238    4.0783939e-26
       239    2.3878336e-26
       240    1.3981916e-26
       241    8.1880003e-27
       242    4.7955478e-27
       243    2.8089804e-27
       244    1.6455456e-27
       245    9.6410108e-28
       246    5.6492046e-28
       247    3.3105845e-28
       248    1.9403284e-28
       249    1.1373639e-28
       250    6.6677253e-29
       251    3.9094013e-29
       252    2.2924364e-29
       253    1.3444321e-29
       254    7.8856035e-30
       255    4.6257832e-30
       256    2.7138732e-30
       257    1.5923820e-30
       258    9.3445350e-31
       259    5.4842849e-31
       260    3.2190892e-31
       261    1.8897112e-31
       262    1.1094449e-31
       263    6.5142141e-32
       264    3.8252714e-32
       265    2.2464880e-32
       266    1.3194256e-32
       267    7.7499997e-33
       268    4.5525133e-33
       269    2.6744214e-33
       270    1.5712080e-33
       271    9.2312049e-34
       272    5.4237470e-34
       273    3.1867776e-34
       274    1.8724492e-34
       275    1.1001923e-34
       276    6.4642977e-35
       277    3.7980601e-35
       278    2.2314301e-35
       279    1.3109272e-35
       280    7.7008749e-36
       281    4.5233484e-36
       282    2.6566251e-36
       283    1.5600632e-36
       284    9.1598213e-37
       285    5.3771916e-37
       286    3.1560098e-37
       287    1.8519350e-37
       288    1.0864450e-37
       289    6.3719754e-38
       290    3.7360655e-38
       291    2.1898691e-38
       292    1.2831408e-38
       293    7.5157424e-39
       294    4.4004779e-39
       295    2.5754114e-39
       296    1.5066116e-39
       297    8.8095150e-40
       298    5.1485667e-40
       299    3.0074247e-40
       300    1.7557569e-40
       301    1.0244333e-40
       302    5.9735952e-41
       303    3.4811056e-41
       304    2.0272585e-41
       305    1.1797532e-41
       306    6.8607573e-42
       307    3.9866941e-42
       308    2.3135438e-42
       309    1.3410426e-42
       310    7.7772065e-43
       311    4.4981681e-43
       312    2.5924022e-43
       313    1.4853764e-43
       314    8.5479206e-44
       315    4.9045446e-44
       316    2.6624671e-44
       317    1.4012985e-44
       318    5.6051939e-45
       319    1.4012985e-45
       320    0.0000000e+00
       321    0.0000000e+00
       322    0.0000000e+00
       323    0.0000000e+00
       324    0.0000000e+00
       325    0.0000000e+00
       326    0.0000000e+00
       327    0.0000000e+00
       328    0.0000000e+00
       329    0.0000000e+00
       330    0.0000000e+00
       331    0.0000000e+00
       332    0.0000000e+00
       333    0.0000000e+00
       334    0.0000000e+00
       335    0.0000000e+00
       336    0.0000000e+00
       337    0.0000000e+00
       338    0.0000000e+00
       339    0.0000000e+00
       340    0.0000000e+00
       341    0.0000000e+00
       342    0.0000000e+00
       343    0.0000000e+00
       344    0.0000000e+00
       345    0.0000000e+00
       346    0.0000000e+00
       347    0.0000000e+00
       348    0.0000000e+00
       349    0.0000000e+00
       350    0.0000000e+00
       351    0.0000000e+00
       352    0.0000000e+00
       353    0.0000000e+00
       354    0.0000000e+00
       355    0.0000000e+00
       356    0.0000000e+00
       357    0.0000000e+00
       358    0.0000000e+00
       359    0.0000000e+00
       360    0.0000000e+00
       361    0.0000000e+00
       362    0.0000000e+00
       363    0.0000000e+00
       364    0.0000000e+00
       365    0.0000000e+00
       366    0.0000000e+00
       367    0.0000000e+00
       368    0.0000000e+00
       369    0.0000000e+00
       370    0.0000000e+00
       371    0.0000000e+00
       372    0.0000000e+00
       373    0.0000000e+00
       374    0.0000000e+00
       375    0.0000000e+00
       376    0.0000000e+00
       377    0.0000000e+00
       378    0.0000000e+00
       379    0.0000000e+00
       380    0.0000000e+00
       381    0.0000000e+00
       382    0.0000000e+00
       383    0.0000000e+00
       384    0.0000000e+00
       385    0.0000000e+00
       386    0.0000000e+00
       387    0.0000000e+00
       388    0.0000000e+00
       389    0.0000000e+00
       390    0.0000000e+00
       391    0.0000000e+00
       392    0.0000000e+00
       393    0.0000000e+00
       394    0.0000000e+00
       395    0.0000000e+00
       396    0.0000000e+00
       397    0.0000000e+00
       398    0.0000000e+00
       399    0.0000000e+00
       400    0.0000000e+00
       401    0.0000000e+00
       402    0.0000000e+00
       403    0.0000000e+00
       404    0.0000000e+00
       405    0.0000000e+00
       406    0.0000000e+00
       407    0.0000000e+00
       408    0.0000000e+00
       409    0.0000000e+00
       410    0.0000000e+00
       411    0.0000000e+00
       412    0.0000000e+00
       413    0.0000000e+00
       414    0.0000000e+00
       415    0.0000000e+00
       416    0.0000000e+00
       417    0.0000000e+00
       418    0.0000000e+00
       419    0.0000000e+00
       420    0.0000000e+00
       421    0.0000000e+00
       422    0.0000000e+00
       423    0.0000000e+00
       424    0.0000000e+00
       425    0.0000000e+00
       426    0.0000000e+00
       427    0.0000000e+00
       428    0.0000000e+00
       429    0.0000000e+00
       430    0.0000000e+00
       431    0.0000000e+00
       432    0.0000000e+00
       433    0.0000000e+00
       434    0.0000000e+00
       435    0.0000000e+00
       436    0.0000000e+00
       437    0.0000000e+00
       438    0.0000000e+00
       439    0.0000000e+00
       440    0.0000000e+00
       441    0.0000000e+00
       442    0.0000000e+00
       443    0.0000000e+00
       444    0.0000000e+00
       445    0.0000000e+00
       446    0.0000000e+00
       447    0.0000000e+00
       448    0.0000000e+00
       449    0.0000000e+00
       450    0.0000000e+00
       451    0.0000000e+00
       452    0.0000000e+00
       453    0.0000000e+00
       454    0.0000000e+00
       455    0.0000000e+00
       456    0.0000000e+00
       457    0.0000000e+00
       458    0.0000000e+00
       459    0.0000000e+00
       460    0.0000000e+00
       461    0.0000000e+00
       462    0.0000000e+00
       463    0.0000000e+00
       464    0.0000000e+00
       465    0.0000000e+00
       466    0.0000000e+00
       467    0.0000000e+00
       468    0.0000000e+00
       469    0.0000000e+00
       470    0.0000000e+00
       471    0.0000000e+00
       472    0.0000000e+00
       473    0.0000000e+00
       474    0.0000000e+00
       475    0.0000000e+00
       476    0.0000000e+00
       477    0.0000000e+00
       478    0.0000000e+00
       479    0.0000000e+00
       480    0.0000000e+00
       481    0.0000000e+00
       482    0.0000000e+00
       483    0.0000000e+00
       484    0.0000000e+00
       485    0.0000000e+00
       486    0.0000000e+00
       487    0.0000000e+00
       488    0.0000000e+00
       489    0.0000000e+00
       490    0.0000000e+00
       491    0.0000000e+00
       492    0.0000000e+00
       493    0.0000000e+00
       494    0.0000000e+00
       495    0.0000000e+00
       496    0.0000000e+00
       497    0.0000000e+00
       498    0.0000000e+00
       499    0.0000000e+00
       500    0.0000000e+00
       501    0.0000000e+00
       502    0.0000000e+00
       503    0.0000000e+00
       504    0.0000000e+00
       505    0.0000000e+00
       506    0.0000000e+00
       507    0.0000000e+00
       508    0.0000000e+00
       509    0.0000000e+00
       510    0.0000000e+00
       511    0.0000000e+00
       512    0.0000000e+00
