         1    9.9999976e-01
         2    9.9999976e-01
         3    9.9999976e-01
         4    9.9999976e-01
         5    9.9999976e-01
         6    9.9999976e-01
         7    9.9999976e-01
         8    9.9999976e-01
         9    9.9999976e-01
        10    9.9999976e-01
        11    9.9999976e-01
        12    9.9999976e-01
        13    9.9999976e-01
        14    9.9999976e-01
        15    9.9999976e-01
        16    9.9999976e-01
        17    9.9999976e-01
        18    9.9999976e-01
        19    9.9999976e-01
        20    9.9999976e-01
        21    9.9999976e-01
        22    9.9999976e-01
        23    9.9999976e-01
        24    9.9999976e-01
        25    9.9999976e-01
        26    9.9999976e-01
        27    9.9999976e-01
        28    9.9999976e-01
        29    9.9999976e-01
        30    9.9999976e-01
        31    9.9999976e-01
        32    9.9999976e-01
        33    9.9999976e-01
        34    9.9999976e-01
        35    9.9999976e-01
        36    9.9999976e-01
        37    9.9999976e-01
        38    9.9999976e-01
        39    9.9999976e-01
        40    9.9999976e-01
        41    9.9999976e-01
        42    9.9999976e-01
        43    9.9999976e-01
        44    9.9999976e-01
        45    9.9999976e-01
        46    9.9999976e-01
        47    9.9999976e-01
        48    9.9999976e-01
        49    9.9999976e-01
        50    9.9999976e-01
        51    9.9999976e-01
        52    9.9999976e-01
        53    9.9999976e-01
        54    9.9999976e-01
        55    9.9999976e-01
        56    9.9999976e-01
        57    9.9999976e-01
        58    9.9999976e-01
        59    9.9999976e-01
        60    9.9999976e-01
        61    9.9999976e-01
        62    9.9999976e-01
        63    9.9999976e-01
        64    9.9999976e-01
        65    9.9999976e-01
        66    9.9999976e-01
        67    9.9999976e-01
        68    9.9999976e-01
        69    9.9999976e-01
        70    9.9999976e-01
        71    9.9999976e-01
        72    9.9999976e-01
        73    9.9999976e-01
        74    9.9999976e-01
        75    9.9999976e-01
        76    9.9999976e-01
        77    9.9999976e-01
        78    9.9999976e-01
        79    9.9999976e-01
        80    9.9999976e-01
        81    9.9999976e-01
        82    9.9999976e-01
        83    9.9999976e-01
        84    9.9999976e-01
        85    9.9999976e-01
        86    9.9999976e-01
        87    9.9999976e-01
        88    9.9999976e-01
        89    9.9999976e-01
        90    9.9999976e-01
        91    9.9999976e-01
        92    9.9999976e-01
        93    9.9999976e-01
        94    9.9999976e-01
        95    9.9999976e-01
        96    9.9999976e-01
        97    9.9999976e-01
        98    9.9999976e-01
        99    9.9999976e-01
       100    9.9999976e-01
       101    9.9999976e-01
       102    9.9999976e-01
       103    9.9999976e-01
       104    9.9999976e-01
       105    9.9999976e-01
       106    9.9999976e-01
       107    9.9999976e-01
       108    9.9999976e-01
       109    9.9999976e-01
       110    9.9999976e-01
       111    9.9999964e-01
       112    9.9999940e-01
       113    9.9999905e-01
       114    9.9999833e-01
       115    9.9999714e-01
       116    9.9999505e-01
       117    9.9999148e-01
       118    9.9998522e-01
       119    9.9997443e-01
       120    9.9995565e-01
       121    9.9992323e-01
       122    9.9986702e-01
       123    9.9976963e-01
       124    9.9960095e-01
       125    9.9930882e-01
       126    9.9880302e-01
       127    9.9792767e-01
       128    9.9641424e-01
       129    9.9380183e-01
       130    9.8930460e-01
       131    9.8159969e-01
       132    9.6850675e-01
       133    9.4656622e-01
       134    9.1065347e-01
       135    8.5410398e-01
       136    7.7037692e-01
       137    6.5734029e-01
       138    5.2281380e-01
       139    3.8513970e-01
       140    2.6429543e-01
       141    1.7139147e-01
       142    1.0675672e-01
       143    6.4756200e-02
       144    3.8632318e-02
       145    2.2815861e-02
       146    1.3394028e-02
       147    7.8351740e-03
       148    4.5739356e-03
       149    2.6669430e-03
       150    1.5539667e-03
       151    9.0511498e-04
       152    5.2707893e-04
       153    3.0690336e-04
       154    1.7869295e-04
       155    1.0404183e-04
       156    6.0577597e-05
       157    3.5271565e-05
       158    2.0537569e-05
       159    1.1958773e-05
       160    6.9636762e-06
       161    4.0551363e-06
       162    2.3614982e-06
       163    1.3752617e-06
       164    8.0093764e-07
       165    4.6647446e-07
       166    2.7168949e-07
       167    1.5824635e-07
       168    9.2174439e-08
       169    5.3691227e-08
       170    3.1276070e-08
       171    1.8219529e-08
       172    1.0613979e-08
       173    6.1835164e-09
       174    3.6025420e-09
       175    2.0989346e-09
       176    1.2229401e-09
       177    7.1257056e-10
       178    4.1520931e-10
       179    2.4194849e-10
       180    1.4099229e-10
       181    8.2164574e-11
       182    4.7884027e-11
       183    2.7907031e-11
       184    1.6264984e-11
       185    9.4800522e-12
       186    5.5256715e-12
       187    3.2208958e-12
       188    1.8775248e-12
       189    1.0944911e-12
       190    6.3805249e-13
       191    3.7197892e-13
       192    2.1686933e-13
       193    1.2644334e-13
       194    7.3724508e-14
       195    4.2987888e-14
       196    2.5066790e-14
       197    1.4617392e-14
       198    8.5243210e-15
       199    4.9712834e-15
       200    2.8993209e-15
       201    1.6909985e-15
       202    9.8630105e-16
       203    5.7530128e-16
       204    3.3558371e-16
       205    1.9576105e-16
       206    1.1420150e-16
       207    6.6625064e-17
       208    3.8870842e-17
       209    2.2679368e-17
       210    1.3233017e-17
       211    7.7216119e-18
       212    4.5058679e-18
       213    2.6294841e-18
       214    1.5345623e-18
       215    8.9561347e-19
       216    5.2273203e-19
       217    3.0511268e-19
       218    1.7810017e-19
       219    1.0396608e-19
       220    6.0693550e-20
       221    3.5433761e-20
       222    2.0687887e-20
       223    1.2079237e-20
       224    7.0532245e-21
       225    4.1187084e-21
       226    2.4052486e-21
       227    1.4047039e-21
       228    8.2041938e-22
       229    4.7919657e-22
       230    2.7991014e-22
       231    1.6351256e-22
       232    9.5523792e-23
       233    5.5808507e-23
       234    3.2607550e-23
       235    1.9053086e-23
       236    1.1133772e-23
       237    6.5065338e-24
       238    3.8026642e-24
       239    2.2225815e-24
       240    1.2991505e-24
       241    7.5944058e-25
       242    4.4397787e-25
       243    2.5957488e-25
       244    1.5177436e-25
       245    8.8750180e-26
       246    5.1901008e-26
       247    3.0354197e-26
       248    1.7754104e-26
       249    1.0385241e-26
       250    6.0753722e-27
       251    3.5544177e-27
       252    2.0797158e-27
       253    1.2169712e-27
       254    7.1219358e-28
       255    4.1682911e-28
       256    2.4398386e-28
       257    1.4282622e-28
       258    8.3617914e-29
       259    4.8959393e-29
       260    2.8669408e-29
       261    1.6789905e-29
       262    9.8338871e-30
       263    5.7603699e-30
       264    3.3746160e-30
       265    1.9771868e-30
       266    1.1585668e-30
       267    6.7896116e-31
       268    3.9794194e-31
       269    2.3326301e-31
       270    1.3674883e-31
       271    8.0177625e-32
       272    4.7014811e-32
       273    2.7571990e-32
       274    1.6171615e-32
       275    9.4861542e-33
       276    5.5651664e-33
       277    3.2652522e-33
       278    1.9160426e-33
       279    1.1244562e-33
       280    6.5997547e-34
       281    3.8739996e-34
       282    2.2742402e-34
       283    1.3352308e-34
       284    7.8400279e-35
       285    4.6038147e-35
       286    2.7036749e-35
       287    1.5879058e-35
       288    9.3266473e-36
       289    5.4783970e-36
       290    3.2181396e-36
       291    1.8904957e-36
       292    1.1106102e-36
       293    6.5246636e-37
       294    3.8331876e-37
       295    2.2519682e-37
       296    1.3229977e-37
       297    7.7722106e-38
       298    4.5657533e-38
       299    2.6819838e-38
       300    1.5753201e-38
       301    9.2521600e-39
       302    5.4334003e-39
       303    3.1904105e-39
       304    1.8730960e-39
       305    1.0995204e-39
       306    6.4530915e-40
       307    3.7865607e-40
       308    2.2213804e-40
       309    1.3028572e-40
       310    7.6393187e-41
       311    4.4779894e-41
       312    2.6240715e-41
       313    1.5370843e-41
       314    9.0005400e-42
       315    5.2674809e-42
       316    3.0814553e-42
       317    1.8020698e-42
       318    1.0537764e-42
       319    6.1517003e-43
       320    3.5873241e-43
       321    2.0879347e-43
       322    1.2051167e-43
       323    6.8663625e-44
       324    3.9236357e-44
       325    2.1019477e-44
       326    1.1210388e-44
       327    4.2038954e-45
       328    1.4012985e-45
       329    0.0000000e+00
       330    0.0000000e+00
       331    0.0000000e+00
       332    0.0000000e+00
       333    0.0000000e+00
       334    0.0000000e+00
       335    0.0000000e+00
       336    0.0000000e+00
       337    0.0000000e+00
       338    0.0000000e+00
       339    0.0000000e+00
       340    0.0000000e+00
       341    0.0000000e+00
       342    0.0000000e+00
       343    0.0000000e+00
       344    0.0000000e+00
       345    0.0000000e+00
       346    0.0000000e+00
       347    0.0000000e+00
       348    0.0000000e+00
       349    0.0000000e+00
       350    0.0000000e+00
       351    0.0000000e+00
       352    0.0000000e+00
       353    0.0000000e+00
       354    0.0000000e+00
       355    0.0000000e+00
       356    0.0000000e+00
       357    0.0000000e+00
       358    0.0000000e+00
       359    0.0000000e+00
       360    0.0000000e+00
       361    0.0000000e+00
       362    0.0000000e+00
       363    0.0000000e+00
       364    0.0000000e+00
       365    0.0000000e+00
       366    0.0000000e+00
       367    0.0000000e+00
       368    0.0000000e+00
       369    0.0000000e+00
       370    0.0000000e+00
       371    0.0000000e+00
       372    0.0000000e+00
       373    0.0000000e+00
       374    0.0000000e+00
       375    0.0000000e+00
       376    0.0000000e+00
       377    0.0000000e+00
       378    0.0000000e+00
       379    0.0000000e+00
       380    0.0000000e+00
       381    0.0000000e+00
       382    0.0000000e+00
       383    0.0000000e+00
       384    0.0000000e+00
       385    0.0000000e+00
       386    0.0000000e+00
       387    0.0000000e+00
       388    0.0000000e+00
       389    0.0000000e+00
       390    0.0000000e+00
       391    0.0000000e+00
       392    0.0000000e+00
       393    0.0000000e+00
       394    0.0000000e+00
       395    0.0000000e+00
       396    0.0000000e+00
       397    0.0000000e+00
       398    0.0000000e+00
       399    0.0000000e+00
       400    0.0000000e+00
       401    0.0000000e+00
       402    0.0000000e+00
       403    0.0000000e+00
       404    0.0000000e+00
       405    0.0000000e+00
       406    0.0000000e+00
       407    0.0000000e+00
       408    0.0000000e+00
       409    0.0000000e+00
       410    0.0000000e+00
       411    0.0000000e+00
       412    0.0000000e+00
       413    0.0000000e+00
       414    0.0000000e+00
       415    0.0000000e+00
       416    0.0000000e+00
       417    0.0000000e+00
       418    0.0000000e+00
       419    0.0000000e+00
       420    0.0000000e+00
       421    0.0000000e+00
       422    0.0000000e+00
       423    0.0000000e+00
       424    0.0000000e+00
       425    0.0000000e+00
       426    0.0000000e+00
       427    0.0000000e+00
       428    0.0000000e+00
       429    0.0000000e+00
       430    0.0000000e+00
       431    0.0000000e+00
       432    0.0000000e+00
       433    0.0000000e+00
       434    0.0000000e+00
       435    0.0000000e+00
       436    0.0000000e+00
       437    0.0000000e+00
       438    0.0000000e+00
       439    0.0000000e+00
       440    0.0000000e+00
       441    0.0000000e+00
       442    0.0000000e+00
       443    0.0000000e+00
       444    0.0000000e+00
       445    0.0000000e+00
       446    0.0000000e+00
       447    0.0000000e+00
       448    0.0000000e+00
       449    0.0000000e+00
       450    0.0000000e+00
       451    0.0000000e+00
       452    0.0000000e+00
       453    0.0000000e+00
       454    0.0000000e+00
       455    0.0000000e+00
       456    0.0000000e+00
       457    0.0000000e+00
       458    0.0000000e+00
       459    0.0000000e+00
       460    0.0000000e+00
       461    0.0000000e+00
       462    0.0000000e+00
       463    0.0000000e+00
       464    0.0000000e+00
       465    0.0000000e+00
       466    0.0000000e+00
       467    0.0000000e+00
       468    0.0000000e+00
       469    0.0000000e+00
       470    0.0000000e+00
       471    0.0000000e+00
       472    0.0000000e+00
       473    0.0000000e+00
       474    0.0000000e+00
       475    0.0000000e+00
       476    0.0000000e+00
       477    0.0000000e+00
       478    0.0000000e+00
       479    0.0000000e+00
       480    0.0000000e+00
       481    0.0000000e+00
       482    0.0000000e+00
       483    0.0000000e+00
       484    0.0000000e+00
       485    0.0000000e+00
       486    0.0000000e+00
       487    0.0000000e+00
       488    0.0000000e+00
       489    0.0000000e+00
       490    0.0000000e+00
       491    0.0000000e+00
       492    0.0000000e+00
       493    0.0000000e+00
       494    0.0000000e+00
       495    0.0000000e+00
       496    0.0000000e+00
       497    0.0000000e+00
       498    0.0000000e+00
       499    0.0000000e+00
       500    0.0000000e+00
       501    0.0000000e+00
       502    0.0000000e+00
       503    0.0000000e+00
       504    0.0000000e+00
       505    0.0000000e+00
       506    0.0000000e+00
       507    0.0000000e+00
       508    0.0000000e+00
       509    0.0000000e+00
       510    0.0000000e+00
       511    0.0000000e+00
       512    0.0000000e+00
