         1    9.9999976e-01
         2    9.9999976e-01
         3    9.9999976e-01
         4    9.9999976e-01
         5    9.9999976e-01
         6    9.9999976e-01
         7    9.9999976e-01
         8    9.9999976e-01
         9    9.9999976e-01
        10    9.9999976e-01
        11    9.9999976e-01
        12    9.9999976e-01
        13    9.9999976e-01
        14    9.9999976e-01
        15    9.9999976e-01
        16    9.9999976e-01
        17    9.9999976e-01
        18    9.9999976e-01
        19    9.9999976e-01
        20    9.9999976e-01
        21    9.9999976e-01
        22    9.9999976e-01
        23    9.9999976e-01
        24    9.9999976e-01
        25    9.9999976e-01
        26    9.9999976e-01
        27    9.9999976e-01
        28    9.9999976e-01
        29    9.9999976e-01
        30    9.9999976e-01
        31    9.9999976e-01
        32    9.9999976e-01
        33    9.9999976e-01
        34    9.9999976e-01
        35    9.9999976e-01
        36    9.9999976e-01
        37    9.9999976e-01
        38    9.9999976e-01
        39    9.9999976e-01
        40    9.9999976e-01
        41    9.9999976e-01
        42    9.9999976e-01
        43    9.9999976e-01
        44    9.9999976e-01
        45    9.9999976e-01
        46    9.9999976e-01
        47    9.9999976e-01
        48    9.9999976e-01
        49    9.9999976e-01
        50    9.9999976e-01
        51    9.9999976e-01
        52    9.9999976e-01
        53    9.9999976e-01
        54    9.9999976e-01
        55    9.9999976e-01
        56    9.9999976e-01
        57    9.9999976e-01
        58    9.9999976e-01
        59    9.9999976e-01
        60    9.9999976e-01
        61    9.9999976e-01
        62    9.9999976e-01
        63    9.9999976e-01
        64    9.9999976e-01
        65    9.9999976e-01
        66    9.9999976e-01
        67    9.9999976e-01
        68    9.9999976e-01
        69    9.9999976e-01
        70    9.9999976e-01
        71    9.9999976e-01
        72    9.9999976e-01
        73    9.9999976e-01
        74    9.9999976e-01
        75    9.9999976e-01
        76    9.9999976e-01
        77    9.9999976e-01
        78    9.9999976e-01
        79    9.9999976e-01
        80    9.9999976e-01
        81    9.9999976e-01
        82    9.9999976e-01
        83    9.9999976e-01
        84    9.9999976e-01
        85    9.9999976e-01
        86    9.9999976e-01
        87    9.9999976e-01
        88    9.9999976e-01
        89    9.9999976e-01
        90    9.9999976e-01
        91    9.9999976e-01
        92    9.9999976e-01
        93    9.9999976e-01
        94    9.9999976e-01
        95    9.9999976e-01
        96    9.9999976e-01
        97    9.9999976e-01
        98    9.9999976e-01
        99    9.9999976e-01
       100    9.9999976e-01
       101    9.9999976e-01
       102    9.9999976e-01
       103    9.9999976e-01
       104    9.9999976e-01
       105    9.9999976e-01
       106    9.9999976e-01
       107    9.9999976e-01
       108    9.9999976e-01
       109    9.9999976e-01
       110    9.9999976e-01
       111    9.9999976e-01
       112    9.9999976e-01
       113    9.9999976e-01
       114    9.9999976e-01
       115    9.9999976e-01
       116    9.9999976e-01
       117    9.9999976e-01
       118    9.9999976e-01
       119    9.9999976e-01
       120    9.9999976e-01
       121    9.9999976e-01
       122    9.9999976e-01
       123    9.9999976e-01
       124    9.9999976e-01
       125    9.9999976e-01
       126    9.9999976e-01
       127    9.9999976e-01
       128    9.9999976e-01
       129    9.9999976e-01
       130    9.9999976e-01
       131    9.9999976e-01
       132    9.9999976e-01
       133    9.9999976e-01
       134    9.9999976e-01
       135    9.9999976e-01
       136    9.9999976e-01
       137    9.9999976e-01
       138    9.9999976e-01
       139    9.9999976e-01
       140    9.9999976e-01
       141    9.9999976e-01
       142    9.9999976e-01
       143    9.9999976e-01
       144    9.9999976e-01
       145    9.9999976e-01
       146    9.9999976e-01
       147    9.9999976e-01
       148    9.9999976e-01
       149    9.9999976e-01
       150    9.9999976e-01
       151    9.9999976e-01
       152    9.9999976e-01
       153    9.9999976e-01
       154    9.9999976e-01
       155    9.9999976e-01
       156    9.9999976e-01
       157    9.9999976e-01
       158    9.9999976e-01
       159    9.9999976e-01
       160    9.9999976e-01
       161    9.9999976e-01
       162    9.9999976e-01
       163    9.9999976e-01
       164    9.9999976e-01
       165    9.9999976e-01
       166    9.9999976e-01
       167    9.9999976e-01
       168    9.9999976e-01
       169    9.9999976e-01
       170    9.9999970e-01
       171    9.9999958e-01
       172    9.9999940e-01
       173    9.9999899e-01
       174    9.9999821e-01
       175    9.9999696e-01
       176    9.9999470e-01
       177    9.9999082e-01
       178    9.9998415e-01
       179    9.9997252e-01
       180    9.9995232e-01
       181    9.9991739e-01
       182    9.9985689e-01
       183    9.9975199e-01
       184    9.9957025e-01
       185    9.9925554e-01
       186    9.9871045e-01
       187    9.9776715e-01
       188    9.9613625e-01
       189    9.9332124e-01
       190    9.8847711e-01
       191    9.8018390e-01
       192    9.6611059e-01
       193    9.4258475e-01
       194    9.0423751e-01
       195    8.4426725e-01
       196    7.5642055e-01
       197    6.3963854e-01
       198    5.0338084e-01
       199    3.6693770e-01
       200    2.4956334e-01
       201    1.6076109e-01
       202    9.9678658e-02
       203    6.0283184e-02
       204    3.5895575e-02
       205    2.1173719e-02
       206    1.2419938e-02
       207    7.2612013e-03
       208    4.2370129e-03
       209    2.4695878e-03
       210    1.4384950e-03
       211    8.3759055e-04
       212    4.8760141e-04
       213    2.8382379e-04
       214    1.6519889e-04
       215    9.6150987e-05
       216    5.5962464e-05
       217    3.2571741e-05
       218    1.8957848e-05
       219    1.1034243e-05
       220    6.4224746e-06
       221    3.7382570e-06
       222    2.1759211e-06
       223    1.2665564e-06
       224    7.3724772e-07
       225    4.2915079e-07
       226    2.4981242e-07
       227    1.4542056e-07
       228    8.4653550e-08
       229    4.9280178e-08
       230    2.8688445e-08
       231    1.6701270e-08
       232    9.7229851e-09
       233    5.6605347e-09
       234    3.2955130e-09
       235    1.9186526e-09
       236    1.1170622e-09
       237    6.5037842e-10
       238    3.7867154e-10
       239    2.2047886e-10
       240    1.2837459e-10
       241    7.4747888e-11
       242    4.3523782e-11
       243    2.5343241e-11
       244    1.4757253e-11
       245    8.5932355e-12
       246    5.0039829e-12
       247    2.9139547e-12
       248    1.6969055e-12
       249    9.8819000e-13
       250    5.7548129e-13
       251    3.3514283e-13
       252    1.9518060e-13
       253    1.1367144e-13
       254    6.6202455e-14
       255    3.8557150e-14
       256    2.2456590e-14
       257    1.3079490e-14
       258    7.6180873e-15
       259    4.4372028e-15
       260    2.5845252e-15
       261    1.5054296e-15
       262    8.7689663e-16
       263    5.1079263e-16
       264    2.9754258e-16
       265    1.7332532e-16
       266    1.0096788e-16
       267    5.8818358e-17
       268    3.4265021e-17
       269    1.9961701e-17
       270    1.1629275e-17
       271    6.7751084e-18
       272    3.9471938e-18
       273    2.2996899e-18
       274    1.3398581e-18
       275    7.8065108e-19
       276    4.5484553e-19
       277    2.6502063e-19
       278    1.5442026e-19
       279    8.9978290e-20
       280    5.2430032e-20
       281    3.0551428e-20
       282    1.7802946e-20
       283    1.0374360e-20
       284    6.0456070e-21
       285    3.5231222e-21
       286    2.0531689e-21
       287    1.1965502e-21
       288    6.9734314e-22
       289    4.0641667e-22
       290    2.3686777e-22
       291    1.3805429e-22
       292    8.0464336e-23
       293    4.6899327e-23
       294    2.7336283e-23
       295    1.5933899e-23
       296    9.2878353e-24
       297    5.4139824e-24
       298    3.1559430e-24
       299    1.8397187e-24
       300    1.0724668e-24
       301    6.2521072e-25
       302    3.6448465e-25
       303    2.1249189e-25
       304    1.2388420e-25
       305    7.2227057e-26
       306    4.2110899e-26
       307    2.4552727e-26
       308    1.4315802e-26
       309    8.3472307e-27
       310    4.8672102e-27
       311    2.8381070e-27
       312    1.6549637e-27
       313    9.6507136e-28
       314    5.6278379e-28
       315    3.2819741e-28
       316    1.9139922e-28
       317    1.1162379e-28
       318    6.5100609e-29
       319    3.7968644e-29
       320    2.2145068e-29
       321    1.2916385e-29
       322    7.5338505e-30
       323    4.3944579e-30
       324    2.5633385e-30
       325    1.4952681e-30
       326    8.7225762e-31
       327    5.0884231e-31
       328    2.9684827e-31
       329    1.7318042e-31
       330    1.0103601e-31
       331    5.8947697e-32
       332    3.4393066e-32
       333    2.0067281e-32
       334    1.1709002e-32
       335    6.8322707e-33
       336    3.9867982e-33
       337    2.3264706e-33
       338    1.3576420e-33
       339    7.9229596e-34
       340    4.6238557e-34
       341    2.6985842e-34
       342    1.5750078e-34
       343    9.1927332e-35
       344    5.3656456e-35
       345    3.1319506e-35
       346    1.8281998e-35
       347    1.0672062e-35
       348    6.2300175e-36
       349    3.6370279e-36
       350    2.1233454e-36
       351    1.2396854e-36
       352    7.2380142e-37
       353    4.2261480e-37
       354    2.4676729e-37
       355    1.4409480e-37
       356    8.4144767e-38
       357    4.9138767e-38
       358    2.8697236e-38
       359    1.6760028e-38
       360    9.7887802e-39
       361    5.7174435e-39
       362    3.3396039e-39
       363    1.9507784e-39
       364    1.1395709e-39
       365    6.6572607e-40
       366    3.8893039e-40
       367    2.2723176e-40
       368    1.3276602e-40
       369    7.7575883e-41
       370    4.5330604e-41
       371    2.6488745e-41
       372    1.5478743e-41
       373    9.0453816e-42
       374    5.2856978e-42
       375    3.0898631e-42
       376    1.8048724e-42
       377    1.0551777e-42
       378    6.1657132e-43
       379    3.6013371e-43
       380    2.1019477e-43
       381    1.2191297e-43
       382    7.0064923e-44
       383    3.9236357e-44
       384    2.2420775e-44
       385    1.1210388e-44
       386    5.6051939e-45
       387    1.4012985e-45
       388    0.0000000e+00
       389    0.0000000e+00
       390    0.0000000e+00
       391    0.0000000e+00
       392    0.0000000e+00
       393    0.0000000e+00
       394    0.0000000e+00
       395    0.0000000e+00
       396    0.0000000e+00
       397    0.0000000e+00
       398    0.0000000e+00
       399    0.0000000e+00
       400    0.0000000e+00
       401    0.0000000e+00
       402    0.0000000e+00
       403    0.0000000e+00
       404    0.0000000e+00
       405    0.0000000e+00
       406    0.0000000e+00
       407    0.0000000e+00
       408    0.0000000e+00
       409    0.0000000e+00
       410    0.0000000e+00
       411    0.0000000e+00
       412    0.0000000e+00
       413    0.0000000e+00
       414    0.0000000e+00
       415    0.0000000e+00
       416    0.0000000e+00
       417    0.0000000e+00
       418    0.0000000e+00
       419    0.0000000e+00
       420    0.0000000e+00
       421    0.0000000e+00
       422    0.0000000e+00
       423    0.0000000e+00
       424    0.0000000e+00
       425    0.0000000e+00
       426    0.0000000e+00
       427    0.0000000e+00
       428    0.0000000e+00
       429    0.0000000e+00
       430    0.0000000e+00
       431    0.0000000e+00
       432    0.0000000e+00
       433    0.0000000e+00
       434    0.0000000e+00
       435    0.0000000e+00
       436    0.0000000e+00
       437    0.0000000e+00
       438    0.0000000e+00
       439    0.0000000e+00
       440    0.0000000e+00
       441    0.0000000e+00
       442    0.0000000e+00
       443    0.0000000e+00
       444    0.0000000e+00
       445    0.0000000e+00
       446    0.0000000e+00
       447    0.0000000e+00
       448    0.0000000e+00
       449    0.0000000e+00
       450    0.0000000e+00
       451    0.0000000e+00
       452    0.0000000e+00
       453    0.0000000e+00
       454    0.0000000e+00
       455    0.0000000e+00
       456    0.0000000e+00
       457    0.0000000e+00
       458    0.0000000e+00
       459    0.0000000e+00
       460    0.0000000e+00
       461    0.0000000e+00
       462    0.0000000e+00
       463    0.0000000e+00
       464    0.0000000e+00
       465    0.0000000e+00
       466    0.0000000e+00
       467    0.0000000e+00
       468    0.0000000e+00
       469    0.0000000e+00
       470    0.0000000e+00
       471    0.0000000e+00
       472    0.0000000e+00
       473    0.0000000e+00
       474    0.0000000e+00
       475    0.0000000e+00
       476    0.0000000e+00
       477    0.0000000e+00
       478    0.0000000e+00
       479    0.0000000e+00
       480    0.0000000e+00
       481    0.0000000e+00
       482    0.0000000e+00
       483    0.0000000e+00
       484    0.0000000e+00
       485    0.0000000e+00
       486    0.0000000e+00
       487    0.0000000e+00
       488    0.0000000e+00
       489    0.0000000e+00
       490    0.0000000e+00
       491    0.0000000e+00
       492    0.0000000e+00
       493    0.0000000e+00
       494    0.0000000e+00
       495    0.0000000e+00
       496    0.0000000e+00
       497    0.0000000e+00
       498    0.0000000e+00
       499    0.0000000e+00
       500    0.0000000e+00
       501    0.0000000e+00
       502    0.0000000e+00
       503    0.0000000e+00
       504    0.0000000e+00
       505    0.0000000e+00
       506    0.0000000e+00
       507    0.0000000e+00
       508    0.0000000e+00
       509    0.0000000e+00
       510    0.0000000e+00
       511    0.0000000e+00
       512    0.0000000e+00
