         1    9.9999976e-01
         2    9.9999976e-01
         3    9.9999976e-01
         4    9.9999976e-01
         5    9.9999976e-01
         6    9.9999976e-01
         7    9.9999976e-01
         8    9.9999976e-01
         9    9.9999976e-01
        10    9.9999976e-01
        11    9.9999976e-01
        12    9.9999976e-01
        13    9.9999976e-01
        14    9.9999976e-01
        15    9.9999976e-01
        16    9.9999976e-01
        17    9.9999976e-01
        18    9.9999976e-01
        19    9.9999976e-01
        20    9.9999976e-01
        21    9.9999976e-01
        22    9.9999976e-01
        23    9.9999976e-01
        24    9.9999976e-01
        25    9.9999976e-01
        26    9.9999976e-01
        27    9.9999976e-01
        28    9.9999976e-01
        29    9.9999976e-01
        30    9.9999976e-01
        31    9.9999976e-01
        32    9.9999976e-01
        33    9.9999976e-01
        34    9.9999976e-01
        35    9.9999976e-01
        36    9.9999976e-01
        37    9.9999976e-01
        38    9.9999976e-01
        39    9.9999976e-01
        40    9.9999976e-01
        41    9.9999976e-01
        42    9.9999976e-01
        43    9.9999976e-01
        44    9.9999976e-01
        45    9.9999976e-01
        46    9.9999976e-01
        47    9.9999976e-01
        48    9.9999976e-01
        49    9.9999976e-01
        50    9.9999976e-01
        51    9.9999976e-01
        52    9.9999976e-01
        53    9.9999976e-01
        54    9.9999976e-01
        55    9.9999976e-01
        56    9.9999976e-01
        57    9.9999976e-01
        58    9.9999976e-01
        59    9.9999976e-01
        60    9.9999976e-01
        61    9.9999976e-01
        62    9.9999976e-01
        63    9.9999976e-01
        64    9.9999976e-01
        65    9.9999976e-01
        66    9.9999976e-01
        67    9.9999976e-01
        68    9.9999976e-01
        69    9.9999976e-01
        70    9.9999976e-01
        71    9.9999976e-01
        72    9.9999976e-01
        73    9.9999976e-01
        74    9.9999976e-01
        75    9.9999976e-01
        76    9.9999976e-01
        77    9.9999976e-01
        78    9.9999976e-01
        79    9.9999976e-01
        80    9.9999976e-01
        81    9.9999976e-01
        82    9.9999976e-01
        83    9.9999976e-01
        84    9.9999976e-01
        85    9.9999976e-01
        86    9.9999976e-01
        87    9.9999976e-01
        88    9.9999976e-01
        89    9.9999976e-01
        90    9.9999976e-01
        91    9.9999976e-01
        92    9.9999976e-01
        93    9.9999976e-01
        94    9.9999976e-01
        95    9.9999976e-01
        96    9.9999976e-01
        97    9.9999976e-01
        98    9.9999976e-01
        99    9.9999976e-01
       100    9.9999976e-01
       101    9.9999976e-01
       102    9.9999976e-01
       103    9.9999976e-01
       104    9.9999976e-01
       105    9.9999976e-01
       106    9.9999976e-01
       107    9.9999976e-01
       108    9.9999976e-01
       109    9.9999976e-01
       110    9.9999976e-01
       111    9.9999976e-01
       112    9.9999976e-01
       113    9.9999976e-01
       114    9.9999976e-01
       115    9.9999976e-01
       116    9.9999976e-01
       117    9.9999976e-01
       118    9.9999976e-01
       119    9.9999976e-01
       120    9.9999976e-01
       121    9.9999976e-01
       122    9.9999976e-01
       123    9.9999976e-01
       124    9.9999976e-01
       125    9.9999976e-01
       126    9.9999976e-01
       127    9.9999976e-01
       128    9.9999976e-01
       129    9.9999976e-01
       130    9.9999976e-01
       131    9.9999976e-01
       132    9.9999976e-01
       133    9.9999976e-01
       134    9.9999976e-01
       135    9.9999976e-01
       136    9.9999976e-01
       137    9.9999976e-01
       138    9.9999976e-01
       139    9.9999976e-01
       140    9.9999976e-01
       141    9.9999976e-01
       142    9.9999976e-01
       143    9.9999976e-01
       144    9.9999976e-01
       145    9.9999976e-01
       146    9.9999976e-01
       147    9.9999976e-01
       148    9.9999976e-01
       149    9.9999976e-01
       150    9.9999976e-01
       151    9.9999976e-01
       152    9.9999976e-01
       153    9.9999976e-01
       154    9.9999976e-01
       155    9.9999976e-01
       156    9.9999976e-01
       157    9.9999976e-01
       158    9.9999976e-01
       159    9.9999976e-01
       160    9.9999976e-01
       161    9.9999976e-01
       162    9.9999976e-01
       163    9.9999976e-01
       164    9.9999976e-01
       165    9.9999976e-01
       166    9.9999976e-01
       167    9.9999976e-01
       168    9.9999976e-01
       169    9.9999976e-01
       170    9.9999976e-01
       171    9.9999976e-01
       172    9.9999976e-01
       173    9.9999976e-01
       174    9.9999976e-01
       175    9.9999976e-01
       176    9.9999976e-01
       177    9.9999976e-01
       178    9.9999976e-01
       179    9.9999976e-01
       180    9.9999976e-01
       181    9.9999976e-01
       182    9.9999976e-01
       183    9.9999976e-01
       184    9.9999976e-01
       185    9.9999976e-01
       186    9.9999976e-01
       187    9.9999976e-01
       188    9.9999976e-01
       189    9.9999976e-01
       190    9.9999976e-01
       191    9.9999976e-01
       192    9.9999976e-01
       193    9.9999976e-01
       194    9.9999976e-01
       195    9.9999976e-01
       196    9.9999970e-01
       197    9.9999958e-01
       198    9.9999928e-01
       199    9.9999881e-01
       200    9.9999797e-01
       201    9.9999642e-01
       202    9.9999386e-01
       203    9.9998939e-01
       204    9.9998158e-01
       205    9.9996805e-01
       206    9.9994463e-01
       207    9.9990410e-01
       208    9.9983376e-01
       209    9.9971199e-01
       210    9.9950093e-01
       211    9.9913538e-01
       212    9.9850243e-01
       213    9.9740714e-01
       214    9.9551409e-01
       215    9.9224883e-01
       216    9.8663598e-01
       217    9.7704524e-01
       218    9.6082389e-01
       219    9.3385965e-01
       220    8.9031756e-01
       221    8.2324350e-01
       222    7.2723329e-01
       223    6.0367721e-01
       224    4.6521658e-01
       225    3.3236176e-01
       226    2.2234674e-01
       227    1.4152336e-01
       228    8.7051809e-02
       229    5.2381121e-02
       230    3.1093640e-02
       231    1.8306855e-02
       232    1.0726217e-02
       233    6.2667085e-03
       234    3.6551761e-03
       235    2.1298868e-03
       236    1.2404004e-03
       237    7.2215137e-04
       238    4.2035498e-04
       239    2.4465891e-04
       240    1.4239123e-04
       241    8.2869519e-05
       242    4.8228383e-05
       243    2.8067969e-05
       244    1.6335107e-05
       245    9.5068599e-06
       246    5.5329542e-06
       247    3.2201970e-06
       248    1.8741891e-06
       249    1.0908127e-06
       250    6.3488170e-07
       251    3.6952295e-07
       252    2.1507797e-07
       253    1.2518620e-07
       254    7.2865674e-08
       255    4.2412658e-08
       256    2.4687324e-08
       257    1.4370058e-08
       258    8.3646752e-09
       259    4.8690656e-09
       260    2.8343157e-09
       261    1.6498971e-09
       262    9.6044284e-10
       263    5.5910349e-10
       264    3.2547598e-10
       265    1.8947494e-10
       266    1.1030384e-10
       267    6.4214856e-11
       268    3.7384065e-11
       269    2.1764243e-11
       270    1.2670879e-11
       271    7.3769359e-12
       272    4.2948830e-12
       273    2.5005345e-12
       274    1.4558628e-12
       275    8.4764536e-13
       276    4.9353056e-13
       277    2.8735589e-13
       278    1.6731401e-13
       279    9.7420580e-14
       280    5.6725109e-14
       281    3.3029816e-14
       282    1.9232828e-14
       283    1.1199185e-14
       284    6.5213261e-15
       285    3.7974469e-15
       286    2.2113311e-15
       287    1.2877221e-15
       288    7.4988870e-16
       289    4.3669459e-16
       290    2.5431100e-16
       291    1.4810130e-16
       292    8.6249970e-17
       293    5.0230261e-17
       294    2.9253534e-17
       295    1.7037181e-17
       296    9.9225559e-18
       297    5.7790423e-18
       298    3.3658494e-18
       299    1.9603788e-18
       300    1.1418048e-18
       301    6.6504391e-19
       302    3.8736054e-19
       303    2.2562489e-19
       304    1.3142116e-19
       305    7.6550900e-20
       306    4.4590460e-20
       307    2.5974088e-20
       308    1.5130227e-20
       309    8.8136813e-21
       310    5.1342390e-21
       311    2.9908981e-21
       312    1.7423445e-21
       313    1.0150170e-21
       314    5.9131585e-22
       315    3.4448687e-22
       316    2.0069328e-22
       317    1.1692299e-22
       318    6.8119925e-23
       319    3.9687655e-23
       320    2.3122982e-23
       321    1.3472226e-23
       322    7.8495021e-24
       323    4.5735355e-24
       324    2.6648285e-24
       325    1.5527224e-24
       326    9.0474388e-25
       327    5.2718726e-25
       328    3.0719316e-25
       329    1.7900520e-25
       330    1.0431031e-25
       331    6.0784993e-26
       332    3.5421999e-26
       333    2.0642268e-26
       334    1.2029552e-26
       335    7.0105036e-27
       336    4.0856081e-27
       337    2.3810692e-27
       338    1.3876988e-27
       339    8.0877232e-28
       340    4.7137367e-28
       341    2.7473398e-28
       342    1.6012806e-28
       343    9.3332028e-29
       344    5.4400401e-29
       345    3.1708938e-29
       346    1.8482877e-29
       347    1.0773724e-29
       348    6.2801566e-30
       349    3.6608637e-30
       350    2.1340528e-30
       351    1.2440428e-30
       352    7.2522731e-31
       353    4.2278704e-31
       354    2.4647787e-31
       355    1.4369546e-31
       356    8.3775513e-32
       357    4.8842748e-32
       358    2.8476862e-32
       359    1.6603255e-32
       360    9.6806294e-33
       361    5.6444697e-33
       362    3.2911832e-33
       363    1.9190682e-33
       364    1.1190210e-33
       365    6.5252270e-34
       366    3.8050699e-34
       367    2.2189084e-34
       368    1.2939752e-34
       369    7.5460980e-35
       370    4.4007725e-35
       371    2.5665249e-35
       372    1.4968292e-35
       373    8.7298988e-36
       374    5.0916268e-36
       375    2.9697122e-36
       376    1.7321391e-36
       377    1.0103266e-36
       378    5.8932058e-37
       379    3.4375755e-37
       380    2.0052285e-37
       381    1.1697325e-37
       382    6.8237086e-38
       383    3.9807571e-38
       384    2.3223214e-38
       385    1.3548478e-38
       386    7.9044262e-39
       387    4.6117097e-39
       388    2.6907018e-39
       389    1.5699335e-39
       390    9.1602881e-40
       391    5.3450148e-40
       392    3.1188980e-40
       393    1.8199784e-40
       394    1.0620441e-40
       395    6.1976628e-41
       396    3.6168915e-41
       397    2.1107759e-41
       398    1.2318815e-41
       399    7.1886611e-42
       400    4.1954876e-42
       401    2.4480684e-42
       402    1.4293244e-42
       403    8.3377259e-43
       404    4.8625057e-43
       405    2.8306229e-43
       406    1.6395192e-43
       407    9.5288296e-44
       408    5.4650640e-44
       409    3.0828566e-44
       410    1.6815582e-44
       411    8.4077908e-45
       412    2.8025969e-45
       413    0.0000000e+00
       414    0.0000000e+00
       415    0.0000000e+00
       416    0.0000000e+00
       417    0.0000000e+00
       418    0.0000000e+00
       419    0.0000000e+00
       420    0.0000000e+00
       421    0.0000000e+00
       422    0.0000000e+00
       423    0.0000000e+00
       424    0.0000000e+00
       425    0.0000000e+00
       426    0.0000000e+00
       427    0.0000000e+00
       428    0.0000000e+00
       429    0.0000000e+00
       430    0.0000000e+00
       431    0.0000000e+00
       432    0.0000000e+00
       433    0.0000000e+00
       434    0.0000000e+00
       435    0.0000000e+00
       436    0.0000000e+00
       437    0.0000000e+00
       438    0.0000000e+00
       439    0.0000000e+00
       440    0.0000000e+00
       441    0.0000000e+00
       442    0.0000000e+00
       443    0.0000000e+00
       444    0.0000000e+00
       445    0.0000000e+00
       446    0.0000000e+00
       447    0.0000000e+00
       448    0.0000000e+00
       449    0.0000000e+00
       450    0.0000000e+00
       451    0.0000000e+00
       452    0.0000000e+00
       453    0.0000000e+00
       454    0.0000000e+00
       455    0.0000000e+00
       456    0.0000000e+00
       457    0.0000000e+00
       458    0.0000000e+00
       459    0.0000000e+00
       460    0.0000000e+00
       461    0.0000000e+00
       462    0.0000000e+00
       463    0.0000000e+00
       464    0.0000000e+00
       465    0.0000000e+00
       466    0.0000000e+00
       467    0.0000000e+00
       468    0.0000000e+00
       469    0.0000000e+00
       470    0.0000000e+00
       471    0.0000000e+00
       472    0.0000000e+00
       473    0.0000000e+00
       474    0.0000000e+00
       475    0.0000000e+00
       476    0.0000000e+00
       477    0.0000000e+00
       478    0.0000000e+00
       479    0.0000000e+00
       480    0.0000000e+00
       481    0.0000000e+00
       482    0.0000000e+00
       483    0.0000000e+00
       484    0.0000000e+00
       485    0.0000000e+00
       486    0.0000000e+00
       487    0.0000000e+00
       488    0.0000000e+00
       489    0.0000000e+00
       490    0.0000000e+00
       491    0.0000000e+00
       492    0.0000000e+00
       493    0.0000000e+00
       494    0.0000000e+00
       495    0.0000000e+00
       496    0.0000000e+00
       497    0.0000000e+00
       498    0.0000000e+00
       499    0.0000000e+00
       500    0.0000000e+00
       501    0.0000000e+00
       502    0.0000000e+00
       503    0.0000000e+00
       504    0.0000000e+00
       505    0.0000000e+00
       506    0.0000000e+00
       507    0.0000000e+00
       508    0.0000000e+00
       509    0.0000000e+00
       510    0.0000000e+00
       511    0.0000000e+00
       512    0.0000000e+00
