         1    9.9999976e-01
         2    9.9999976e-01
         3    9.9999976e-01
         4    9.9999976e-01
         5    9.9999976e-01
         6    9.9999976e-01
         7    9.9999976e-01
         8    9.9999976e-01
         9    9.9999976e-01
        10    9.9999976e-01
        11    9.9999976e-01
        12    9.9999976e-01
        13    9.9999976e-01
        14    9.9999976e-01
        15    9.9999976e-01
        16    9.9999976e-01
        17    9.9999976e-01
        18    9.9999976e-01
        19    9.9999976e-01
        20    9.9999976e-01
        21    9.9999976e-01
        22    9.9999976e-01
        23    9.9999976e-01
        24    9.9999976e-01
        25    9.9999976e-01
        26    9.9999976e-01
        27    9.9999976e-01
        28    9.9999976e-01
        29    9.9999976e-01
        30    9.9999976e-01
        31    9.9999976e-01
        32    9.9999976e-01
        33    9.9999976e-01
        34    9.9999970e-01
        35    9.9999958e-01
        36    9.9999934e-01
        37    9.9999887e-01
        38    9.9999809e-01
        39    9.9999672e-01
        40    9.9999428e-01
        41    9.9999017e-01
        42    9.9998295e-01
        43    9.9997061e-01
        44    9.9994922e-01
        45    9.9991220e-01
        46    9.9984831e-01
        47    9.9973786e-01
        48    9.9954683e-01
        49    9.9921656e-01
        50    9.9864572e-01
        51    9.9765933e-01
        52    9.9595666e-01
        53    9.9302244e-01
        54    9.8798090e-01
        55    9.7936392e-01
        56    9.6476853e-01
        57    9.4042671e-01
        58    9.0087223e-01
        59    8.3928043e-01
        60    7.4959910e-01
        61    6.3132477e-01
        62    4.9463516e-01
        63    3.5909387e-01
        64    2.4347779e-01
        65    1.5654695e-01
        66    9.6986614e-02
        67    5.8654591e-02
        68    3.4945674e-02
        69    2.0633608e-02
        70    1.2118695e-02
        71    7.0959185e-03
        72    4.1477550e-03
        73    2.4222082e-03
        74    1.4138550e-03
        75    8.2510896e-04
        76    4.8150402e-04
        77    2.8100327e-04
        78    1.6400979e-04
        79    9.5739109e-05
        80    5.5895769e-05
        81    3.2639535e-05
        82    1.9062858e-05
        83    1.1135601e-05
        84    6.5061326e-06
        85    3.8020451e-06
        86    2.2222773e-06
        87    1.2991738e-06
        88    7.5967102e-07
        89    4.4429817e-07
        90    2.5990551e-07
        91    1.5207218e-07
        92    8.8997652e-08
        93    5.2095860e-08
        94    3.0501756e-08
        95    1.7862597e-08
        96    1.0463173e-08
        97    6.1303065e-09
        98    3.5925392e-09
        99    2.1058228e-09
       100    1.2346483e-09
       101    7.2404499e-10
       102    4.2470588e-10
       103    2.4917837e-10
       104    1.4622795e-10
       105    8.5831404e-11
       106    5.0391281e-11
       107    2.9590660e-11
       108    1.7379606e-11
       109    1.0209548e-11
       110    5.9985875e-12
       111    3.5250140e-12
       112    2.0717384e-12
       113    1.2177633e-12
       114    7.1587240e-13
       115    4.2086506e-13
       116    2.4744204e-13
       117    1.4548397e-13
       118    8.5537114e-14
       119    5.0289508e-14
       120    2.9564333e-14
       121    1.7378414e-14
       122    1.0213765e-14
       123    6.0017316e-15
       124    3.5258386e-15
       125    2.0707254e-15
       126    1.2157232e-15
       127    7.1347036e-16
       128    4.1852549e-16
       129    2.4538460e-16
       130    1.4378898e-16
       131    8.4203327e-17
       132    4.9275324e-17
       133    2.8813533e-17
       134    1.6834472e-17
       135    9.8266708e-18
       136    5.7303905e-18
       137    3.3380967e-18
       138    1.9422960e-18
       139    1.1287502e-18
       140    6.5510254e-19
       141    3.7967515e-19
       142    2.1971928e-19
       143    1.2695161e-19
       144    7.3228943e-20
       145    4.2165952e-20
       146    2.4234563e-20
       147    1.3901513e-20
       148    7.9579606e-21
       149    4.5458337e-21
       150    2.5909361e-21
       151    1.4732983e-21
       152    8.3574807e-22
       153    4.7290164e-22
       154    2.6689333e-22
       155    1.5022327e-22
       156    8.4320118e-23
       157    4.7193496e-23
       158    2.6336216e-23
       159    1.4652408e-23
       160    8.1266952e-24
       161    4.4929766e-24
       162    2.4759190e-24
       163    1.3598423e-24
       164    7.4431916e-25
       165    4.0599264e-25
       166    2.2066636e-25
       167    1.1950465e-25
       168    6.4481755e-26
       169    3.4662983e-26
       170    1.8562931e-26
       171    9.9027158e-27
       172    5.2621787e-27
       173    2.7852088e-27
       174    1.4682803e-27
       175    7.7090040e-28
       176    4.0309326e-28
       177    2.0989947e-28
       178    1.0884215e-28
       179    5.6201115e-29
       180    2.8895997e-29
       181    1.4793086e-29
       182    7.5403656e-30
       183    3.8266896e-30
       184    1.9334665e-30
       185    9.7256472e-31
       186    4.8702950e-31
       187    2.4279173e-31
       188    1.2048744e-31
       189    5.9520528e-32
       190    2.9268284e-32
       191    1.4325900e-32
       192    6.9795903e-33
       193    3.3846273e-33
       194    1.6336330e-33
       195    7.8478565e-34
       196    3.7522445e-34
       197    1.7855232e-34
       198    8.4560070e-35
       199    3.9854926e-35
       200    1.8694213e-35
       201    8.7263523e-36
       202    4.0536934e-36
       203    1.8739324e-36
       204    8.6205379e-37
       205    3.9462542e-37
       206    1.7976242e-37
       207    8.1483381e-38
       208    3.6752656e-38
       209    1.6494969e-38
       210    7.3663247e-39
       211    3.2732595e-39
       212    1.4472190e-39
       213    6.3665754e-40
       214    2.7866922e-40
       215    1.2136085e-40
       216    5.2585126e-41
       217    2.2670207e-41
       218    9.7236100e-42
       219    4.1492448e-42
       220    1.7614322e-42
       221    7.4268819e-43
       222    3.1108826e-43
       223    1.2891946e-43
       224    5.1848043e-44
       225    2.1019477e-44
       226    8.4077908e-45
       227    2.8025969e-45
       228    0.0000000e+00
       229    0.0000000e+00
       230    0.0000000e+00
       231    0.0000000e+00
       232    0.0000000e+00
       233    0.0000000e+00
       234    0.0000000e+00
       235    0.0000000e+00
       236    0.0000000e+00
       237    0.0000000e+00
       238    0.0000000e+00
       239    0.0000000e+00
       240    0.0000000e+00
       241    0.0000000e+00
       242    0.0000000e+00
       243    0.0000000e+00
       244    0.0000000e+00
       245    0.0000000e+00
       246    0.0000000e+00
       247    0.0000000e+00
       248    0.0000000e+00
       249    0.0000000e+00
       250    0.0000000e+00
       251    0.0000000e+00
       252    0.0000000e+00
       253    0.0000000e+00
       254    0.0000000e+00
       255    0.0000000e+00
       256    0.0000000e+00
       257    0.0000000e+00
       258    0.0000000e+00
       259    0.0000000e+00
       260    0.0000000e+00
       261    0.0000000e+00
       262    0.0000000e+00
       263    0.0000000e+00
       264    0.0000000e+00
       265    0.0000000e+00
       266    0.0000000e+00
       267    0.0000000e+00
       268    0.0000000e+00
       269    0.0000000e+00
       270    0.0000000e+00
       271    0.0000000e+00
       272    0.0000000e+00
       273    0.0000000e+00
       274    0.0000000e+00
       275    0.0000000e+00
       276    0.0000000e+00
       277    0.0000000e+00
       278    0.0000000e+00
       279    0.0000000e+00
       280    0.0000000e+00
       281    0.0000000e+00
       282    0.0000000e+00
       283    0.0000000e+00
       284    0.0000000e+00
       285    0.0000000e+00
       286    0.0000000e+00
       287    0.0000000e+00
       288    0.0000000e+00
       289    0.0000000e+00
       290    0.0000000e+00
       291    0.0000000e+00
       292    0.0000000e+00
       293    0.0000000e+00
       294    0.0000000e+00
       295    0.0000000e+00
       296    0.0000000e+00
       297    0.0000000e+00
       298    0.0000000e+00
       299    0.0000000e+00
       300    0.0000000e+00
       301    0.0000000e+00
       302    0.0000000e+00
       303    0.0000000e+00
       304    0.0000000e+00
       305    0.0000000e+00
       306    0.0000000e+00
       307    0.0000000e+00
       308    0.0000000e+00
       309    0.0000000e+00
       310    0.0000000e+00
       311    0.0000000e+00
       312    0.0000000e+00
       313    0.0000000e+00
       314    0.0000000e+00
       315    0.0000000e+00
       316    0.0000000e+00
       317    0.0000000e+00
       318    0.0000000e+00
       319    0.0000000e+00
       320    0.0000000e+00
       321    0.0000000e+00
       322    0.0000000e+00
       323    0.0000000e+00
       324    0.0000000e+00
       325    0.0000000e+00
       326    0.0000000e+00
       327    0.0000000e+00
       328    0.0000000e+00
       329    0.0000000e+00
       330    0.0000000e+00
       331    0.0000000e+00
       332    0.0000000e+00
       333    0.0000000e+00
       334    0.0000000e+00
       335    0.0000000e+00
       336    0.0000000e+00
       337    0.0000000e+00
       338    0.0000000e+00
       339    0.0000000e+00
       340    0.0000000e+00
       341    0.0000000e+00
       342    0.0000000e+00
       343    0.0000000e+00
       344    0.0000000e+00
       345    0.0000000e+00
       346    0.0000000e+00
       347    0.0000000e+00
       348    0.0000000e+00
       349    0.0000000e+00
       350    0.0000000e+00
       351    0.0000000e+00
       352    0.0000000e+00
       353    0.0000000e+00
       354    0.0000000e+00
       355    0.0000000e+00
       356    0.0000000e+00
       357    0.0000000e+00
       358    0.0000000e+00
       359    0.0000000e+00
       360    0.0000000e+00
       361    0.0000000e+00
       362    0.0000000e+00
       363    0.0000000e+00
       364    0.0000000e+00
       365    0.0000000e+00
       366    0.0000000e+00
       367    0.0000000e+00
       368    0.0000000e+00
       369    0.0000000e+00
       370    0.0000000e+00
       371    0.0000000e+00
       372    0.0000000e+00
       373    0.0000000e+00
       374    0.0000000e+00
       375    0.0000000e+00
       376    0.0000000e+00
       377    0.0000000e+00
       378    0.0000000e+00
       379    0.0000000e+00
       380    0.0000000e+00
       381    0.0000000e+00
       382    0.0000000e+00
       383    0.0000000e+00
       384    0.0000000e+00
       385    0.0000000e+00
       386    0.0000000e+00
       387    0.0000000e+00
       388    0.0000000e+00
       389    0.0000000e+00
       390    0.0000000e+00
       391    0.0000000e+00
       392    0.0000000e+00
       393    0.0000000e+00
       394    0.0000000e+00
       395    0.0000000e+00
       396    0.0000000e+00
       397    0.0000000e+00
       398    0.0000000e+00
       399    0.0000000e+00
       400    0.0000000e+00
       401    0.0000000e+00
       402    0.0000000e+00
       403    0.0000000e+00
       404    0.0000000e+00
       405    0.0000000e+00
       406    0.0000000e+00
       407    0.0000000e+00
       408    0.0000000e+00
       409    0.0000000e+00
       410    0.0000000e+00
       411    0.0000000e+00
       412    0.0000000e+00
       413    0.0000000e+00
       414    0.0000000e+00
       415    0.0000000e+00
       416    0.0000000e+00
       417    0.0000000e+00
       418    0.0000000e+00
       419    0.0000000e+00
       420    0.0000000e+00
       421    0.0000000e+00
       422    0.0000000e+00
       423    0.0000000e+00
       424    0.0000000e+00
       425    0.0000000e+00
       426    0.0000000e+00
       427    0.0000000e+00
       428    0.0000000e+00
       429    0.0000000e+00
       430    0.0000000e+00
       431    0.0000000e+00
       432    0.0000000e+00
       433    0.0000000e+00
       434    0.0000000e+00
       435    0.0000000e+00
       436    0.0000000e+00
       437    0.0000000e+00
       438    0.0000000e+00
       439    0.0000000e+00
       440    0.0000000e+00
       441    0.0000000e+00
       442    0.0000000e+00
       443    0.0000000e+00
       444    0.0000000e+00
       445    0.0000000e+00
       446    0.0000000e+00
       447    0.0000000e+00
       448    0.0000000e+00
       449    0.0000000e+00
       450    0.0000000e+00
       451    0.0000000e+00
       452    0.0000000e+00
       453    0.0000000e+00
       454    0.0000000e+00
       455    0.0000000e+00
       456    0.0000000e+00
       457    0.0000000e+00
       458    0.0000000e+00
       459    0.0000000e+00
       460    0.0000000e+00
       461    0.0000000e+00
       462    0.0000000e+00
       463    0.0000000e+00
       464    0.0000000e+00
       465    0.0000000e+00
       466    0.0000000e+00
       467    0.0000000e+00
       468    0.0000000e+00
       469    0.0000000e+00
       470    0.0000000e+00
       471    0.0000000e+00
       472    0.0000000e+00
       473    0.0000000e+00
       474    0.0000000e+00
       475    0.0000000e+00
       476    0.0000000e+00
       477    0.0000000e+00
       478    0.0000000e+00
       479    0.0000000e+00
       480    0.0000000e+00
       481    0.0000000e+00
       482    0.0000000e+00
       483    0.0000000e+00
       484    0.0000000e+00
       485    0.0000000e+00
       486    0.0000000e+00
       487    0.0000000e+00
       488    0.0000000e+00
       489    0.0000000e+00
       490    0.0000000e+00
       491    0.0000000e+00
       492    0.0000000e+00
       493    0.0000000e+00
       494    0.0000000e+00
       495    0.0000000e+00
       496    0.0000000e+00
       497    0.0000000e+00
       498    0.0000000e+00
       499    0.0000000e+00
       500    0.0000000e+00
       501    0.0000000e+00
       502    0.0000000e+00
       503    0.0000000e+00
       504    0.0000000e+00
       505    0.0000000e+00
       506    0.0000000e+00
       507    0.0000000e+00
       508    0.0000000e+00
       509    0.0000000e+00
       510    0.0000000e+00
       511    0.0000000e+00
       512    0.0000000e+00
