         1    9.9999976e-01
         2    9.9999976e-01
         3    9.9999976e-01
         4    9.9999976e-01
         5    9.9999976e-01
         6    9.9999976e-01
         7    9.9999976e-01
         8    9.9999976e-01
         9    9.9999970e-01
        10    9.9999952e-01
        11    9.9999923e-01
        12    9.9999875e-01
        13    9.9999791e-01
        14    9.9999648e-01
        15    9.9999404e-01
        16    9.9998993e-01
        17    9.9998277e-01
        18    9.9997061e-01
        19    9.9994969e-01
        20    9.9991387e-01
        21    9.9985236e-01
        22    9.9974656e-01
        23    9.9956453e-01
        24    9.9925137e-01
        25    9.9871218e-01
        26    9.9778402e-01
        27    9.9618679e-01
        28    9.9344146e-01
        29    9.8873436e-01
        30    9.8070043e-01
        31    9.6709961e-01
        32    9.4439769e-01
        33    9.0740246e-01
        34    8.4945422e-01
        35    7.6421022e-01
        36    6.5002376e-01
        37    5.1531255e-01
        38    3.7861151e-01
        39    2.5943387e-01
        40    1.6821323e-01
        41    1.0488277e-01
        42    6.3742206e-02
        43    3.8127966e-02
        44    2.2590591e-02
        45    1.3311123e-02
        46    7.8191487e-03
        47    4.5855460e-03
        48    2.6870766e-03
        49    1.5741359e-03
        50    9.2214864e-04
        51    5.4028694e-04
        52    3.1662686e-04
        53    1.8560313e-04
        54    1.0882749e-04
        55    6.3826461e-05
        56    3.7441972e-05
        57    2.1968235e-05
        58    1.2891082e-05
        59    7.5651610e-06
        60    4.4397266e-06
        61    2.6054145e-06
        62    1.5288057e-06
        63    8.9692151e-07
        64    5.2608385e-07
        65    3.0847920e-07
        66    1.8081715e-07
        67    1.0594228e-07
        68    6.2042410e-08
        69    3.6313800e-08
        70    2.1241851e-08
        71    1.2417204e-08
        72    7.2533330e-09
        73    4.2335291e-09
        74    2.4687856e-09
        75    1.4382673e-09
        76    8.3699664e-10
        77    4.8649695e-10
        78    2.8238628e-10
        79    1.6365832e-10
        80    9.4683886e-11
        81    5.4671101e-11
        82    3.1497145e-11
        83    1.8100564e-11
        84    1.0372534e-11
        85    5.9252043e-12
        86    3.3728131e-12
        87    1.9124444e-12
        88    1.0797526e-12
        89    6.0677250e-13
        90    3.3924911e-13
        91    1.8863719e-13
        92    1.0427434e-13
        93    5.7279255e-14
        94    3.1254977e-14
        95    1.6934792e-14
        96    9.1079801e-15
        97    4.8606537e-15
        98    2.5730796e-15
        99    1.3507039e-15
       100    7.0288626e-16
       101    3.6249691e-16
       102    1.8522571e-16
       103    9.3748852e-17
       104    4.6988842e-17
       105    2.3317940e-17
       106    1.1454089e-17
       107    5.5682598e-18
       108    2.6784640e-18
       109    1.2746267e-18
       110    5.9998300e-19
       111    2.7930940e-19
       112    1.2857557e-19
       113    5.8518976e-20
       114    2.6329497e-20
       115    1.1709570e-20
       116    5.1468272e-21
       117    2.2355711e-21
       118    9.5948862e-22
       119    4.0686255e-22
       120    1.7043862e-22
       121    7.0527447e-23
       122    2.8825514e-23
       123    1.1635496e-23
       124    4.6381302e-24
       125    1.8256328e-24
       126    7.0951165e-25
       127    2.7223582e-25
       128    1.0311819e-25
       129    3.8556245e-26
       130    1.4229491e-26
       131    5.1830496e-27
       132    1.8631556e-27
       133    6.6091772e-28
       134    2.3133808e-28
       135    7.9894237e-29
       136    2.7221964e-29
       137    9.1501112e-30
       138    3.0339148e-30
       139    9.9224183e-31
       140    3.2006325e-31
       141    1.0181810e-31
       142    3.1941235e-32
       143    9.8805744e-33
       144    3.0135785e-33
       145    9.0618823e-34
       146    2.6863040e-34
       147    7.8497837e-35
       148    2.2609470e-35
       149    6.4182601e-36
       150    1.7955678e-36
       151    4.9500193e-37
       152    1.3446051e-37
       153    3.5985457e-38
       154    9.4877841e-39
       155    2.4641567e-39
       156    6.3037271e-40
       157    1.5882177e-40
       158    3.9405914e-41
       159    9.6269204e-42
       160    2.3163464e-42
       161    5.4790770e-43
       162    1.2751816e-43
       163    2.9427268e-44
       164    7.0064923e-45
       165    1.4012985e-45
       166    0.0000000e+00
       167    0.0000000e+00
       168    0.0000000e+00
       169    0.0000000e+00
       170    0.0000000e+00
       171    0.0000000e+00
       172    0.0000000e+00
       173    0.0000000e+00
       174    0.0000000e+00
       175    0.0000000e+00
       176    0.0000000e+00
       177    0.0000000e+00
       178    0.0000000e+00
       179    0.0000000e+00
       180    0.0000000e+00
       181    0.0000000e+00
       182    0.0000000e+00
       183    0.0000000e+00
       184    0.0000000e+00
       185    0.0000000e+00
       186    0.0000000e+00
       187    0.0000000e+00
       188    0.0000000e+00
       189    0.0000000e+00
       190    0.0000000e+00
       191    0.0000000e+00
       192    0.0000000e+00
       193    0.0000000e+00
       194    0.0000000e+00
       195    0.0000000e+00
       196    0.0000000e+00
       197    0.0000000e+00
       198    0.0000000e+00
       199    0.0000000e+00
       200    0.0000000e+00
       201    0.0000000e+00
       202    0.0000000e+00
       203    0.0000000e+00
       204    0.0000000e+00
       205    0.0000000e+00
       206    0.0000000e+00
       207    0.0000000e+00
       208    0.0000000e+00
       209    0.0000000e+00
       210    0.0000000e+00
       211    0.0000000e+00
       212    0.0000000e+00
       213    0.0000000e+00
       214    0.0000000e+00
       215    0.0000000e+00
       216    0.0000000e+00
       217    0.0000000e+00
       218    0.0000000e+00
       219    0.0000000e+00
       220    0.0000000e+00
       221    0.0000000e+00
       222    0.0000000e+00
       223    0.0000000e+00
       224    0.0000000e+00
       225    0.0000000e+00
       226    0.0000000e+00
       227    0.0000000e+00
       228    0.0000000e+00
       229    0.0000000e+00
       230    0.0000000e+00
       231    0.0000000e+00
       232    0.0000000e+00
       233    0.0000000e+00
       234    0.0000000e+00
       235    0.0000000e+00
       236    0.0000000e+00
       237    0.0000000e+00
       238    0.0000000e+00
       239    0.0000000e+00
       240    0.0000000e+00
       241    0.0000000e+00
       242    0.0000000e+00
       243    0.0000000e+00
       244    0.0000000e+00
       245    0.0000000e+00
       246    0.0000000e+00
       247    0.0000000e+00
       248    0.0000000e+00
       249    0.0000000e+00
       250    0.0000000e+00
       251    0.0000000e+00
       252    0.0000000e+00
       253    0.0000000e+00
       254    0.0000000e+00
       255    0.0000000e+00
       256    0.0000000e+00
       257    0.0000000e+00
       258    0.0000000e+00
       259    0.0000000e+00
       260    0.0000000e+00
       261    0.0000000e+00
       262    0.0000000e+00
       263    0.0000000e+00
       264    0.0000000e+00
       265    0.0000000e+00
       266    0.0000000e+00
       267    0.0000000e+00
       268    0.0000000e+00
       269    0.0000000e+00
       270    0.0000000e+00
       271    0.0000000e+00
       272    0.0000000e+00
       273    0.0000000e+00
       274    0.0000000e+00
       275    0.0000000e+00
       276    0.0000000e+00
       277    0.0000000e+00
       278    0.0000000e+00
       279    0.0000000e+00
       280    0.0000000e+00
       281    0.0000000e+00
       282    0.0000000e+00
       283    0.0000000e+00
       284    0.0000000e+00
       285    0.0000000e+00
       286    0.0000000e+00
       287    0.0000000e+00
       288    0.0000000e+00
       289    0.0000000e+00
       290    0.0000000e+00
       291    0.0000000e+00
       292    0.0000000e+00
       293    0.0000000e+00
       294    0.0000000e+00
       295    0.0000000e+00
       296    0.0000000e+00
       297    0.0000000e+00
       298    0.0000000e+00
       299    0.0000000e+00
       300    0.0000000e+00
       301    0.0000000e+00
       302    0.0000000e+00
       303    0.0000000e+00
       304    0.0000000e+00
       305    0.0000000e+00
       306    0.0000000e+00
       307    0.0000000e+00
       308    0.0000000e+00
       309    0.0000000e+00
       310    0.0000000e+00
       311    0.0000000e+00
       312    0.0000000e+00
       313    0.0000000e+00
       314    0.0000000e+00
       315    0.0000000e+00
       316    0.0000000e+00
       317    0.0000000e+00
       318    0.0000000e+00
       319    0.0000000e+00
       320    0.0000000e+00
       321    0.0000000e+00
       322    0.0000000e+00
       323    0.0000000e+00
       324    0.0000000e+00
       325    0.0000000e+00
       326    0.0000000e+00
       327    0.0000000e+00
       328    0.0000000e+00
       329    0.0000000e+00
       330    0.0000000e+00
       331    0.0000000e+00
       332    0.0000000e+00
       333    0.0000000e+00
       334    0.0000000e+00
       335    0.0000000e+00
       336    0.0000000e+00
       337    0.0000000e+00
       338    0.0000000e+00
       339    0.0000000e+00
       340    0.0000000e+00
       341    0.0000000e+00
       342    0.0000000e+00
       343    0.0000000e+00
       344    0.0000000e+00
       345    0.0000000e+00
       346    0.0000000e+00
       347    0.0000000e+00
       348    0.0000000e+00
       349    0.0000000e+00
       350    0.0000000e+00
       351    0.0000000e+00
       352    0.0000000e+00
       353    0.0000000e+00
       354    0.0000000e+00
       355    0.0000000e+00
       356    0.0000000e+00
       357    0.0000000e+00
       358    0.0000000e+00
       359    0.0000000e+00
       360    0.0000000e+00
       361    0.0000000e+00
       362    0.0000000e+00
       363    0.0000000e+00
       364    0.0000000e+00
       365    0.0000000e+00
       366    0.0000000e+00
       367    0.0000000e+00
       368    0.0000000e+00
       369    0.0000000e+00
       370    0.0000000e+00
       371    0.0000000e+00
       372    0.0000000e+00
       373    0.0000000e+00
       374    0.0000000e+00
       375    0.0000000e+00
       376    0.0000000e+00
       377    0.0000000e+00
       378    0.0000000e+00
       379    0.0000000e+00
       380    0.0000000e+00
       381    0.0000000e+00
       382    0.0000000e+00
       383    0.0000000e+00
       384    0.0000000e+00
       385    0.0000000e+00
       386    0.0000000e+00
       387    0.0000000e+00
       388    0.0000000e+00
       389    0.0000000e+00
       390    0.0000000e+00
       391    0.0000000e+00
       392    0.0000000e+00
       393    0.0000000e+00
       394    0.0000000e+00
       395    0.0000000e+00
       396    0.0000000e+00
       397    0.0000000e+00
       398    0.0000000e+00
       399    0.0000000e+00
       400    0.0000000e+00
       401    0.0000000e+00
       402    0.0000000e+00
       403    0.0000000e+00
       404    0.0000000e+00
       405    0.0000000e+00
       406    0.0000000e+00
       407    0.0000000e+00
       408    0.0000000e+00
       409    0.0000000e+00
       410    0.0000000e+00
       411    0.0000000e+00
       412    0.0000000e+00
       413    0.0000000e+00
       414    0.0000000e+00
       415    0.0000000e+00
       416    0.0000000e+00
       417    0.0000000e+00
       418    0.0000000e+00
       419    0.0000000e+00
       420    0.0000000e+00
       421    0.0000000e+00
       422    0.0000000e+00
       423    0.0000000e+00
       424    0.0000000e+00
       425    0.0000000e+00
       426    0.0000000e+00
       427    0.0000000e+00
       428    0.0000000e+00
       429    0.0000000e+00
       430    0.0000000e+00
       431    0.0000000e+00
       432    0.0000000e+00
       433    0.0000000e+00
       434    0.0000000e+00
       435    0.0000000e+00
       436    0.0000000e+00
       437    0.0000000e+00
       438    0.0000000e+00
       439    0.0000000e+00
       440    0.0000000e+00
       441    0.0000000e+00
       442    0.0000000e+00
       443    0.0000000e+00
       444    0.0000000e+00
       445    0.0000000e+00
       446    0.0000000e+00
       447    0.0000000e+00
       448    0.0000000e+00
       449    0.0000000e+00
       450    0.0000000e+00
       451    0.0000000e+00
       452    0.0000000e+00
       453    0.0000000e+00
       454    0.0000000e+00
       455    0.0000000e+00
       456    0.0000000e+00
       457    0.0000000e+00
       458    0.0000000e+00
       459    0.0000000e+00
       460    0.0000000e+00
       461    0.0000000e+00
       462    0.0000000e+00
       463    0.0000000e+00
       464    0.0000000e+00
       465    0.0000000e+00
       466    0.0000000e+00
       467    0.0000000e+00
       468    0.0000000e+00
       469    0.0000000e+00
       470    0.0000000e+00
       471    0.0000000e+00
       472    0.0000000e+00
       473    0.0000000e+00
       474    0.0000000e+00
       475    0.0000000e+00
       476    0.0000000e+00
       477    0.0000000e+00
       478    0.0000000e+00
       479    0.0000000e+00
       480    0.0000000e+00
       481    0.0000000e+00
       482    0.0000000e+00
       483    0.0000000e+00
       484    0.0000000e+00
       485    0.0000000e+00
       486    0.0000000e+00
       487    0.0000000e+00
       488    0.0000000e+00
       489    0.0000000e+00
       490    0.0000000e+00
       491    0.0000000e+00
       492    0.0000000e+00
       493    0.0000000e+00
       494    0.0000000e+00
       495    0.0000000e+00
       496    0.0000000e+00
       497    0.0000000e+00
       498    0.0000000e+00
       499    0.0000000e+00
       500    0.0000000e+00
       501    0.0000000e+00
       502    0.0000000e+00
       503    0.0000000e+00
       504    0.0000000e+00
       505    0.0000000e+00
       506    0.0000000e+00
       507    0.0000000e+00
       508    0.0000000e+00
       509    0.0000000e+00
       510    0.0000000e+00
       511    0.0000000e+00
       512    0.0000000e+00
