         1    9.9999976e-01
         2    9.9999976e-01
         3    9.9999976e-01
         4    9.9999976e-01
         5    9.9999976e-01
         6    9.9999976e-01
         7    9.9999976e-01
         8    9.9999976e-01
         9    9.9999976e-01
        10    9.9999976e-01
        11    9.9999976e-01
        12    9.9999976e-01
        13    9.9999976e-01
        14    9.9999976e-01
        15    9.9999976e-01
        16    9.9999976e-01
        17    9.9999976e-01
        18    9.9999976e-01
        19    9.9999976e-01
        20    9.9999976e-01
        21    9.9999976e-01
        22    9.9999976e-01
        23    9.9999976e-01
        24    9.9999976e-01
        25    9.9999976e-01
        26    9.9999976e-01
        27    9.9999976e-01
        28    9.9999976e-01
        29    9.9999976e-01
        30    9.9999976e-01
        31    9.9999976e-01
        32    9.9999976e-01
        33    9.9999976e-01
        34    9.9999976e-01
        35    9.9999976e-01
        36    9.9999976e-01
        37    9.9999976e-01
        38    9.9999976e-01
        39    9.9999976e-01
        40    9.9999976e-01
        41    9.9999976e-01
        42    9.9999976e-01
        43    9.9999976e-01
        44    9.9999976e-01
        45    9.9999976e-01
        46    9.9999976e-01
        47    9.9999976e-01
        48    9.9999976e-01
        49    9.9999976e-01
        50    9.9999976e-01
        51    9.9999976e-01
        52    9.9999976e-01
        53    9.9999976e-01
        54    9.9999976e-01
        55    9.9999976e-01
        56    9.9999976e-01
        57    9.9999976e-01
        58    9.9999976e-01
        59    9.9999976e-01
        60    9.9999976e-01
        61    9.9999976e-01
        62    9.9999976e-01
        63    9.9999976e-01
        64    9.9999976e-01
        65    9.9999976e-01
        66    9.9999976e-01
        67    9.9999976e-01
        68    9.9999976e-01
        69    9.9999976e-01
        70    9.9999976e-01
        71    9.9999976e-01
        72    9.9999976e-01
        73    9.9999976e-01
        74    9.9999976e-01
        75    9.9999976e-01
        76    9.9999976e-01
        77    9.9999976e-01
        78    9.9999976e-01
        79    9.9999976e-01
        80    9.9999976e-01
        81    9.9999976e-01
        82    9.9999976e-01
        83    9.9999976e-01
        84    9.9999976e-01
        85    9.9999976e-01
        86    9.9999976e-01
        87    9.9999976e-01
        88    9.9999976e-01
        89    9.9999976e-01
        90    9.9999976e-01
        91    9.9999976e-01
        92    9.9999976e-01
        93    9.9999976e-01
        94    9.9999976e-01
        95    9.9999976e-01
        96    9.9999976e-01
        97    9.9999976e-01
        98    9.9999976e-01
        99    9.9999976e-01
       100    9.9999976e-01
       101    9.9999976e-01
       102    9.9999976e-01
       103    9.9999976e-01
       104    9.9999976e-01
       105    9.9999976e-01
       106    9.9999976e-01
       107    9.9999976e-01
       108    9.9999976e-01
       109    9.9999976e-01
       110    9.9999976e-01
       111    9.9999976e-01
       112    9.9999976e-01
       113    9.9999976e-01
       114    9.9999976e-01
       115    9.9999976e-01
       116    9.9999976e-01
       117    9.9999976e-01
       118    9.9999976e-01
       119    9.9999970e-01
       120    9.9999952e-01
       121    9.9999928e-01
       122    9.9999875e-01
       123    9.9999785e-01
       124    9.9999630e-01
       125    9.9999362e-01
       126    9.9998897e-01
       127    9.9998093e-01
       128    9.9996698e-01
       129    9.9994272e-01
       130    9.9990082e-01
       131    9.9982816e-01
       132    9.9970233e-01
       133    9.9948436e-01
       134    9.9910682e-01
       135    9.9845332e-01
       136    9.9732274e-01
       137    9.9536926e-01
       138    9.9200076e-01
       139    9.8621285e-01
       140    9.7632879e-01
       141    9.5962638e-01
       142    9.3190122e-01
       143    8.8722944e-01
       144    8.1865233e-01
       145    7.2099286e-01
       146    5.9619230e-01
       147    4.5751071e-01
       148    3.2558286e-01
       149    2.1714178e-01
       150    1.3791466e-01
       151    8.4717676e-02
       152    5.0937068e-02
       153    3.0224521e-02
       154    1.7792471e-02
       155    1.0424872e-02
       156    6.0912753e-03
       157    3.5534485e-03
       158    2.0710523e-03
       159    1.2064354e-03
       160    7.0257066e-04
       161    4.0907948e-04
       162    2.3817242e-04
       163    1.3866324e-04
       164    8.0728867e-05
       165    4.7000329e-05
       166    2.7364114e-05
       167    1.5932084e-05
       168    9.2763230e-06
       169    5.4012221e-06
       170    3.1450063e-06
       171    1.8313217e-06
       172    1.0664035e-06
       173    6.2100111e-07
       174    3.6164059e-07
       175    2.1060853e-07
       176    1.2265602e-07
       177    7.1435785e-08
       178    4.1606093e-08
       179    2.4233284e-08
       180    1.4115030e-08
       181    8.2217753e-09
       182    4.7892081e-09
       183    2.7898199e-09
       184    1.6251859e-09
       185    9.4676966e-10
       186    5.5156935e-10
       187    3.2134420e-10
       188    1.8722135e-10
       189    1.0908247e-10
       190    6.3557860e-11
       191    3.7033807e-11
       192    2.1579547e-11
       193    1.2574803e-11
       194    7.3278241e-12
       195    4.2703549e-12
       196    2.4886744e-12
       197    1.4503986e-12
       198    8.4532164e-13
       199    4.9268803e-13
       200    2.8716897e-13
       201    1.6738580e-13
       202    9.7569786e-14
       203    5.6875850e-14
       204    3.3155556e-14
       205    1.9328614e-14
       206    1.1268372e-14
       207    6.5695837e-15
       208    3.8302830e-15
       209    2.2332653e-15
       210    1.3021659e-15
       211    7.5929230e-16
       212    4.4276014e-16
       213    2.5819330e-16
       214    1.5057005e-16
       215    8.7811092e-17
       216    5.1212694e-17
       217    2.9869184e-17
       218    1.7421552e-17
       219    1.0161743e-17
       220    5.9274447e-18
       221    3.4576824e-18
       222    2.0170704e-18
       223    1.1767266e-18
       224    6.8651302e-19
       225    4.0053548e-19
       226    2.3369657e-19
       227    1.3635875e-19
       228    7.9567046e-20
       229    4.6430488e-20
       230    2.7095256e-20
       231    1.5812608e-20
       232    9.2285657e-21
       233    5.3862391e-21
       234    3.1438223e-21
       235    1.8350655e-21
       236    1.0711904e-21
       237    6.2532168e-22
       238    3.6505842e-22
       239    2.1312952e-22
       240    1.2443641e-22
       241    7.2656469e-23
       242    4.2425249e-23
       243    2.4774110e-23
       244    1.4467573e-23
       245    8.4492391e-24
       246    4.9347387e-24
       247    2.8822775e-24
       248    1.6835763e-24
       249    9.8345751e-25
       250    5.7451931e-25
       251    3.3564508e-25
       252    1.9610246e-25
       253    1.1458120e-25
       254    6.6953244e-26
       255    3.9125362e-26
       256    2.2865150e-26
       257    1.3363469e-26
       258    7.8107791e-27
       259    4.5656226e-27
       260    2.6689271e-27
       261    1.5602890e-27
       262    9.1223261e-28
       263    5.3338274e-28
       264    3.1189309e-28
       265    1.8239233e-28
       266    1.0666994e-28
       267    6.2389706e-29
       268    3.6493857e-29
       269    2.1348300e-29
       270    1.2489476e-29
       271    7.3074055e-30
       272    4.2758353e-30
       273    2.5021782e-30
       274    1.4643866e-30
       275    8.5710522e-31
       276    5.0171171e-31
       277    2.9370864e-31
       278    1.7195794e-31
       279    1.0068658e-31
       280    5.8961080e-32
       281    3.4530626e-32
       282    2.0225033e-32
       283    1.1847330e-32
       284    6.9406270e-33
       285    4.0665349e-33
       286    2.3828589e-33
       287    1.3964349e-33
       288    8.1844951e-34
       289    4.7974702e-34
       290    2.8124327e-34
       291    1.6489275e-34
       292    9.6687556e-35
       293    5.6700797e-35
       294    3.3255016e-35
       295    1.9506271e-35
       296    1.1443003e-35
       297    6.7135744e-36
       298    3.9392628e-36
       299    2.3116526e-36
       300    1.3566739e-36
       301    7.9629213e-37
       302    4.6742501e-37
       303    2.7440516e-37
       304    1.6110592e-37
       305    9.4594855e-38
       306    5.5546642e-38
       307    3.2619692e-38
       308    1.9157137e-38
       309    1.1251411e-38
       310    6.6085376e-39
       311    3.8817018e-39
       312    2.2800962e-39
       313    1.3393499e-39
       314    7.8675622e-40
       315    4.6215384e-40
       316    2.7147495e-40
       317    1.5946356e-40
       318    9.3664191e-41
       319    5.5013576e-41
       320    3.2308337e-41
       321    1.8973581e-41
       322    1.1140323e-41
       323    6.5398599e-42
       324    3.8381565e-42
       325    2.2518866e-42
       326    1.3214245e-42
       327    7.7351675e-43
       328    4.5261940e-43
       329    2.6484541e-43
       330    1.5414283e-43
       331    8.9683102e-44
       332    5.1848043e-44
       333    2.9427268e-44
       334    1.5414283e-44
       335    7.0064923e-45
       336    2.8025969e-45
       337    0.0000000e+00
       338    0.0000000e+00
       339    0.0000000e+00
       340    0.0000000e+00
       341    0.0000000e+00
       342    0.0000000e+00
       343    0.0000000e+00
       344    0.0000000e+00
       345    0.0000000e+00
       346    0.0000000e+00
       347    0.0000000e+00
       348    0.0000000e+00
       349    0.0000000e+00
       350    0.0000000e+00
       351    0.0000000e+00
       352    0.0000000e+00
       353    0.0000000e+00
       354    0.0000000e+00
       355    0.0000000e+00
       356    0.0000000e+00
       357    0.0000000e+00
       358    0.0000000e+00
       359    0.0000000e+00
       360    0.0000000e+00
       361    0.0000000e+00
       362    0.0000000e+00
       363    0.0000000e+00
       364    0.0000000e+00
       365    0.0000000e+00
       366    0.0000000e+00
       367    0.0000000e+00
       368    0.0000000e+00
       369    0.0000000e+00
       370    0.0000000e+00
       371    0.0000000e+00
       372    0.0000000e+00
       373    0.0000000e+00
       374    0.0000000e+00
       375    0.0000000e+00
       376    0.0000000e+00
       377    0.0000000e+00
       378    0.0000000e+00
       379    0.0000000e+00
       380    0.0000000e+00
       381    0.0000000e+00
       382    0.0000000e+00
       383    0.0000000e+00
       384    0.0000000e+00
       385    0.0000000e+00
       386    0.0000000e+00
       387    0.0000000e+00
       388    0.0000000e+00
       389    0.0000000e+00
       390    0.0000000e+00
       391    0.0000000e+00
       392    0.0000000e+00
       393    0.0000000e+00
       394    0.0000000e+00
       395    0.0000000e+00
       396    0.0000000e+00
       397    0.0000000e+00
       398    0.0000000e+00
       399    0.0000000e+00
       400    0.0000000e+00
       401    0.0000000e+00
       402    0.0000000e+00
       403    0.0000000e+00
       404    0.0000000e+00
       405    0.0000000e+00
       406    0.0000000e+00
       407    0.0000000e+00
       408    0.0000000e+00
       409    0.0000000e+00
       410    0.0000000e+00
       411    0.0000000e+00
       412    0.0000000e+00
       413    0.0000000e+00
       414    0.0000000e+00
       415    0.0000000e+00
       416    0.0000000e+00
       417    0.0000000e+00
       418    0.0000000e+00
       419    0.0000000e+00
       420    0.0000000e+00
       421    0.0000000e+00
       422    0.0000000e+00
       423    0.0000000e+00
       424    0.0000000e+00
       425    0.0000000e+00
       426    0.0000000e+00
       427    0.0000000e+00
       428    0.0000000e+00
       429    0.0000000e+00
       430    0.0000000e+00
       431    0.0000000e+00
       432    0.0000000e+00
       433    0.0000000e+00
       434    0.0000000e+00
       435    0.0000000e+00
       436    0.0000000e+00
       437    0.0000000e+00
       438    0.0000000e+00
       439    0.0000000e+00
       440    0.0000000e+00
       441    0.0000000e+00
       442    0.0000000e+00
       443    0.0000000e+00
       444    0.0000000e+00
       445    0.0000000e+00
       446    0.0000000e+00
       447    0.0000000e+00
       448    0.0000000e+00
       449    0.0000000e+00
       450    0.0000000e+00
       451    0.0000000e+00
       452    0.0000000e+00
       453    0.0000000e+00
       454    0.0000000e+00
       455    0.0000000e+00
       456    0.0000000e+00
       457    0.0000000e+00
       458    0.0000000e+00
       459    0.0000000e+00
       460    0.0000000e+00
       461    0.0000000e+00
       462    0.0000000e+00
       463    0.0000000e+00
       464    0.0000000e+00
       465    0.0000000e+00
       466    0.0000000e+00
       467    0.0000000e+00
       468    0.0000000e+00
       469    0.0000000e+00
       470    0.0000000e+00
       471    0.0000000e+00
       472    0.0000000e+00
       473    0.0000000e+00
       474    0.0000000e+00
       475    0.0000000e+00
       476    0.0000000e+00
       477    0.0000000e+00
       478    0.0000000e+00
       479    0.0000000e+00
       480    0.0000000e+00
       481    0.0000000e+00
       482    0.0000000e+00
       483    0.0000000e+00
       484    0.0000000e+00
       485    0.0000000e+00
       486    0.0000000e+00
       487    0.0000000e+00
       488    0.0000000e+00
       489    0.0000000e+00
       490    0.0000000e+00
       491    0.0000000e+00
       492    0.0000000e+00
       493    0.0000000e+00
       494    0.0000000e+00
       495    0.0000000e+00
       496    0.0000000e+00
       497    0.0000000e+00
       498    0.0000000e+00
       499    0.0000000e+00
       500    0.0000000e+00
       501    0.0000000e+00
       502    0.0000000e+00
       503    0.0000000e+00
       504    0.0000000e+00
       505    0.0000000e+00
       506    0.0000000e+00
       507    0.0000000e+00
       508    0.0000000e+00
       509    0.0000000e+00
       510    0.0000000e+00
       511    0.0000000e+00
       512    0.0000000e+00
