    20    2.4999999e-01    1.0799415e+01     21    3.1976599e+00
    40    4.9999997e-01    1.1595477e+01     23    3.1842503e+00
    60    7.4999994e-01    1.2390149e+01     24    3.1786878e+00
    80    9.9999994e-01    1.3192751e+01     26    3.2104074e+00
   100    1.2499999e+00    1.3995585e+01     27    3.2113351e+00
   120    1.4999999e+00    1.4801970e+01     29    3.2255414e+00
   140    1.7499999e+00    1.5613385e+01     31    3.2456594e+00
   160    1.9999999e+00    1.6422955e+01     32    3.2382816e+00
   180    2.2499998e+00    1.7238737e+01     34    3.2631290e+00
   200    2.4999998e+00    1.8056009e+01     36    3.2690880e+00
   220    2.7499998e+00    1.8872317e+01     37    3.2652317e+00
   240    2.9999998e+00    1.9694629e+01     39    3.2892497e+00
   260    3.2499998e+00    2.0516225e+01     41    3.2863829e+00
   280    3.4999998e+00    2.1338585e+01     42    3.2894388e+00
   300    3.7499998e+00    2.2165766e+01     44    3.3087274e+00
   320    3.9999998e+00    2.2990960e+01     45    3.3007748e+00
   340    4.2499995e+00    2.3818333e+01     47    3.3094914e+00
   360    4.4999995e+00    2.4649376e+01     49    3.3241743e+00
   380    4.7499995e+00    2.5477888e+01     50    3.3140461e+00
   400    4.9999995e+00    2.6309111e+01     52    3.3248946e+00
   420    5.2499995e+00    2.7143373e+01     54    3.3370454e+00
   440    5.4999995e+00    2.7974893e+01     55    3.3260806e+00
   460    5.7499995e+00    2.8809098e+01     57    3.3368199e+00
   480    5.9999995e+00    2.9646115e+01     59    3.3480685e+00
   500    6.2499995e+00    3.0480376e+01     60    3.3370454e+00
   520    6.4999995e+00    3.1316882e+01     62    3.3460240e+00
   540    6.7499995e+00    3.2156291e+01     64    3.3576364e+00
   560    6.9999995e+00    3.2993139e+01     65    3.3473918e+00
   580    7.2499995e+00    3.3831377e+01     67    3.3529507e+00
   600    7.4999995e+00    3.4672841e+01     69    3.3658582e+00
   620    7.7499995e+00    3.5512247e+01     71    3.3576218e+00
   640    7.9999995e+00    3.6351703e+01     72    3.3578256e+00
   660    8.2499990e+00    3.7194895e+01     74    3.3727704e+00
   680    8.4999990e+00    3.8036720e+01     76    3.3672989e+00
   700    8.7499990e+00    3.8877184e+01     77    3.3618564e+00
   720    8.9999990e+00    3.9721759e+01     79    3.3783001e+00
   740    9.2499990e+00    4.0565792e+01     81    3.3761319e+00
   760    9.4999990e+00    4.1407289e+01     82    3.3659892e+00
   780    9.7499990e+00    4.2252872e+01     84    3.3823310e+00
   800    9.9999990e+00    4.3098840e+01     86    3.3838735e+00
   820    1.0249999e+01    4.3941618e+01     87    3.3711115e+00
   840    1.0499999e+01    4.4787783e+01     89    3.3846593e+00
   860    1.0749999e+01    4.5635370e+01     91    3.3903491e+00
   880    1.0999999e+01    4.6479872e+01     92    3.3780091e+00
   900    1.1249999e+01    4.7326168e+01     94    3.3851832e+00
   920    1.1499999e+01    4.8174992e+01     96    3.3952967e+00
   940    1.1749999e+01    4.9021764e+01     98    3.3870895e+00
   960    1.1999999e+01    4.9867780e+01     99    3.3840627e+00
   980    1.2249999e+01    5.0717419e+01    101    3.3985564e+00
  1000    1.2499999e+01    5.1566265e+01    103    3.3953841e+00
  1020    1.2749999e+01    5.2412466e+01    104    3.3848048e+00
  1040    1.2999999e+01    5.3262444e+01    106    3.3999097e+00
  1060    1.3249999e+01    5.4112938e+01    108    3.4019761e+00
  1080    1.3499999e+01    5.4960154e+01    109    3.3888648e+00
  1100    1.3749999e+01    5.5809938e+01    111    3.3991384e+00
  1120    1.3999999e+01    5.6661600e+01    113    3.4066472e+00
  1140    1.4249999e+01    5.7510821e+01    115    3.3968829e+00
  1160    1.4499999e+01    5.8359848e+01    116    3.3961117e+00
  1180    1.4749999e+01    5.9212147e+01    118    3.4091938e+00
  1200    1.4999999e+01    6.0063467e+01    120    3.4052794e+00
  1220    1.5249999e+01    6.0912182e+01    121    3.3948602e+00
  1240    1.5499999e+01    6.1764549e+01    123    3.4094703e+00
  1260    1.5749999e+01    6.2617415e+01    125    3.4114639e+00
  1280    1.5999999e+01    6.3467021e+01    126    3.3984254e+00
  1300    1.6249998e+01    6.4318825e+01    128    3.4072148e+00
  1320    1.6499998e+01    6.5172651e+01    130    3.4153056e+00
  1340    1.6749998e+01    6.6024368e+01    132    3.4068655e+00
  1360    1.6999998e+01    6.6875073e+01    133    3.4028201e+00
  1380    1.7249998e+01    6.7729226e+01    135    3.4166153e+00
  1400    1.7499998e+01    6.8582856e+01    137    3.4145198e+00
  1420    1.7749998e+01    6.9433416e+01    138    3.4022380e+00
  1440    1.7999998e+01    7.0287228e+01    140    3.4152474e+00
  1460    1.8249998e+01    7.1142109e+01    142    3.4195257e+00
  1480    1.8499998e+01    7.1994080e+01    143    3.4078842e+00
  1500    1.8749998e+01    7.2846815e+01    145    3.4109401e+00
  1520    1.8999998e+01    7.3702264e+01    147    3.4217958e+00
  1540    1.9249998e+01    7.4556425e+01    149    3.4166444e+00
  1560    1.9499998e+01    7.5408178e+01    150    3.4070110e+00
  1580    1.9749998e+01    7.6263466e+01    152    3.4211555e+00
  1600    1.9999998e+01    7.7119148e+01    154    3.4227271e+00
  1620    2.0249998e+01    7.7971585e+01    155    3.4097468e+00
  1640    2.0499998e+01    7.8825942e+01    157    3.4174302e+00
  1660    2.0749998e+01    7.9682388e+01    159    3.4257830e+00
  1680    2.0999998e+01    8.0537000e+01    161    3.4184488e+00
  1700    2.1249998e+01    8.1389946e+01    162    3.4117841e+00
  1720    2.1499998e+01    8.2246377e+01    164    3.4257248e+00
  1740    2.1749998e+01    8.3102706e+01    166    3.4253173e+00
  1760    2.1999998e+01    8.3955776e+01    167    3.4122788e+00
  1780    2.2249998e+01    8.4811363e+01    169    3.4223488e+00
  1800    2.2499998e+01    8.5668617e+01    171    3.4290135e+00
  1820    2.2749998e+01    8.6523665e+01    173    3.4201951e+00
  1840    2.2999998e+01    8.7377681e+01    174    3.4160623e+00
  1860    2.3249998e+01    8.8235007e+01    176    3.4293046e+00
  1880    2.3499998e+01    8.9091925e+01    178    3.4276748e+00
  1900    2.3749998e+01    8.9945665e+01    179    3.4149564e+00
  1920    2.3999998e+01    9.0802219e+01    181    3.4262196e+00
  1940    2.4249998e+01    9.1660149e+01    183    3.4317202e+00
  1960    2.4499998e+01    9.2515671e+01    185    3.4220868e+00
  1980    2.4749998e+01    9.3370581e+01    186    3.4196421e+00
  2000    2.4999998e+01    9.4228650e+01    188    3.4322732e+00
  2020    2.5249998e+01    9.5086136e+01    190    3.4299449e+00
  2040    2.5499998e+01    9.5940508e+01    191    3.4174884e+00
  2060    2.5749998e+01    9.6797798e+01    193    3.4291591e+00
  2080    2.5999998e+01    9.7656346e+01    195    3.4341940e+00
  2100    2.6249998e+01    9.8512384e+01    197    3.4241532e+00
  2120    2.6499998e+01    9.9368001e+01    198    3.4224652e+00
  2140    2.6749998e+01    1.0022669e+02    200    3.4347470e+00
  2160    2.6999998e+01    1.0108473e+02    202    3.4321858e+00
  2180    2.7249998e+01    1.0193968e+02    203    3.4197876e+00
  2200    2.7499998e+01    1.0279757e+02    205    3.4315456e+00
  2220    2.7749998e+01    1.0365667e+02    207    3.4364059e+00
  2240    2.7999998e+01    1.0451329e+02    209    3.4264815e+00
  2260    2.8249998e+01    1.0536942e+02    210    3.4245315e+00
  2280    2.8499998e+01    1.0622862e+02    212    3.4368134e+00
  2300    2.8749998e+01    1.0708722e+02    214    3.4343977e+00
  2320    2.8999998e+01    1.0794271e+02    215    3.4219413e+00
  2340    2.9249998e+01    1.0880104e+02    217    3.4333209e+00
  2360    2.9499998e+01    1.0966066e+02    219    3.4384723e+00
  2380    2.9749998e+01    1.1051790e+02    221    3.4289844e+00
  2400    2.9999998e+01    1.1137439e+02    222    3.4259576e+00
  2420    3.0249998e+01    1.1223403e+02    224    3.4385305e+00
  2440    3.0499998e+01    1.1309320e+02    226    3.4366969e+00
  2460    3.0749998e+01    1.1394919e+02    227    3.4239786e+00
  2480    3.0999998e+01    1.1480783e+02    229    3.4345433e+00
  2500    3.1249998e+01    1.1566792e+02    231    3.4403640e+00
  2520    3.1499998e+01    1.1652584e+02    233    3.4316620e+00
  2540    3.1749998e+01    1.1738257e+02    234    3.4269472e+00
  2560    3.1999998e+01    1.1824255e+02    236    3.4398984e+00
  2580    3.2249996e+01    1.1910228e+02    238    3.4389379e+00
  2600    3.2499996e+01    1.1995879e+02    239    3.4260158e+00
  2620    3.2749996e+01    1.2081761e+02    241    3.4353000e+00
  2640    3.2999996e+01    1.2167812e+02    243    3.4420520e+00
  2660    3.3249996e+01    1.2253675e+02    245    3.4344851e+00
  2680    3.3499996e+01    1.2339365e+02    246    3.4276165e+00
  2700    3.3749996e+01    1.2425389e+02    248    3.4409461e+00
  2720    3.3999996e+01    1.2511415e+02    250    3.4410625e+00
  2740    3.4249996e+01    1.2597123e+02    251    3.4283150e+00
  2760    3.4499996e+01    1.2683011e+02    253    3.4355328e+00
  2780    3.4749996e+01    1.2769099e+02    255    3.4435072e+00
  2800    3.4999996e+01    1.2855029e+02    257    3.4372208e+00
  2820    3.5249996e+01    1.2940737e+02    258    3.4283150e+00
  2840    3.5499996e+01    1.3026777e+02    260    3.4415864e+00
  2860    3.5749996e+01    1.3112856e+02    262    3.4431580e+00
  2880    3.5999996e+01    1.3198628e+02    263    3.4308762e+00
  2900    3.6249996e+01    1.3284507e+02    265    3.4351835e+00
  2920    3.6499996e+01    1.3370626e+02    267    3.4447296e+00
  2940    3.6749996e+01    1.3456625e+02    269    3.4399566e+00
  2960    3.6999996e+01    1.3542353e+02    270    3.4291299e+00
  2980    3.7249996e+01    1.3628398e+02    272    3.4418192e+00
  3000    3.7499996e+01    1.3714522e+02    274    3.4449624e+00
