    20    2.4999999e-01    9.8932894e+01
    40    4.9999997e-01    1.1318793e+02
    60    7.4999994e-01    1.2851354e+02
    80    9.9999994e-01    1.4491843e+02
   100    1.2499999e+00    1.6240880e+02
   120    1.4999999e+00    1.8098968e+02
   140    1.7499999e+00    2.0066563e+02
   160    1.9999999e+00    2.2144083e+02
   180    2.2499998e+00    2.4331913e+02
   200    2.4999998e+00    2.6630411e+02
   220    2.7499998e+00    2.9039905e+02
   240    2.9999998e+00    3.1560700e+02
   260    3.2499998e+00    3.4193077e+02
   280    3.4999998e+00    3.6937296e+02
   300    3.7499998e+00    3.9793600e+02
   320    3.9999998e+00    4.2762214e+02
   340    4.2499995e+00    4.5843346e+02
   360    4.4999995e+00    4.9037194e+02
   380    4.7499995e+00    5.2343939e+02
   400    4.9999995e+00    5.5763754e+02
   420    5.2499995e+00    5.9296801e+02
   440    5.4999995e+00    6.2943230e+02
   460    5.7499995e+00    6.6703185e+02
   480    5.9999995e+00    7.0576801e+02
   500    6.2499995e+00    7.4564206e+02
   520    6.4999995e+00    7.8665520e+02
   540    6.7499995e+00    8.2880859e+02
   560    6.9999995e+00    8.7210330e+02
   580    7.2499995e+00    9.1654038e+02
   600    7.4999995e+00    9.6212081e+02
   620    7.7499995e+00    1.0088455e+03
   640    7.9999995e+00    1.0567154e+03
   660    8.2499990e+00    1.1057314e+03
   680    8.4999990e+00    1.1558942e+03
   700    8.7499990e+00    1.2072046e+03
   720    8.9999990e+00    1.2596634e+03
   740    9.2499990e+00    1.3132713e+03
   760    9.4999990e+00    1.3680290e+03
   780    9.7499990e+00    1.4239372e+03
   800    9.9999990e+00    1.4809964e+03
   820    1.0249999e+01    1.5392074e+03
   840    1.0499999e+01    1.5985706e+03
   860    1.0749999e+01    1.6590867e+03
   880    1.0999999e+01    1.7207562e+03
   900    1.1249999e+01    1.7835796e+03
   920    1.1499999e+01    1.8475574e+03
   940    1.1749999e+01    1.9126902e+03
   960    1.1999999e+01    1.9789783e+03
   980    1.2249999e+01    2.0464223e+03
  1000    1.2499999e+01    2.1150226e+03
  1020    1.2749999e+01    2.1847796e+03
  1040    1.2999999e+01    2.2556938e+03
  1060    1.3249999e+01    2.3277654e+03
  1080    1.3499999e+01    2.4009951e+03
  1100    1.3749999e+01    2.4753830e+03
  1120    1.3999999e+01    2.5509296e+03
  1140    1.4249999e+01    2.6276352e+03
  1160    1.4499999e+01    2.7055002e+03
  1180    1.4749999e+01    2.7845248e+03
  1200    1.4999999e+01    2.8647096e+03
  1220    1.5249999e+01    2.9460546e+03
  1240    1.5499999e+01    3.0285604e+03
  1260    1.5749999e+01    3.1122270e+03
  1280    1.5999999e+01    3.1970550e+03
  1300    1.6249998e+01    3.2830444e+03
  1320    1.6499998e+01    3.3701957e+03
  1340    1.6749998e+01    3.4585090e+03
  1360    1.6999998e+01    3.5479847e+03
  1380    1.7249998e+01    3.6386229e+03
  1400    1.7499998e+01    3.7304240e+03
  1420    1.7749998e+01    3.8233882e+03
  1440    1.7999998e+01    3.9175157e+03
  1460    1.8249998e+01    4.0128068e+03
  1480    1.8499998e+01    4.1092616e+03
  1500    1.8749998e+01    4.2068805e+03
  1520    1.8999998e+01    4.3056635e+03
  1540    1.9249998e+01    4.4056110e+03
  1560    1.9499998e+01    4.5067231e+03
  1580    1.9749998e+01    4.6090001e+03
  1600    1.9999998e+01    4.7124421e+03
  1620    2.0249998e+01    4.8170493e+03
  1640    2.0499998e+01    4.9228219e+03
  1660    2.0749998e+01    5.0297601e+03
  1680    2.0999998e+01    5.1378641e+03
  1700    2.1249998e+01    5.2471340e+03
  1720    2.1499998e+01    5.3575701e+03
  1740    2.1749998e+01    5.4691724e+03
  1760    2.1999998e+01    5.5819413e+03
  1780    2.2249998e+01    5.6958767e+03
  1800    2.2499998e+01    5.8109790e+03
  1820    2.2749998e+01    5.9272481e+03
  1840    2.2999998e+01    6.0446844e+03
  1860    2.3249998e+01    6.1632879e+03
  1880    2.3499998e+01    6.2830588e+03
  1900    2.3749998e+01    6.4039972e+03
  1920    2.3999998e+01    6.5261034e+03
  1940    2.4249998e+01    6.6493773e+03
  1960    2.4499998e+01    6.7738192e+03
  1980    2.4749998e+01    6.8994291e+03
  2000    2.4999998e+01    7.0262073e+03
  2020    2.5249998e+01    7.1541538e+03
  2040    2.5499998e+01    7.2832688e+03
  2060    2.5749998e+01    7.4135525e+03
  2080    2.5999998e+01    7.5450048e+03
  2100    2.6249998e+01    7.6776259e+03
  2120    2.6499998e+01    7.8114161e+03
  2140    2.6749998e+01    7.9463753e+03
  2160    2.6999998e+01    8.0825037e+03
  2180    2.7249998e+01    8.2198014e+03
  2200    2.7499998e+01    8.3582685e+03
  2220    2.7749998e+01    8.4979051e+03
  2240    2.7999998e+01    8.6387114e+03
  2260    2.8249998e+01    8.7806874e+03
  2280    2.8499998e+01    8.9238332e+03
  2300    2.8749998e+01    9.0681490e+03
  2320    2.8999998e+01    9.2136348e+03
  2340    2.9249998e+01    9.3602908e+03
  2360    2.9499998e+01    9.5081169e+03
  2380    2.9749998e+01    9.6571135e+03
  2400    2.9999998e+01    9.8072804e+03
  2420    3.0249998e+01    9.9586179e+03
  2440    3.0499998e+01    1.0111126e+04
  2460    3.0749998e+01    1.0264805e+04
  2480    3.0999998e+01    1.0419654e+04
  2500    3.1249998e+01    1.0575675e+04
  2520    3.1499998e+01    1.0732866e+04
  2540    3.1749998e+01    1.0891229e+04
  2560    3.1999998e+01    1.1050762e+04
  2580    3.2249996e+01    1.1211467e+04
  2600    3.2499996e+01    1.1373343e+04
  2620    3.2749996e+01    1.1536390e+04
  2640    3.2999996e+01    1.1700609e+04
  2660    3.3249996e+01    1.1866000e+04
  2680    3.3499996e+01    1.2032562e+04
  2700    3.3749996e+01    1.2200295e+04
  2720    3.3999996e+01    1.2369201e+04
  2740    3.4249996e+01    1.2539278e+04
  2760    3.4499996e+01    1.2710527e+04
  2780    3.4749996e+01    1.2882949e+04
  2800    3.4999996e+01    1.3056542e+04
  2820    3.5249996e+01    1.3231307e+04
  2840    3.5499996e+01    1.3407245e+04
  2860    3.5749996e+01    1.3584354e+04
  2880    3.5999996e+01    1.3762636e+04
  2900    3.6249996e+01    1.3942091e+04
  2920    3.6499996e+01    1.4122718e+04
  2940    3.6749996e+01    1.4304517e+04
  2960    3.6999996e+01    1.4487489e+04
  2980    3.7249996e+01    1.4671634e+04
  3000    3.7499996e+01    1.4856951e+04
