         1    9.9999994e-01
         2    9.9999994e-01
         3    9.9999994e-01
         4    9.9999994e-01
         5    9.9999994e-01
         6    9.9999994e-01
         7    9.9999994e-01
         8    9.9999994e-01
         9    9.9999994e-01
        10    9.9999994e-01
        11    9.9999994e-01
        12    9.9999994e-01
        13    9.9999994e-01
        14    9.9999994e-01
        15    9.9999994e-01
        16    9.9999994e-01
        17    9.9999994e-01
        18    9.9999994e-01
        19    9.9999994e-01
        20    9.9999994e-01
        21    9.9999994e-01
        22    9.9999994e-01
        23    9.9999994e-01
        24    9.9999994e-01
        25    9.9999994e-01
        26    9.9999994e-01
        27    9.9999994e-01
        28    9.9999994e-01
        29    9.9999994e-01
        30    9.9999994e-01
        31    9.9999994e-01
        32    9.9999994e-01
        33    9.9999994e-01
        34    9.9999994e-01
        35    9.9999994e-01
        36    9.9999994e-01
        37    9.9999994e-01
        38    9.9999994e-01
        39    9.9999994e-01
        40    9.9999994e-01
        41    9.9999994e-01
        42    9.9999994e-01
        43    9.9999994e-01
        44    9.9999994e-01
        45    9.9999994e-01
        46    9.9999994e-01
        47    9.9999994e-01
        48    9.9999994e-01
        49    9.9999994e-01
        50    9.9999994e-01
        51    9.9999994e-01
        52    9.9999994e-01
        53    9.9999994e-01
        54    9.9999994e-01
        55    9.9999994e-01
        56    9.9999994e-01
        57    9.9999994e-01
        58    9.9999982e-01
        59    9.9999958e-01
        60    9.9999881e-01
        61    9.9999666e-01
        62    9.9999034e-01
        63    9.9997228e-01
        64    9.9992019e-01
        65    9.9977022e-01
        66    9.9933869e-01
        67    9.9809760e-01
        68    9.9453628e-01
        69    9.8438251e-01
        70    9.5596164e-01
        71    8.8047630e-01
        72    7.0702398e-01
        73    4.2974088e-01
        74    1.9546679e-01
        75    7.6074630e-02
        76    2.7793895e-02
        77    9.9203102e-03
        78    3.5114472e-03
        79    1.2393146e-03
        80    4.3696407e-04
        81    1.5401862e-04
        82    5.4283435e-05
        83    1.9132151e-05
        84    6.7433334e-06
        85    2.3768603e-06
        86    8.3782214e-07
        87    2.9533808e-07
        88    1.0411337e-07
        89    3.6703980e-08
        90    1.2940153e-08
        91    4.5623145e-09
        92    1.6086089e-09
        93    5.6719834e-10
        94    2.0000382e-10
        95    7.0527764e-11
        96    2.4871391e-11
        97    8.7711765e-12
        98    3.0933789e-12
        99    1.0910023e-12
       100    3.8480021e-13
       101    1.3572565e-13
       102    4.7874624e-14
       103    1.6887506e-14
       104    5.9571997e-15
       105    2.1015279e-15
       106    7.4138586e-16
       107    2.6155882e-16
       108    9.2280554e-17
       109    3.2558659e-17
       110    1.1487834e-17
       111    4.0534518e-18
       112    1.4302991e-18
       113    5.0471195e-19
       114    1.7810456e-19
       115    6.2852291e-20
       116    2.2181027e-20
       117    7.8281029e-21
       118    2.7627756e-21
       119    9.7509892e-22
       120    3.4416419e-22
       121    1.2147766e-22
       122    4.2878623e-23
       123    1.5135567e-23
       124    5.3428125e-24
       125    1.8860554e-24
       126    6.6581270e-25
       127    2.3505136e-25
       128    8.2982473e-26
       129    2.9296975e-26
       130    1.0343606e-26
       131    3.6520242e-27
       132    1.2894601e-27
       133    4.5529677e-28
       134    1.6076573e-28
       135    5.6768127e-29
       136    2.0046003e-29
       137    7.0788541e-30
       138    2.4998275e-30
       139    8.8281356e-31
       140    3.1177383e-31
       141    1.1010878e-31
       142    3.8888019e-32
       143    1.3734764e-32
       144    4.8510749e-33
       145    1.7134289e-33
       146    6.0520901e-34
       147    2.1377448e-34
       148    7.5512253e-35
       149    2.6674116e-35
       150    9.4226613e-36
       151    3.3286489e-36
       152    1.1759077e-36
       153    4.1542168e-37
       154    1.4676274e-37
       155    5.1850509e-38
       156    1.8318960e-38
       157    6.4723061e-39
       158    2.2867972e-39
       159    8.0799150e-40
       160    2.8549354e-40
       161    1.0087808e-40
       162    3.5644829e-41
       163    1.2594871e-41
       164    4.4505239e-42
       165    1.5722569e-42
       166    5.5491419e-43
       167    1.9618179e-43
       168    6.8663625e-44
       169    2.3822074e-44
       170    7.0064923e-45
       171    1.4012985e-45
       172    0.0000000e+00
       173    0.0000000e+00
       174    0.0000000e+00
       175    0.0000000e+00
       176    0.0000000e+00
       177    0.0000000e+00
       178    0.0000000e+00
       179    0.0000000e+00
       180    0.0000000e+00
       181    0.0000000e+00
       182    0.0000000e+00
       183    0.0000000e+00
       184    0.0000000e+00
       185    0.0000000e+00
       186    0.0000000e+00
       187    0.0000000e+00
       188    0.0000000e+00
       189    0.0000000e+00
       190    0.0000000e+00
       191    0.0000000e+00
       192    0.0000000e+00
       193    0.0000000e+00
       194    0.0000000e+00
       195    0.0000000e+00
       196    0.0000000e+00
       197    0.0000000e+00
       198    0.0000000e+00
       199    0.0000000e+00
       200    0.0000000e+00
       201    0.0000000e+00
       202    0.0000000e+00
       203    0.0000000e+00
       204    0.0000000e+00
       205    0.0000000e+00
       206    0.0000000e+00
       207    0.0000000e+00
       208    0.0000000e+00
       209    0.0000000e+00
       210    0.0000000e+00
       211    0.0000000e+00
       212    0.0000000e+00
       213    0.0000000e+00
       214    0.0000000e+00
       215    0.0000000e+00
       216    0.0000000e+00
       217    0.0000000e+00
       218    0.0000000e+00
       219    0.0000000e+00
       220    0.0000000e+00
       221    0.0000000e+00
       222    0.0000000e+00
       223    0.0000000e+00
       224    0.0000000e+00
       225    0.0000000e+00
       226    0.0000000e+00
       227    0.0000000e+00
       228    0.0000000e+00
       229    0.0000000e+00
       230    0.0000000e+00
       231    0.0000000e+00
       232    0.0000000e+00
       233    0.0000000e+00
       234    0.0000000e+00
       235    0.0000000e+00
       236    0.0000000e+00
       237    0.0000000e+00
       238    0.0000000e+00
       239    0.0000000e+00
       240    0.0000000e+00
       241    0.0000000e+00
       242    0.0000000e+00
       243    0.0000000e+00
       244    0.0000000e+00
       245    0.0000000e+00
       246    0.0000000e+00
       247    0.0000000e+00
       248    0.0000000e+00
       249    0.0000000e+00
       250    0.0000000e+00
       251    0.0000000e+00
       252    0.0000000e+00
       253    0.0000000e+00
       254    0.0000000e+00
       255    0.0000000e+00
       256    0.0000000e+00
