         1    9.9999994e-01
         2    9.9999994e-01
         3    9.9999994e-01
         4    9.9999994e-01
         5    9.9999994e-01
         6    9.9999994e-01
         7    9.9999994e-01
         8    9.9999994e-01
         9    9.9999994e-01
        10    9.9999994e-01
        11    9.9999994e-01
        12    9.9999994e-01
        13    9.9999994e-01
        14    9.9999994e-01
        15    9.9999994e-01
        16    9.9999994e-01
        17    9.9999994e-01
        18    9.9999994e-01
        19    9.9999994e-01
        20    9.9999994e-01
        21    9.9999994e-01
        22    9.9999994e-01
        23    9.9999994e-01
        24    9.9999994e-01
        25    9.9999994e-01
        26    9.9999994e-01
        27    9.9999994e-01
        28    9.9999994e-01
        29    9.9999994e-01
        30    9.9999994e-01
        31    9.9999994e-01
        32    9.9999994e-01
        33    9.9999994e-01
        34    9.9999994e-01
        35    9.9999994e-01
        36    9.9999994e-01
        37    9.9999994e-01
        38    9.9999994e-01
        39    9.9999994e-01
        40    9.9999994e-01
        41    9.9999994e-01
        42    9.9999994e-01
        43    9.9999994e-01
        44    9.9999994e-01
        45    9.9999994e-01
        46    9.9999994e-01
        47    9.9999994e-01
        48    9.9999994e-01
        49    9.9999994e-01
        50    9.9999994e-01
        51    9.9999994e-01
        52    9.9999994e-01
        53    9.9999994e-01
        54    9.9999994e-01
        55    9.9999994e-01
        56    9.9999994e-01
        57    9.9999994e-01
        58    9.9999994e-01
        59    9.9999994e-01
        60    9.9999994e-01
        61    9.9999994e-01
        62    9.9999994e-01
        63    9.9999994e-01
        64    9.9999994e-01
        65    9.9999994e-01
        66    9.9999994e-01
        67    9.9999994e-01
        68    9.9999994e-01
        69    9.9999994e-01
        70    9.9999994e-01
        71    9.9999994e-01
        72    9.9999994e-01
        73    9.9999994e-01
        74    9.9999994e-01
        75    9.9999994e-01
        76    9.9999994e-01
        77    9.9999994e-01
        78    9.9999994e-01
        79    9.9999994e-01
        80    9.9999994e-01
        81    9.9999994e-01
        82    9.9999994e-01
        83    9.9999994e-01
        84    9.9999994e-01
        85    9.9999994e-01
        86    9.9999994e-01
        87    9.9999994e-01
        88    9.9999994e-01
        89    9.9999994e-01
        90    9.9999988e-01
        91    9.9999970e-01
        92    9.9999911e-01
        93    9.9999750e-01
        94    9.9999279e-01
        95    9.9997920e-01
        96    9.9994016e-01
        97    9.9982768e-01
        98    9.9950391e-01
        99    9.9857199e-01
       100    9.9589443e-01
       101    9.8823768e-01
       102    9.6664268e-01
       103    9.0810370e-01
       104    7.6606703e-01
       105    5.0790322e-01
       106    2.4675013e-01
       107    9.8938994e-02
       108    3.6557462e-02
       109    1.3099665e-02
       110    4.6425005e-03
       111    1.6388856e-03
       112    5.7776767e-04
       113    2.0358991e-04
       114    7.1729162e-05
       115    2.5270896e-05
       116    8.9032392e-06
       117    3.1367772e-06
       118    1.1051704e-06
       119    3.8939015e-07
       120    1.3719890e-07
       121    4.8342148e-08
       122    1.7033772e-08
       123    6.0021281e-09
       124    2.1149948e-09
       125    7.4528633e-10
       126    2.6263147e-10
       127    9.2550807e-11
       128    3.2615452e-11
       129    1.1494133e-11
       130    4.0507784e-12
       131    1.4276115e-12
       132    5.0314207e-13
       133    1.7732919e-13
       134    6.2499803e-14
       135    2.2028549e-14
       136    7.7642928e-15
       137    2.7366965e-15
       138    9.6462854e-16
       139    3.4001824e-16
       140    1.1985410e-16
       141    4.2248577e-17
       142    1.4892914e-17
       143    5.2499545e-18
       144    1.8507153e-18
       145    6.5242692e-19
       146    2.3000230e-19
       147    8.1084987e-20
       148    2.8586218e-20
       149    1.0078150e-20
       150    3.5531446e-21
       151    1.2527160e-21
       152    4.4167229e-22
       153    1.5572392e-22
       154    5.4905786e-23
       155    1.9359245e-23
       156    6.8259984e-24
       157    2.4068631e-24
       158    8.4867993e-25
       159    2.9925665e-25
       160    1.0552393e-25
       161    3.7210480e-26
       162    1.3121598e-26
       163    4.6271688e-27
       164    1.6317401e-27
       165    5.7543152e-28
       166    2.0292859e-28
       167    7.1564848e-29
       168    2.5238475e-29
       169    8.9008876e-30
       170    3.1391370e-30
       171    1.1071181e-30
       172    3.9046694e-31
       173    1.3771499e-31
       174    4.8571867e-32
       175    1.7131481e-32
       176    6.0424285e-33
       177    2.1312510e-33
       178    7.5173383e-34
       179    2.6515509e-34
       180    9.3528128e-35
       181    3.2990642e-35
       182    1.1637121e-35
       183    4.1049380e-36
       184    1.4480175e-36
       185    5.1079567e-37
       186    1.8018835e-37
       187    6.3564154e-38
       188    2.2423528e-38
       189    7.9104573e-39
       190    2.7906495e-39
       191    9.8449765e-40
       192    3.4732023e-40
       193    1.2253234e-40
       194    4.3228656e-41
       195    1.5251732e-41
       196    5.3809861e-42
       197    1.8987594e-42
       198    6.6982067e-43
       199    2.3541814e-43
       200    8.2676609e-44
       201    2.9427268e-44
       202    9.8090893e-45
       203    2.8025969e-45
       204    0.0000000e+00
       205    0.0000000e+00
       206    0.0000000e+00
       207    0.0000000e+00
       208    0.0000000e+00
       209    0.0000000e+00
       210    0.0000000e+00
       211    0.0000000e+00
       212    0.0000000e+00
       213    0.0000000e+00
       214    0.0000000e+00
       215    0.0000000e+00
       216    0.0000000e+00
       217    0.0000000e+00
       218    0.0000000e+00
       219    0.0000000e+00
       220    0.0000000e+00
       221    0.0000000e+00
       222    0.0000000e+00
       223    0.0000000e+00
       224    0.0000000e+00
       225    0.0000000e+00
       226    0.0000000e+00
       227    0.0000000e+00
       228    0.0000000e+00
       229    0.0000000e+00
       230    0.0000000e+00
       231    0.0000000e+00
       232    0.0000000e+00
       233    0.0000000e+00
       234    0.0000000e+00
       235    0.0000000e+00
       236    0.0000000e+00
       237    0.0000000e+00
       238    0.0000000e+00
       239    0.0000000e+00
       240    0.0000000e+00
       241    0.0000000e+00
       242    0.0000000e+00
       243    0.0000000e+00
       244    0.0000000e+00
       245    0.0000000e+00
       246    0.0000000e+00
       247    0.0000000e+00
       248    0.0000000e+00
       249    0.0000000e+00
       250    0.0000000e+00
       251    0.0000000e+00
       252    0.0000000e+00
       253    0.0000000e+00
       254    0.0000000e+00
       255    0.0000000e+00
       256    0.0000000e+00
