         1    9.9999994e-01
         2    9.9999994e-01
         3    9.9999994e-01
         4    9.9999994e-01
         5    9.9999994e-01
         6    9.9999994e-01
         7    9.9999994e-01
         8    9.9999994e-01
         9    9.9999994e-01
        10    9.9999994e-01
        11    9.9999994e-01
        12    9.9999994e-01
        13    9.9999994e-01
        14    9.9999994e-01
        15    9.9999988e-01
        16    9.9999976e-01
        17    9.9999934e-01
        18    9.9999809e-01
        19    9.9999458e-01
        20    9.9998456e-01
        21    9.9995589e-01
        22    9.9987364e-01
        23    9.9963784e-01
        24    9.9896163e-01
        25    9.9702352e-01
        26    9.9148524e-01
        27    9.7581118e-01
        28    9.3269145e-01
        29    8.2323456e-01
        30    5.9940320e-01
        31    3.1941825e-01
        32    1.3431902e-01
        33    5.0632305e-02
        34    1.8300112e-02
        35    6.5149153e-03
        36    2.3072495e-03
        37    8.1573502e-04
        38    2.8828054e-04
        39    1.0187861e-04
        40    3.6009496e-05
        41    1.2730302e-05
        42    4.5014663e-06
        43    1.5920749e-06
        44    5.6320454e-07
        45    1.9927835e-07
        46    7.0525026e-08
        47    2.4963958e-08
        48    8.8382919e-09
        49    3.1297220e-09
        50    1.1084689e-09
        51    3.9266262e-10
        52    1.3912077e-10
        53    4.9299106e-11
        54    1.7472671e-11
        55    6.1937144e-12
        56    2.1959043e-12
        57    7.7865432e-13
        58    2.7614922e-13
        59    9.7951154e-14
        60    3.4748876e-14
        61    1.2329236e-14
        62    4.3751678e-15
        63    1.5527993e-15
        64    5.5118430e-16
        65    1.9567631e-16
        66    6.9476614e-17
        67    2.4671595e-17
        68    8.7621993e-18
        69    3.1123291e-18
        70    1.1056399e-18
        71    3.9282308e-19
        72    1.3958370e-19
        73    4.9605078e-20
        74    1.7630744e-20
        75    6.2671133e-21
        76    2.2280059e-21
        77    7.9216630e-22
        78    2.8168718e-22
        79    1.0017699e-22
        80    3.5630219e-23
        81    1.2674133e-23
        82    4.5088599e-24
        83    1.6042185e-24
        84    5.7083188e-25
        85    2.0314233e-25
        86    7.2300248e-26
        87    2.5735103e-26
        88    9.1613283e-27
        89    3.2616479e-27
        90    1.1613454e-27
        91    4.1355301e-28
        92    1.4728079e-28
        93    5.2457294e-29
        94    1.8685742e-29
        95    6.6567015e-30
        96    2.3716575e-30
        97    8.4506223e-31
        98    3.0114052e-31
        99    1.0732309e-31
       100    3.8252546e-32
       101    1.3635489e-32
       102    4.8609814e-33
       103    1.7330853e-33
       104    6.1795743e-34
       105    2.2036350e-34
       106    7.8589230e-35
       107    2.8030357e-35
       108    9.9985337e-36
       109    3.5668595e-36
       110    1.2725577e-36
       111    4.5405747e-37
       112    1.6202641e-37
       113    5.7823241e-38
       114    2.0637665e-38
       115    7.3664831e-39
       116    2.6296697e-39
       117    9.3882233e-40
       118    3.3520180e-40
       119    1.1969331e-40
       120    4.2743807e-41
       121    1.5265745e-41
       122    5.4524523e-42
       123    1.9478049e-42
       124    6.9504404e-43
       125    2.4802983e-43
       126    8.8281803e-44
       127    3.0828566e-44
       128    1.1210388e-44
       129    2.8025969e-45
       130    0.0000000e+00
       131    0.0000000e+00
       132    0.0000000e+00
       133    0.0000000e+00
       134    0.0000000e+00
       135    0.0000000e+00
       136    0.0000000e+00
       137    0.0000000e+00
       138    0.0000000e+00
       139    0.0000000e+00
       140    0.0000000e+00
       141    0.0000000e+00
       142    0.0000000e+00
       143    0.0000000e+00
       144    0.0000000e+00
       145    0.0000000e+00
       146    0.0000000e+00
       147    0.0000000e+00
       148    0.0000000e+00
       149    0.0000000e+00
       150    0.0000000e+00
       151    0.0000000e+00
       152    0.0000000e+00
       153    0.0000000e+00
       154    0.0000000e+00
       155    0.0000000e+00
       156    0.0000000e+00
       157    0.0000000e+00
       158    0.0000000e+00
       159    0.0000000e+00
       160    0.0000000e+00
       161    0.0000000e+00
       162    0.0000000e+00
       163    0.0000000e+00
       164    0.0000000e+00
       165    0.0000000e+00
       166    0.0000000e+00
       167    0.0000000e+00
       168    0.0000000e+00
       169    0.0000000e+00
       170    0.0000000e+00
       171    0.0000000e+00
       172    0.0000000e+00
       173    0.0000000e+00
       174    0.0000000e+00
       175    0.0000000e+00
       176    0.0000000e+00
       177    0.0000000e+00
       178    0.0000000e+00
       179    0.0000000e+00
       180    0.0000000e+00
       181    0.0000000e+00
       182    0.0000000e+00
       183    0.0000000e+00
       184    0.0000000e+00
       185    0.0000000e+00
       186    0.0000000e+00
       187    0.0000000e+00
       188    0.0000000e+00
       189    0.0000000e+00
       190    0.0000000e+00
       191    0.0000000e+00
       192    0.0000000e+00
       193    0.0000000e+00
       194    0.0000000e+00
       195    0.0000000e+00
       196    0.0000000e+00
       197    0.0000000e+00
       198    0.0000000e+00
       199    0.0000000e+00
       200    0.0000000e+00
       201    0.0000000e+00
       202    0.0000000e+00
       203    0.0000000e+00
       204    0.0000000e+00
       205    0.0000000e+00
       206    0.0000000e+00
       207    0.0000000e+00
       208    0.0000000e+00
       209    0.0000000e+00
       210    0.0000000e+00
       211    0.0000000e+00
       212    0.0000000e+00
       213    0.0000000e+00
       214    0.0000000e+00
       215    0.0000000e+00
       216    0.0000000e+00
       217    0.0000000e+00
       218    0.0000000e+00
       219    0.0000000e+00
       220    0.0000000e+00
       221    0.0000000e+00
       222    0.0000000e+00
       223    0.0000000e+00
       224    0.0000000e+00
       225    0.0000000e+00
       226    0.0000000e+00
       227    0.0000000e+00
       228    0.0000000e+00
       229    0.0000000e+00
       230    0.0000000e+00
       231    0.0000000e+00
       232    0.0000000e+00
       233    0.0000000e+00
       234    0.0000000e+00
       235    0.0000000e+00
       236    0.0000000e+00
       237    0.0000000e+00
       238    0.0000000e+00
       239    0.0000000e+00
       240    0.0000000e+00
       241    0.0000000e+00
       242    0.0000000e+00
       243    0.0000000e+00
       244    0.0000000e+00
       245    0.0000000e+00
       246    0.0000000e+00
       247    0.0000000e+00
       248    0.0000000e+00
       249    0.0000000e+00
       250    0.0000000e+00
       251    0.0000000e+00
       252    0.0000000e+00
       253    0.0000000e+00
       254    0.0000000e+00
       255    0.0000000e+00
       256    0.0000000e+00
