         1    9.9999994e-01
         2    9.9999994e-01
         3    9.9999994e-01
         4    9.9999994e-01
         5    9.9999994e-01
         6    9.9999994e-01
         7    9.9999994e-01
         8    9.9999988e-01
         9    9.9999970e-01
        10    9.9999923e-01
        11    9.9999785e-01
        12    9.9999398e-01
        13    9.9998289e-01
        14    9.9995148e-01
        15    9.9986178e-01
        16    9.9960577e-01
        17    9.9887425e-01
        18    9.9678403e-01
        19    9.9082798e-01
        20    9.7402287e-01
        21    9.2800909e-01
        22    8.1236237e-01
        23    5.8126456e-01
        24    3.0410773e-01
        25    1.2673205e-01
        26    4.7636546e-02
        27    1.7214390e-02
        28    6.1340048e-03
        29    2.1753937e-03
        30    7.7039847e-04
        31    2.7276250e-04
        32    9.6587595e-05
        33    3.4212433e-05
        34    1.2122435e-05
        35    4.2967704e-06
        36    1.5234881e-06
        37    5.4035274e-07
        38    1.9171372e-07
        39    6.8039760e-08
        40    2.4154723e-08
        41    8.5776310e-09
        42    3.0468768e-09
        43    1.0825829e-09
        44    3.8475384e-10
        45    1.3677828e-10
        46    4.8636352e-11
        47    1.7298635e-11
        48    6.1541401e-12
        49    2.1899054e-12
        50    7.7944205e-13
        51    2.7748583e-13
        52    9.8808528e-14
        53    3.5191912e-14
        54    1.2536734e-14
        55    4.4670146e-15
        56    1.5919889e-15
        57    5.6748052e-16
        58    2.0232457e-16
        59    7.2149228e-17
        60    2.5733496e-17
        61    9.1801298e-18
        62    3.2755229e-18
        63    1.1689427e-18
        64    4.1723967e-19
        65    1.4895558e-19
        66    5.3187054e-20
        67    1.8994691e-20
        68    6.7847640e-21
        69    2.4238892e-21
        70    8.6609496e-22
        71    3.0952254e-22
        72    1.1063495e-22
        73    3.9551700e-23
        74    1.4141974e-23
        75    5.0573904e-24
        76    1.8088973e-24
        77    6.4710073e-25
        78    2.3152609e-25
        79    8.2850986e-26
        80    2.9652730e-26
        81    1.0614524e-26
        82    3.8001868e-27
        83    1.3607474e-27
        84    4.8732417e-28
        85    1.7455244e-28
        86    6.2531834e-29
        87    2.2404924e-29
        88    8.0288348e-30
        89    2.8775848e-30
        90    1.0315021e-30
        91    3.6980970e-31
        92    1.3260276e-31
        93    4.7554618e-32
        94    1.7056842e-32
        95    6.1188558e-33
        96    2.1953683e-33
        97    7.8778931e-34
        98    2.8273410e-34
        99    1.0148729e-34
       100    3.6434298e-35
       101    1.3082011e-35
       102    4.6979008e-36
       103    1.6873239e-36
       104    6.0611957e-37
       105    2.1776270e-37
       106    7.8248136e-38
       107    2.8120944e-38
       108    1.0107672e-38
       109    3.6336076e-39
       110    1.3064418e-39
       111    4.6979512e-40
       112    1.6896296e-40
       113    6.0777117e-41
       114    2.1865861e-41
       115    7.8668896e-42
       116    2.8306229e-42
       117    1.0187440e-42
       118    3.6714020e-43
       119    1.3172206e-43
       120    4.7644148e-44
       121    1.6815582e-44
       122    5.6051939e-45
       123    1.4012985e-45
       124    0.0000000e+00
       125    0.0000000e+00
       126    0.0000000e+00
       127    0.0000000e+00
       128    0.0000000e+00
       129    0.0000000e+00
       130    0.0000000e+00
       131    0.0000000e+00
       132    0.0000000e+00
       133    0.0000000e+00
       134    0.0000000e+00
       135    0.0000000e+00
       136    0.0000000e+00
       137    0.0000000e+00
       138    0.0000000e+00
       139    0.0000000e+00
       140    0.0000000e+00
       141    0.0000000e+00
       142    0.0000000e+00
       143    0.0000000e+00
       144    0.0000000e+00
       145    0.0000000e+00
       146    0.0000000e+00
       147    0.0000000e+00
       148    0.0000000e+00
       149    0.0000000e+00
       150    0.0000000e+00
       151    0.0000000e+00
       152    0.0000000e+00
       153    0.0000000e+00
       154    0.0000000e+00
       155    0.0000000e+00
       156    0.0000000e+00
       157    0.0000000e+00
       158    0.0000000e+00
       159    0.0000000e+00
       160    0.0000000e+00
       161    0.0000000e+00
       162    0.0000000e+00
       163    0.0000000e+00
       164    0.0000000e+00
       165    0.0000000e+00
       166    0.0000000e+00
       167    0.0000000e+00
       168    0.0000000e+00
       169    0.0000000e+00
       170    0.0000000e+00
       171    0.0000000e+00
       172    0.0000000e+00
       173    0.0000000e+00
       174    0.0000000e+00
       175    0.0000000e+00
       176    0.0000000e+00
       177    0.0000000e+00
       178    0.0000000e+00
       179    0.0000000e+00
       180    0.0000000e+00
       181    0.0000000e+00
       182    0.0000000e+00
       183    0.0000000e+00
       184    0.0000000e+00
       185    0.0000000e+00
       186    0.0000000e+00
       187    0.0000000e+00
       188    0.0000000e+00
       189    0.0000000e+00
       190    0.0000000e+00
       191    0.0000000e+00
       192    0.0000000e+00
       193    0.0000000e+00
       194    0.0000000e+00
       195    0.0000000e+00
       196    0.0000000e+00
       197    0.0000000e+00
       198    0.0000000e+00
       199    0.0000000e+00
       200    0.0000000e+00
       201    0.0000000e+00
       202    0.0000000e+00
       203    0.0000000e+00
       204    0.0000000e+00
       205    0.0000000e+00
       206    0.0000000e+00
       207    0.0000000e+00
       208    0.0000000e+00
       209    0.0000000e+00
       210    0.0000000e+00
       211    0.0000000e+00
       212    0.0000000e+00
       213    0.0000000e+00
       214    0.0000000e+00
       215    0.0000000e+00
       216    0.0000000e+00
       217    0.0000000e+00
       218    0.0000000e+00
       219    0.0000000e+00
       220    0.0000000e+00
       221    0.0000000e+00
       222    0.0000000e+00
       223    0.0000000e+00
       224    0.0000000e+00
       225    0.0000000e+00
       226    0.0000000e+00
       227    0.0000000e+00
       228    0.0000000e+00
       229    0.0000000e+00
       230    0.0000000e+00
       231    0.0000000e+00
       232    0.0000000e+00
       233    0.0000000e+00
       234    0.0000000e+00
       235    0.0000000e+00
       236    0.0000000e+00
       237    0.0000000e+00
       238    0.0000000e+00
       239    0.0000000e+00
       240    0.0000000e+00
       241    0.0000000e+00
       242    0.0000000e+00
       243    0.0000000e+00
       244    0.0000000e+00
       245    0.0000000e+00
       246    0.0000000e+00
       247    0.0000000e+00
       248    0.0000000e+00
       249    0.0000000e+00
       250    0.0000000e+00
       251    0.0000000e+00
       252    0.0000000e+00
       253    0.0000000e+00
       254    0.0000000e+00
       255    0.0000000e+00
       256    0.0000000e+00
