         1    9.9999994e-01
         2    9.9999994e-01
         3    9.9999994e-01
         4    9.9999994e-01
         5    9.9999994e-01
         6    9.9999994e-01
         7    9.9999994e-01
         8    9.9999994e-01
         9    9.9999994e-01
        10    9.9999994e-01
        11    9.9999994e-01
        12    9.9999994e-01
        13    9.9999994e-01
        14    9.9999994e-01
        15    9.9999994e-01
        16    9.9999994e-01
        17    9.9999994e-01
        18    9.9999994e-01
        19    9.9999994e-01
        20    9.9999994e-01
        21    9.9999994e-01
        22    9.9999994e-01
        23    9.9999994e-01
        24    9.9999994e-01
        25    9.9999994e-01
        26    9.9999994e-01
        27    9.9999994e-01
        28    9.9999994e-01
        29    9.9999994e-01
        30    9.9999994e-01
        31    9.9999994e-01
        32    9.9999994e-01
        33    9.9999994e-01
        34    9.9999994e-01
        35    9.9999994e-01
        36    9.9999994e-01
        37    9.9999994e-01
        38    9.9999994e-01
        39    9.9999994e-01
        40    9.9999994e-01
        41    9.9999994e-01
        42    9.9999994e-01
        43    9.9999994e-01
        44    9.9999994e-01
        45    9.9999994e-01
        46    9.9999994e-01
        47    9.9999994e-01
        48    9.9999994e-01
        49    9.9999994e-01
        50    9.9999982e-01
        51    9.9999958e-01
        52    9.9999887e-01
        53    9.9999684e-01
        54    9.9999088e-01
        55    9.9997371e-01
        56    9.9992436e-01
        57    9.9978232e-01
        58    9.9937361e-01
        59    9.9819839e-01
        60    9.9482584e-01
        61    9.8520613e-01
        62    9.5824116e-01
        63    8.8631839e-01
        64    7.1913779e-01
        65    4.4464758e-01
        66    2.0468894e-01
        67    8.0091082e-02
        68    2.9322742e-02
        69    1.0474708e-02
        70    3.7090839e-03
        71    1.3093583e-03
        72    4.6174121e-04
        73    1.6277898e-04
        74    5.7380836e-05
        75    2.0227500e-05
        76    7.1307795e-06
        77    2.5139414e-06
        78    8.8633431e-07
        79    3.1251020e-07
        80    1.1019323e-07
        81    3.8857028e-08
        82    1.3702762e-08
        83    4.8324837e-09
        84    1.7043406e-09
        85    6.0112626e-10
        86    2.1203039e-10
        87    7.4791659e-11
        88    2.6383382e-11
        89    9.3074246e-12
        90    3.2835980e-12
        91    1.1584879e-12
        92    4.0874625e-13
        93    1.4422370e-13
        94    5.0890864e-14
        95    1.7958217e-14
        96    6.3373332e-15
        97    2.2365035e-15
        98    7.8931829e-16
        99    2.7858257e-16
       100    9.8327442e-17
       101    3.4706778e-17
       102    1.2251021e-17
       103    4.3246264e-18
       104    1.5266621e-18
       105    5.3895832e-19
       106    1.9027647e-19
       107    6.7178840e-20
       108    2.3719050e-20
       109    8.3748927e-21
       110    2.9571830e-21
       111    1.0442246e-21
       112    3.6874519e-22
       113    1.3021928e-22
       114    4.5987571e-23
       115    1.6241338e-23
       116    5.7361323e-24
       117    2.0259668e-24
       118    7.1558495e-25
       119    2.5275840e-25
       120    8.9282322e-26
       121    3.1538468e-26
       122    1.1141172e-26
       123    3.9358285e-27
       124    1.3904531e-27
       125    4.9123727e-28
       126    1.7355653e-28
       127    6.1320412e-29
       128    2.1666242e-29
       129    7.6555512e-30
       130    2.7051010e-30
       131    9.5588267e-31
       132    3.3778441e-31
       133    1.1936817e-31
       134    4.2184337e-32
       135    1.4908281e-32
       136    5.2688702e-33
       137    1.8621766e-33
       138    6.5816934e-34
       139    2.3263107e-34
       140    8.2226341e-35
       141    2.9064798e-35
       142    1.0273933e-35
       143    3.6317757e-36
       144    1.2838498e-36
       145    4.5386026e-37
       146    1.6045116e-37
       147    5.6725218e-38
       148    2.0054970e-38
       149    7.0905562e-39
       150    2.5069804e-39
       151    8.8640816e-40
       152    3.1342142e-40
       153    1.1082449e-40
       154    3.9188713e-41
       155    1.3857441e-41
       156    4.9003407e-42
       157    1.7334062e-42
       158    6.1236743e-43
       159    2.1579996e-43
       160    7.5670117e-44
       161    2.6624671e-44
       162    8.4077908e-45
       163    2.8025969e-45
       164    0.0000000e+00
       165    0.0000000e+00
       166    0.0000000e+00
       167    0.0000000e+00
       168    0.0000000e+00
       169    0.0000000e+00
       170    0.0000000e+00
       171    0.0000000e+00
       172    0.0000000e+00
       173    0.0000000e+00
       174    0.0000000e+00
       175    0.0000000e+00
       176    0.0000000e+00
       177    0.0000000e+00
       178    0.0000000e+00
       179    0.0000000e+00
       180    0.0000000e+00
       181    0.0000000e+00
       182    0.0000000e+00
       183    0.0000000e+00
       184    0.0000000e+00
       185    0.0000000e+00
       186    0.0000000e+00
       187    0.0000000e+00
       188    0.0000000e+00
       189    0.0000000e+00
       190    0.0000000e+00
       191    0.0000000e+00
       192    0.0000000e+00
       193    0.0000000e+00
       194    0.0000000e+00
       195    0.0000000e+00
       196    0.0000000e+00
       197    0.0000000e+00
       198    0.0000000e+00
       199    0.0000000e+00
       200    0.0000000e+00
       201    0.0000000e+00
       202    0.0000000e+00
       203    0.0000000e+00
       204    0.0000000e+00
       205    0.0000000e+00
       206    0.0000000e+00
       207    0.0000000e+00
       208    0.0000000e+00
       209    0.0000000e+00
       210    0.0000000e+00
       211    0.0000000e+00
       212    0.0000000e+00
       213    0.0000000e+00
       214    0.0000000e+00
       215    0.0000000e+00
       216    0.0000000e+00
       217    0.0000000e+00
       218    0.0000000e+00
       219    0.0000000e+00
       220    0.0000000e+00
       221    0.0000000e+00
       222    0.0000000e+00
       223    0.0000000e+00
       224    0.0000000e+00
       225    0.0000000e+00
       226    0.0000000e+00
       227    0.0000000e+00
       228    0.0000000e+00
       229    0.0000000e+00
       230    0.0000000e+00
       231    0.0000000e+00
       232    0.0000000e+00
       233    0.0000000e+00
       234    0.0000000e+00
       235    0.0000000e+00
       236    0.0000000e+00
       237    0.0000000e+00
       238    0.0000000e+00
       239    0.0000000e+00
       240    0.0000000e+00
       241    0.0000000e+00
       242    0.0000000e+00
       243    0.0000000e+00
       244    0.0000000e+00
       245    0.0000000e+00
       246    0.0000000e+00
       247    0.0000000e+00
       248    0.0000000e+00
       249    0.0000000e+00
       250    0.0000000e+00
       251    0.0000000e+00
       252    0.0000000e+00
       253    0.0000000e+00
       254    0.0000000e+00
       255    0.0000000e+00
       256    0.0000000e+00
