         1    9.9999994e-01
         2    9.9999994e-01
         3    9.9999994e-01
         4    9.9999994e-01
         5    9.9999994e-01
         6    9.9999994e-01
         7    9.9999994e-01
         8    9.9999994e-01
         9    9.9999994e-01
        10    9.9999994e-01
        11    9.9999994e-01
        12    9.9999994e-01
        13    9.9999994e-01
        14    9.9999994e-01
        15    9.9999994e-01
        16    9.9999994e-01
        17    9.9999994e-01
        18    9.9999994e-01
        19    9.9999994e-01
        20    9.9999994e-01
        21    9.9999994e-01
        22    9.9999994e-01
        23    9.9999994e-01
        24    9.9999994e-01
        25    9.9999994e-01
        26    9.9999994e-01
        27    9.9999994e-01
        28    9.9999994e-01
        29    9.9999994e-01
        30    9.9999994e-01
        31    9.9999994e-01
        32    9.9999994e-01
        33    9.9999994e-01
        34    9.9999994e-01
        35    9.9999994e-01
        36    9.9999994e-01
        37    9.9999994e-01
        38    9.9999994e-01
        39    9.9999994e-01
        40    9.9999994e-01
        41    9.9999994e-01
        42    9.9999994e-01
        43    9.9999994e-01
        44    9.9999994e-01
        45    9.9999994e-01
        46    9.9999994e-01
        47    9.9999994e-01
        48    9.9999994e-01
        49    9.9999994e-01
        50    9.9999994e-01
        51    9.9999994e-01
        52    9.9999994e-01
        53    9.9999994e-01
        54    9.9999994e-01
        55    9.9999994e-01
        56    9.9999994e-01
        57    9.9999994e-01
        58    9.9999994e-01
        59    9.9999994e-01
        60    9.9999994e-01
        61    9.9999994e-01
        62    9.9999994e-01
        63    9.9999994e-01
        64    9.9999994e-01
        65    9.9999994e-01
        66    9.9999994e-01
        67    9.9999994e-01
        68    9.9999994e-01
        69    9.9999994e-01
        70    9.9999994e-01
        71    9.9999994e-01
        72    9.9999994e-01
        73    9.9999994e-01
        74    9.9999994e-01
        75    9.9999994e-01
        76    9.9999994e-01
        77    9.9999994e-01
        78    9.9999994e-01
        79    9.9999994e-01
        80    9.9999994e-01
        81    9.9999994e-01
        82    9.9999994e-01
        83    9.9999994e-01
        84    9.9999994e-01
        85    9.9999994e-01
        86    9.9999994e-01
        87    9.9999994e-01
        88    9.9999994e-01
        89    9.9999994e-01
        90    9.9999994e-01
        91    9.9999994e-01
        92    9.9999994e-01
        93    9.9999994e-01
        94    9.9999988e-01
        95    9.9999970e-01
        96    9.9999917e-01
        97    9.9999768e-01
        98    9.9999332e-01
        99    9.9998075e-01
       100    9.9994457e-01
       101    9.9984038e-01
       102    9.9954033e-01
       103    9.9867672e-01
       104    9.9619466e-01
       105    9.8909235e-01
       106    9.6902853e-01
       107    9.1439748e-01
       108    7.8022593e-01
       109    5.2894789e-01
       110    2.6202053e-01
       111    1.0604259e-01
       112    3.9323807e-02
       113    1.4109330e-02
       114    5.0025964e-03
       115    1.7662679e-03
       116    6.2269816e-04
       117    2.1942143e-04
       118    7.7305391e-05
       119    2.7234699e-05
       120    9.5948062e-06
       121    3.3803149e-06
       122    1.1909333e-06
       123    4.1959220e-07
       124    1.4783487e-07
       125    5.2087756e-08
       126    1.8352846e-08
       127    6.4666592e-09
       128    2.2785858e-09
       129    8.0289675e-10
       130    2.8291963e-10
       131    9.9695481e-11
       132    3.5131526e-11
       133    1.2380198e-11
       134    4.3628178e-12
       135    1.5375004e-12
       136    5.4184115e-13
       137    1.9095770e-13
       138    6.7299309e-14
       139    2.3718779e-14
       140    8.3595359e-15
       141    2.9463222e-15
       142    1.0384519e-15
       143    3.6601646e-16
       144    1.2900984e-16
       145    4.5472944e-17
       146    1.6028438e-17
       147    5.6498529e-18
       148    1.9915482e-18
       149    7.0202415e-19
       150    2.4746907e-19
       151    8.7236303e-20
       152    3.0752546e-20
       153    1.0841074e-20
       154    3.8218257e-21
       155    1.3473386e-21
       156    4.7499595e-22
       157    1.6745967e-22
       158    5.9038836e-23
       159    2.0814805e-23
       160    7.3386121e-24
       161    2.5873940e-24
       162    9.1225877e-25
       163    3.2164768e-25
       164    1.1340955e-25
       165    3.9987624e-26
       166    1.4099650e-26
       167    4.9716175e-27
       168    1.7530477e-27
       169    6.1815360e-28
       170    2.1797444e-28
       171    7.6863696e-29
       172    2.7104623e-29
       173    9.5581089e-30
       174    3.3705975e-30
       175    1.1886340e-30
       176    4.1917527e-31
       177    1.4782554e-31
       178    5.2132610e-32
       179    1.8385510e-32
       180    6.4840739e-33
       181    2.2867904e-33
       182    8.0651200e-34
       183    2.8444695e-34
       184    1.0032236e-34
       185    3.5383448e-35
       186    1.2479824e-35
       187    4.4017220e-36
       188    1.5525393e-36
       189    5.4760627e-37
       190    1.9315233e-37
       191    6.8129831e-38
       192    2.4031473e-38
       193    8.4767445e-39
       194    2.9900851e-39
       195    1.0547349e-39
       196    3.7205735e-40
       197    1.3124421e-40
       198    4.6297500e-41
       199    1.6332134e-41
       200    5.7607380e-42
       201    2.0318828e-42
       202    7.1746481e-43
       203    2.5223372e-43
       204    8.8281803e-44
       205    3.0828566e-44
       206    9.8090893e-45
       207    2.8025969e-45
       208    0.0000000e+00
       209    0.0000000e+00
       210    0.0000000e+00
       211    0.0000000e+00
       212    0.0000000e+00
       213    0.0000000e+00
       214    0.0000000e+00
       215    0.0000000e+00
       216    0.0000000e+00
       217    0.0000000e+00
       218    0.0000000e+00
       219    0.0000000e+00
       220    0.0000000e+00
       221    0.0000000e+00
       222    0.0000000e+00
       223    0.0000000e+00
       224    0.0000000e+00
       225    0.0000000e+00
       226    0.0000000e+00
       227    0.0000000e+00
       228    0.0000000e+00
       229    0.0000000e+00
       230    0.0000000e+00
       231    0.0000000e+00
       232    0.0000000e+00
       233    0.0000000e+00
       234    0.0000000e+00
       235    0.0000000e+00
       236    0.0000000e+00
       237    0.0000000e+00
       238    0.0000000e+00
       239    0.0000000e+00
       240    0.0000000e+00
       241    0.0000000e+00
       242    0.0000000e+00
       243    0.0000000e+00
       244    0.0000000e+00
       245    0.0000000e+00
       246    0.0000000e+00
       247    0.0000000e+00
       248    0.0000000e+00
       249    0.0000000e+00
       250    0.0000000e+00
       251    0.0000000e+00
       252    0.0000000e+00
       253    0.0000000e+00
       254    0.0000000e+00
       255    0.0000000e+00
       256    0.0000000e+00
