         1    9.9999994e-01
         2    9.9999994e-01
         3    9.9999994e-01
         4    9.9999994e-01
         5    9.9999994e-01
         6    9.9999994e-01
         7    9.9999994e-01
         8    9.9999994e-01
         9    9.9999994e-01
        10    9.9999994e-01
        11    9.9999994e-01
        12    9.9999994e-01
        13    9.9999994e-01
        14    9.9999994e-01
        15    9.9999994e-01
        16    9.9999994e-01
        17    9.9999994e-01
        18    9.9999994e-01
        19    9.9999994e-01
        20    9.9999994e-01
        21    9.9999994e-01
        22    9.9999994e-01
        23    9.9999994e-01
        24    9.9999994e-01
        25    9.9999994e-01
        26    9.9999994e-01
        27    9.9999994e-01
        28    9.9999994e-01
        29    9.9999994e-01
        30    9.9999994e-01
        31    9.9999994e-01
        32    9.9999994e-01
        33    9.9999994e-01
        34    9.9999994e-01
        35    9.9999994e-01
        36    9.9999994e-01
        37    9.9999994e-01
        38    9.9999994e-01
        39    9.9999994e-01
        40    9.9999994e-01
        41    9.9999994e-01
        42    9.9999994e-01
        43    9.9999994e-01
        44    9.9999994e-01
        45    9.9999994e-01
        46    9.9999994e-01
        47    9.9999994e-01
        48    9.9999994e-01
        49    9.9999994e-01
        50    9.9999994e-01
        51    9.9999994e-01
        52    9.9999994e-01
        53    9.9999994e-01
        54    9.9999994e-01
        55    9.9999994e-01
        56    9.9999994e-01
        57    9.9999994e-01
        58    9.9999994e-01
        59    9.9999994e-01
        60    9.9999994e-01
        61    9.9999994e-01
        62    9.9999994e-01
        63    9.9999994e-01
        64    9.9999994e-01
        65    9.9999994e-01
        66    9.9999994e-01
        67    9.9999994e-01
        68    9.9999994e-01
        69    9.9999994e-01
        70    9.9999994e-01
        71    9.9999994e-01
        72    9.9999994e-01
        73    9.9999994e-01
        74    9.9999994e-01
        75    9.9999994e-01
        76    9.9999994e-01
        77    9.9999994e-01
        78    9.9999994e-01
        79    9.9999994e-01
        80    9.9999994e-01
        81    9.9999994e-01
        82    9.9999994e-01
        83    9.9999994e-01
        84    9.9999994e-01
        85    9.9999994e-01
        86    9.9999994e-01
        87    9.9999994e-01
        88    9.9999994e-01
        89    9.9999994e-01
        90    9.9999994e-01
        91    9.9999994e-01
        92    9.9999994e-01
        93    9.9999994e-01
        94    9.9999994e-01
        95    9.9999994e-01
        96    9.9999994e-01
        97    9.9999994e-01
        98    9.9999988e-01
        99    9.9999970e-01
       100    9.9999928e-01
       101    9.9999785e-01
       102    9.9999386e-01
       103    9.9998230e-01
       104    9.9994898e-01
       105    9.9985313e-01
       106    9.9957693e-01
       107    9.9878192e-01
       108    9.9649644e-01
       109    9.8995245e-01
       110    9.7143620e-01
       111    9.2079484e-01
       112    7.9489326e-01
       113    5.5175704e-01
       114    2.7940089e-01
       115    1.1430480e-01
       116    4.2567428e-02
       117    1.5296623e-02
       118    5.4264832e-03
       119    1.9162747e-03
       120    6.7561766e-04
       121    2.3806973e-04
       122    8.3874198e-05
       123    2.9548195e-05
       124    1.0409559e-05
       125    3.6672445e-06
       126    1.2919807e-06
       127    4.5517822e-07
       128    1.6036742e-07
       129    5.6501463e-08
       130    1.9907274e-08
       131    7.0141049e-09
       132    2.4713875e-09
       133    8.7079860e-10
       134    3.0683356e-10
       135    1.0811758e-10
       136    3.8097660e-11
       137    1.3424825e-11
       138    4.7307215e-12
       139    1.6670720e-12
       140    5.8747511e-13
       141    2.0702964e-13
       142    7.2959759e-14
       143    2.5712361e-14
       144    9.0616694e-15
       145    3.1936115e-15
       146    1.1255466e-15
       147    3.9669113e-16
       148    1.3981347e-16
       149    4.9277995e-17
       150    1.7368586e-17
       151    6.1218578e-18
       152    2.1577904e-18
       153    7.6057577e-19
       154    2.6809138e-19
       155    9.4499659e-20
       156    3.3310770e-20
       157    1.1742107e-20
       158    4.1391807e-21
       159    1.4591151e-21
       160    5.1436518e-22
       161    1.8132610e-22
       162    6.3922806e-23
       163    2.2535025e-23
       164    7.9445046e-24
       165    2.8008009e-24
       166    9.8742508e-25
       167    3.4812284e-25
       168    1.2273469e-25
       169    4.3272151e-26
       170    1.5256541e-26
       171    5.3791031e-27
       172    1.8965747e-27
       173    6.6870767e-28
       174    2.3578101e-28
       175    8.3135679e-29
       176    2.9313803e-29
       177    1.0336249e-29
       178    3.6446829e-30
       179    1.2851757e-30
       180    4.5318048e-31
       181    1.5980331e-31
       182    5.6351595e-32
       183    1.9871587e-32
       184    7.0075244e-33
       185    2.4711689e-33
       186    8.7145696e-34
       187    3.0732308e-34
       188    1.0838023e-34
       189    3.8221750e-35
       190    1.3479590e-35
       191    4.7538806e-36
       192    1.6765843e-36
       193    5.9130020e-37
       194    2.0854323e-37
       195    7.3551169e-38
       196    2.5941106e-38
       197    9.1494028e-39
       198    3.2270250e-39
       199    1.1381963e-39
       200    4.0145519e-40
       201    1.4159981e-40
       202    4.9945080e-41
       203    1.7617124e-41
       204    6.2133574e-42
       205    2.1916308e-42
       206    7.7351675e-43
       207    2.7325320e-43
       208    9.6689594e-44
       209    3.3631163e-44
       210    1.1210388e-44
       211    2.8025969e-45
       212    0.0000000e+00
       213    0.0000000e+00
       214    0.0000000e+00
       215    0.0000000e+00
       216    0.0000000e+00
       217    0.0000000e+00
       218    0.0000000e+00
       219    0.0000000e+00
       220    0.0000000e+00
       221    0.0000000e+00
       222    0.0000000e+00
       223    0.0000000e+00
       224    0.0000000e+00
       225    0.0000000e+00
       226    0.0000000e+00
       227    0.0000000e+00
       228    0.0000000e+00
       229    0.0000000e+00
       230    0.0000000e+00
       231    0.0000000e+00
       232    0.0000000e+00
       233    0.0000000e+00
       234    0.0000000e+00
       235    0.0000000e+00
       236    0.0000000e+00
       237    0.0000000e+00
       238    0.0000000e+00
       239    0.0000000e+00
       240    0.0000000e+00
       241    0.0000000e+00
       242    0.0000000e+00
       243    0.0000000e+00
       244    0.0000000e+00
       245    0.0000000e+00
       246    0.0000000e+00
       247    0.0000000e+00
       248    0.0000000e+00
       249    0.0000000e+00
       250    0.0000000e+00
       251    0.0000000e+00
       252    0.0000000e+00
       253    0.0000000e+00
       254    0.0000000e+00
       255    0.0000000e+00
       256    0.0000000e+00
