         1    9.9999994e-01
         2    9.9999994e-01
         3    9.9999994e-01
         4    9.9999994e-01
         5    9.9999994e-01
         6    9.9999994e-01
         7    9.9999994e-01
         8    9.9999994e-01
         9    9.9999994e-01
        10    9.9999994e-01
        11    9.9999994e-01
        12    9.9999994e-01
        13    9.9999994e-01
        14    9.9999994e-01
        15    9.9999994e-01
        16    9.9999994e-01
        17    9.9999994e-01
        18    9.9999994e-01
        19    9.9999994e-01
        20    9.9999994e-01
        21    9.9999994e-01
        22    9.9999994e-01
        23    9.9999994e-01
        24    9.9999994e-01
        25    9.9999994e-01
        26    9.9999994e-01
        27    9.9999994e-01
        28    9.9999994e-01
        29    9.9999994e-01
        30    9.9999994e-01
        31    9.9999994e-01
        32    9.9999994e-01
        33    9.9999994e-01
        34    9.9999994e-01
        35    9.9999994e-01
        36    9.9999994e-01
        37    9.9999994e-01
        38    9.9999994e-01
        39    9.9999994e-01
        40    9.9999994e-01
        41    9.9999994e-01
        42    9.9999994e-01
        43    9.9999994e-01
        44    9.9999994e-01
        45    9.9999994e-01
        46    9.9999994e-01
        47    9.9999994e-01
        48    9.9999994e-01
        49    9.9999994e-01
        50    9.9999994e-01
        51    9.9999994e-01
        52    9.9999994e-01
        53    9.9999994e-01
        54    9.9999994e-01
        55    9.9999994e-01
        56    9.9999994e-01
        57    9.9999994e-01
        58    9.9999994e-01
        59    9.9999994e-01
        60    9.9999994e-01
        61    9.9999994e-01
        62    9.9999994e-01
        63    9.9999994e-01
        64    9.9999994e-01
        65    9.9999994e-01
        66    9.9999994e-01
        67    9.9999994e-01
        68    9.9999994e-01
        69    9.9999994e-01
        70    9.9999994e-01
        71    9.9999994e-01
        72    9.9999994e-01
        73    9.9999994e-01
        74    9.9999994e-01
        75    9.9999994e-01
        76    9.9999994e-01
        77    9.9999994e-01
        78    9.9999994e-01
        79    9.9999994e-01
        80    9.9999994e-01
        81    9.9999994e-01
        82    9.9999994e-01
        83    9.9999994e-01
        84    9.9999994e-01
        85    9.9999994e-01
        86    9.9999988e-01
        87    9.9999970e-01
        88    9.9999905e-01
        89    9.9999732e-01
        90    9.9999225e-01
        91    9.9997777e-01
        92    9.9993587e-01
        93    9.9981540e-01
        94    9.9946839e-01
        95    9.9847007e-01
        96    9.9560237e-01
        97    9.8740703e-01
        98    9.6433008e-01
        99    9.0204614e-01
       100    7.5269085e-01
       101    4.8887241e-01
       102    2.3351742e-01
       103    9.2895880e-02
       104    3.4220181e-02
       105    1.2248704e-02
       106    4.3392805e-03
       107    1.5316615e-03
       108    5.3995388e-04
       109    1.9026738e-04
       110    6.7037043e-05
       111    2.3618566e-05
       112    8.3213963e-06
       113    2.9318915e-06
       114    1.0330232e-06
       115    3.6398450e-07
       116    1.2825262e-07
       117    4.5191825e-08
       118    1.5924430e-08
       119    5.6114908e-09
       120    1.9774395e-09
       121    6.9684908e-10
       122    2.4557542e-10
       123    8.6544938e-11
       124    3.0500633e-11
       125    1.0749452e-11
       126    3.7885567e-12
       127    1.3352762e-12
       128    4.7062842e-13
       129    1.6588028e-13
       130    5.8468353e-14
       131    2.0608979e-14
       132    7.2644290e-15
       133    2.5606835e-15
       134    9.0265051e-16
       135    3.1819446e-16
       136    1.1216950e-16
       137    3.9542674e-17
       138    1.3940109e-17
       139    4.9144537e-18
       140    1.7325791e-18
       141    6.1082889e-19
       142    2.1535484e-19
       143    7.5927367e-20
       144    2.6770133e-20
       145    9.4386777e-21
       146    3.3279754e-21
       147    1.1734306e-21
       148    4.1375472e-22
       149    1.4589375e-22
       150    5.1444447e-23
       151    1.8140462e-23
       152    6.3968498e-24
       153    2.2557547e-24
       154    7.9547299e-25
       155    2.8052192e-25
       156    9.8927231e-26
       157    3.4887722e-26
       158    1.2303736e-26
       159    4.3391926e-27
       160    1.5303416e-27
       161    5.3972843e-28
       162    1.9035734e-28
       163    6.7138447e-29
       164    2.3679921e-29
       165    8.3521149e-30
       166    2.9459124e-30
       167    1.0390834e-30
       168    3.6651187e-31
       169    1.2928042e-31
       170    4.5602060e-32
       171    1.6085817e-32
       172    5.6742538e-33
       173    2.0016180e-33
       174    7.0609071e-34
       175    2.4908441e-34
       176    8.7869752e-35
       177    3.0998374e-35
       178    1.0935663e-35
       179    3.8579618e-36
       180    1.3610601e-36
       181    4.8017907e-37
       182    1.6940868e-37
       183    5.9768799e-38
       184    2.1087244e-38
       185    7.4399756e-39
       186    2.6250006e-39
       187    9.2617701e-40
       188    3.2678701e-40
       189    1.1530304e-40
       190    4.0683898e-41
       191    1.4354901e-41
       192    5.0656939e-42
       193    1.7866555e-42
       194    6.3058431e-43
       195    2.2280646e-43
       196    7.8472714e-44
       197    2.8025969e-44
       198    9.8090893e-45
       199    2.8025969e-45
       200    0.0000000e+00
       201    0.0000000e+00
       202    0.0000000e+00
       203    0.0000000e+00
       204    0.0000000e+00
       205    0.0000000e+00
       206    0.0000000e+00
       207    0.0000000e+00
       208    0.0000000e+00
       209    0.0000000e+00
       210    0.0000000e+00
       211    0.0000000e+00
       212    0.0000000e+00
       213    0.0000000e+00
       214    0.0000000e+00
       215    0.0000000e+00
       216    0.0000000e+00
       217    0.0000000e+00
       218    0.0000000e+00
       219    0.0000000e+00
       220    0.0000000e+00
       221    0.0000000e+00
       222    0.0000000e+00
       223    0.0000000e+00
       224    0.0000000e+00
       225    0.0000000e+00
       226    0.0000000e+00
       227    0.0000000e+00
       228    0.0000000e+00
       229    0.0000000e+00
       230    0.0000000e+00
       231    0.0000000e+00
       232    0.0000000e+00
       233    0.0000000e+00
       234    0.0000000e+00
       235    0.0000000e+00
       236    0.0000000e+00
       237    0.0000000e+00
       238    0.0000000e+00
       239    0.0000000e+00
       240    0.0000000e+00
       241    0.0000000e+00
       242    0.0000000e+00
       243    0.0000000e+00
       244    0.0000000e+00
       245    0.0000000e+00
       246    0.0000000e+00
       247    0.0000000e+00
       248    0.0000000e+00
       249    0.0000000e+00
       250    0.0000000e+00
       251    0.0000000e+00
       252    0.0000000e+00
       253    0.0000000e+00
       254    0.0000000e+00
       255    0.0000000e+00
       256    0.0000000e+00
