         1    1.0000000e+00
         2    1.0000000e+00
         3    1.0000000e+00
         4    1.0000000e+00
         5    1.0000000e+00
         6    1.0000000e+00
         7    1.0000000e+00
         8    1.0000000e+00
         9    1.0000000e+00
        10    1.0000000e+00
        11    1.0000000e+00
        12    1.0000000e+00
        13    1.0000000e+00
        14    1.0000000e+00
        15    1.0000000e+00
        16    1.0000000e+00
        17    1.0000000e+00
        18    1.0000000e+00
        19    1.0000000e+00
        20    1.0000000e+00
        21    1.0000000e+00
        22    1.0000000e+00
        23    1.0000000e+00
        24    1.0000000e+00
        25    1.0000000e+00
        26    1.0000000e+00
        27    1.0000000e+00
        28    1.0000000e+00
        29    1.0000000e+00
        30    1.0000000e+00
        31    1.0000000e+00
        32    1.0000000e+00
        33    1.0000000e+00
        34    1.0000000e+00
        35    1.0000000e+00
        36    1.0000000e+00
        37    1.0000000e+00
        38    1.0000000e+00
        39    1.0000000e+00
        40    1.0000000e+00
        41    1.0000000e+00
        42    1.0000000e+00
        43    1.0000000e+00
        44    1.0000000e+00
        45    1.0000000e+00
        46    1.0000000e+00
        47    1.0000000e+00
        48    1.0000000e+00
        49    1.0000000e+00
        50    1.0000000e+00
        51    1.0000000e+00
        52    1.0000000e+00
        53    1.0000000e+00
        54    1.0000000e+00
        55    1.0000000e+00
        56    1.0000000e+00
        57    1.0000000e+00
        58    1.0000000e+00
        59    1.0000000e+00
        60    9.9999994e-01
        61    9.9999988e-01
        62    9.9999970e-01
        63    9.9999905e-01
        64    9.9999714e-01
        65    9.9999148e-01
        66    9.9997443e-01
        67    9.9992323e-01
        68    9.9976981e-01
        69    9.9930942e-01
        70    9.9793017e-01
        71    9.9380952e-01
        72    9.8159224e-01
        73    9.4618040e-01
        74    8.5030365e-01
        75    6.3717306e-01
        76    3.4868222e-01
        77    1.4887398e-01
        78    5.6528941e-02
        79    2.0506080e-02
        80    7.3158178e-03
        81    2.5946533e-03
        82    9.1835117e-04
        83    3.2482352e-04
        84    1.1487004e-04
        85    4.0622032e-05
        86    1.4366095e-05
        87    5.0809831e-06
        88    1.7971829e-06
        89    6.3573157e-07
        90    2.2490183e-07
        91    7.9570199e-08
        92    2.8154421e-08
        93    9.9628092e-09
        94    3.5257908e-09
        95    1.2478755e-09
        96    4.4169901e-10
        97    1.5635887e-10
        98    5.5355418e-11
        99    1.9599263e-11
       100    6.9400393e-12
       101    2.4576912e-12
       102    8.7043534e-13
       103    3.0831183e-13
       104    1.0921670e-13
       105    3.8693129e-14
       106    1.3709617e-14
       107    4.8580757e-15
       108    1.7216766e-15
       109    6.1022233e-16
       110    2.1630908e-16
       111    7.6685367e-17
       112    2.7189574e-17
       113    9.6415196e-18
       114    3.4193450e-18
       115    1.2128186e-18
       116    4.3023478e-19
       117    1.5264173e-19
       118    5.4162717e-20
       119    1.9221555e-20
       120    6.8224274e-21
       121    2.4218843e-21
       122    8.5987141e-22
       123    3.0533819e-22
       124    1.0844215e-22
       125    3.8520018e-23
       126    1.3685108e-23
       127    4.8627926e-24
       128    1.7282286e-24
       129    6.1432351e-25
       130    2.1841182e-25
       131    7.7667793e-26
       132    2.7624510e-26
       133    9.8274304e-27
       134    3.4968771e-27
       135    1.2445692e-27
       136    4.4305701e-28
       137    1.5776314e-28
       138    5.6190204e-29
       139    2.0018364e-29
       140    7.1336746e-30
       141    2.5428371e-30
       142    9.0666735e-31
       143    3.2337405e-31
       144    1.1537010e-31
       145    4.1173265e-32
       146    1.4698515e-32
       147    5.2489121e-33
       148    1.8750099e-33
       149    6.7000147e-34
       150    2.3948819e-34
       151    8.5629839e-35
       152    3.0626231e-35
       153    1.0956752e-35
       154    3.9208491e-36
       155    1.4033811e-36
       156    5.0240348e-37
       157    1.7988390e-37
       158    6.4412791e-38
       159    2.3065666e-38
       160    8.2593134e-39
       161    2.9571419e-39
       162    1.0585535e-39
       163    3.7881301e-40
       164    1.3550696e-40
       165    4.8447092e-41
       166    1.7308839e-41
       167    6.1797262e-42
       168    2.2042425e-42
       169    7.8472714e-43
       170    2.7885839e-43
       171    9.8090893e-44
       172    3.5032462e-44
       173    1.1210388e-44
       174    2.8025969e-45
       175    0.0000000e+00
       176    0.0000000e+00
       177    0.0000000e+00
       178    0.0000000e+00
       179    0.0000000e+00
       180    0.0000000e+00
       181    0.0000000e+00
       182    0.0000000e+00
       183    0.0000000e+00
       184    0.0000000e+00
       185    0.0000000e+00
       186    0.0000000e+00
       187    0.0000000e+00
       188    0.0000000e+00
       189    0.0000000e+00
       190    0.0000000e+00
       191    0.0000000e+00
       192    0.0000000e+00
       193    0.0000000e+00
       194    0.0000000e+00
       195    0.0000000e+00
       196    0.0000000e+00
       197    0.0000000e+00
       198    0.0000000e+00
       199    0.0000000e+00
       200    0.0000000e+00
       201    0.0000000e+00
       202    0.0000000e+00
       203    0.0000000e+00
       204    0.0000000e+00
       205    0.0000000e+00
       206    0.0000000e+00
       207    0.0000000e+00
       208    0.0000000e+00
       209    0.0000000e+00
       210    0.0000000e+00
       211    0.0000000e+00
       212    0.0000000e+00
       213    0.0000000e+00
       214    0.0000000e+00
       215    0.0000000e+00
       216    0.0000000e+00
       217    0.0000000e+00
       218    0.0000000e+00
       219    0.0000000e+00
       220    0.0000000e+00
       221    0.0000000e+00
       222    0.0000000e+00
       223    0.0000000e+00
       224    0.0000000e+00
       225    0.0000000e+00
       226    0.0000000e+00
       227    0.0000000e+00
       228    0.0000000e+00
       229    0.0000000e+00
       230    0.0000000e+00
       231    0.0000000e+00
       232    0.0000000e+00
       233    0.0000000e+00
       234    0.0000000e+00
       235    0.0000000e+00
       236    0.0000000e+00
       237    0.0000000e+00
       238    0.0000000e+00
       239    0.0000000e+00
       240    0.0000000e+00
       241    0.0000000e+00
       242    0.0000000e+00
       243    0.0000000e+00
       244    0.0000000e+00
       245    0.0000000e+00
       246    0.0000000e+00
       247    0.0000000e+00
       248    0.0000000e+00
       249    0.0000000e+00
       250    0.0000000e+00
       251    0.0000000e+00
       252    0.0000000e+00
       253    0.0000000e+00
       254    0.0000000e+00
       255    0.0000000e+00
       256    0.0000000e+00
