         1    1.0000000e+00
         2    1.0000000e+00
         3    1.0000000e+00
         4    1.0000000e+00
         5    1.0000000e+00
         6    1.0000000e+00
         7    1.0000000e+00
         8    1.0000000e+00
         9    1.0000000e+00
        10    1.0000000e+00
        11    1.0000000e+00
        12    1.0000000e+00
        13    1.0000000e+00
        14    1.0000000e+00
        15    1.0000000e+00
        16    1.0000000e+00
        17    1.0000000e+00
        18    1.0000000e+00
        19    1.0000000e+00
        20    1.0000000e+00
        21    1.0000000e+00
        22    1.0000000e+00
        23    1.0000000e+00
        24    1.0000000e+00
        25    1.0000000e+00
        26    1.0000000e+00
        27    1.0000000e+00
        28    1.0000000e+00
        29    1.0000000e+00
        30    1.0000000e+00
        31    1.0000000e+00
        32    1.0000000e+00
        33    1.0000000e+00
        34    1.0000000e+00
        35    1.0000000e+00
        36    1.0000000e+00
        37    1.0000000e+00
        38    1.0000000e+00
        39    1.0000000e+00
        40    1.0000000e+00
        41    1.0000000e+00
        42    1.0000000e+00
        43    1.0000000e+00
        44    1.0000000e+00
        45    1.0000000e+00
        46    1.0000000e+00
        47    1.0000000e+00
        48    1.0000000e+00
        49    1.0000000e+00
        50    1.0000000e+00
        51    1.0000000e+00
        52    1.0000000e+00
        53    1.0000000e+00
        54    1.0000000e+00
        55    1.0000000e+00
        56    1.0000000e+00
        57    1.0000000e+00
        58    1.0000000e+00
        59    1.0000000e+00
        60    1.0000000e+00
        61    1.0000000e+00
        62    1.0000000e+00
        63    1.0000000e+00
        64    1.0000000e+00
        65    1.0000000e+00
        66    1.0000000e+00
        67    1.0000000e+00
        68    1.0000000e+00
        69    1.0000000e+00
        70    1.0000000e+00
        71    1.0000000e+00
        72    1.0000000e+00
        73    1.0000000e+00
        74    1.0000000e+00
        75    1.0000000e+00
        76    1.0000000e+00
        77    1.0000000e+00
        78    1.0000000e+00
        79    1.0000000e+00
        80    1.0000000e+00
        81    1.0000000e+00
        82    1.0000000e+00
        83    1.0000000e+00
        84    1.0000000e+00
        85    1.0000000e+00
        86    1.0000000e+00
        87    1.0000000e+00
        88    1.0000000e+00
        89    1.0000000e+00
        90    1.0000000e+00
        91    1.0000000e+00
        92    1.0000000e+00
        93    1.0000000e+00
        94    1.0000000e+00
        95    1.0000000e+00
        96    1.0000000e+00
        97    1.0000000e+00
        98    1.0000000e+00
        99    1.0000000e+00
       100    1.0000000e+00
       101    1.0000000e+00
       102    1.0000000e+00
       103    1.0000000e+00
       104    1.0000000e+00
       105    1.0000000e+00
       106    1.0000000e+00
       107    1.0000000e+00
       108    1.0000000e+00
       109    1.0000000e+00
       110    1.0000000e+00
       111    1.0000000e+00
       112    1.0000000e+00
       113    1.0000000e+00
       114    1.0000000e+00
       115    1.0000000e+00
       116    1.0000000e+00
       117    1.0000000e+00
       118    1.0000000e+00
       119    1.0000000e+00
       120    1.0000000e+00
       121    1.0000000e+00
       122    1.0000000e+00
       123    1.0000000e+00
       124    1.0000000e+00
       125    1.0000000e+00
       126    9.9999994e-01
       127    9.9999988e-01
       128    9.9999958e-01
       129    9.9999881e-01
       130    9.9999648e-01
       131    9.9998945e-01
       132    9.9996823e-01
       133    9.9990475e-01
       134    9.9971396e-01
       135    9.9914140e-01
       136    9.9742454e-01
       137    9.9229521e-01
       138    9.7712451e-01
       139    9.3352973e-01
       140    8.1839508e-01
       141    5.7911396e-01
       142    2.9780176e-01
       143    1.2297860e-01
       144    4.6052817e-02
       145    1.6613265e-02
       146    5.9124809e-03
       147    2.0940767e-03
       148    7.4042397e-04
       149    2.6164652e-04
       150    9.2441383e-05
       151    3.2658420e-05
       152    1.1537784e-05
       153    4.0762025e-06
       154    1.4401173e-06
       155    5.0880311e-07
       156    1.7976774e-07
       157    6.3516126e-08
       158    2.2442260e-08
       159    7.9297511e-09
       160    2.8019664e-09
       161    9.9009478e-10
       162    3.4986555e-10
       163    1.2363349e-10
       164    4.3689965e-11
       165    1.5439665e-11
       166    5.4563823e-12
       167    1.9283349e-12
       168    6.8150791e-13
       169    2.4086307e-13
       170    8.5129576e-14
       171    3.0088575e-14
       172    1.0634910e-14
       173    3.7590416e-15
       174    1.3287141e-15
       175    4.6967474e-16
       176    1.6602522e-16
       177    5.8689755e-17
       178    2.0747318e-17
       179    7.3345427e-18
       180    2.5929591e-18
       181    9.1670565e-19
       182    3.2409764e-19
       183    1.1458653e-19
       184    4.0513814e-20
       185    1.4324671e-20
       186    5.0649856e-21
       187    1.7909514e-21
       188    6.3328860e-22
       189    2.2394004e-22
       190    7.9190711e-23
       191    2.8004591e-23
       192    9.9036832e-24
       193    3.5024904e-24
       194    1.2387109e-24
       195    4.3810258e-25
       196    1.5495110e-25
       197    5.4805816e-26
       198    1.9385269e-26
       199    6.8569408e-27
       200    2.4255058e-27
       201    8.5800121e-28
       202    3.0351987e-28
       203    1.0737427e-28
       204    3.7986323e-29
       205    1.3439046e-29
       206    4.7547076e-30
       207    1.6822620e-30
       208    5.9522064e-31
       209    2.1060902e-31
       210    7.4523086e-32
       211    2.6370582e-32
       212    9.3317640e-33
       213    3.3023501e-33
       214    1.1686863e-33
       215    4.1360756e-34
       216    1.4638440e-34
       217    5.1810430e-35
       218    1.8338162e-35
       219    6.4909888e-36
       220    2.2976429e-36
       221    8.1333793e-37
       222    2.8792316e-37
       223    1.0192937e-37
       224    3.6086070e-38
       225    1.2776077e-38
       226    4.5234867e-39
       227    1.6016491e-39
       228    5.6712511e-40
       229    2.0082148e-40
       230    7.1114496e-41
       231    2.5184136e-41
       232    8.9192647e-42
       233    3.1585267e-42
       234    1.1182362e-42
       235    3.9516617e-43
       236    1.4012985e-43
       237    4.9045446e-44
       238    1.6815582e-44
       239    5.6051939e-45
       240    1.4012985e-45
       241    0.0000000e+00
       242    0.0000000e+00
       243    0.0000000e+00
       244    0.0000000e+00
       245    0.0000000e+00
       246    0.0000000e+00
       247    0.0000000e+00
       248    0.0000000e+00
       249    0.0000000e+00
       250    0.0000000e+00
       251    0.0000000e+00
       252    0.0000000e+00
       253    0.0000000e+00
       254    0.0000000e+00
       255    0.0000000e+00
       256    0.0000000e+00
