         1    1.0000000e+00
         2    1.0000000e+00
         3    1.0000000e+00
         4    1.0000000e+00
         5    1.0000000e+00
         6    1.0000000e+00
         7    1.0000000e+00
         8    1.0000000e+00
         9    1.0000000e+00
        10    1.0000000e+00
        11    1.0000000e+00
        12    1.0000000e+00
        13    1.0000000e+00
        14    1.0000000e+00
        15    1.0000000e+00
        16    1.0000000e+00
        17    1.0000000e+00
        18    1.0000000e+00
        19    1.0000000e+00
        20    1.0000000e+00
        21    1.0000000e+00
        22    1.0000000e+00
        23    1.0000000e+00
        24    1.0000000e+00
        25    1.0000000e+00
        26    1.0000000e+00
        27    1.0000000e+00
        28    1.0000000e+00
        29    1.0000000e+00
        30    1.0000000e+00
        31    1.0000000e+00
        32    1.0000000e+00
        33    1.0000000e+00
        34    1.0000000e+00
        35    1.0000000e+00
        36    1.0000000e+00
        37    1.0000000e+00
        38    1.0000000e+00
        39    1.0000000e+00
        40    1.0000000e+00
        41    1.0000000e+00
        42    1.0000000e+00
        43    1.0000000e+00
        44    1.0000000e+00
        45    1.0000000e+00
        46    1.0000000e+00
        47    1.0000000e+00
        48    1.0000000e+00
        49    1.0000000e+00
        50    1.0000000e+00
        51    1.0000000e+00
        52    1.0000000e+00
        53    1.0000000e+00
        54    1.0000000e+00
        55    1.0000000e+00
        56    1.0000000e+00
        57    1.0000000e+00
        58    1.0000000e+00
        59    1.0000000e+00
        60    1.0000000e+00
        61    1.0000000e+00
        62    1.0000000e+00
        63    1.0000000e+00
        64    1.0000000e+00
        65    1.0000000e+00
        66    1.0000000e+00
        67    1.0000000e+00
        68    1.0000000e+00
        69    1.0000000e+00
        70    1.0000000e+00
        71    1.0000000e+00
        72    1.0000000e+00
        73    1.0000000e+00
        74    1.0000000e+00
        75    1.0000000e+00
        76    1.0000000e+00
        77    1.0000000e+00
        78    1.0000000e+00
        79    1.0000000e+00
        80    1.0000000e+00
        81    1.0000000e+00
        82    1.0000000e+00
        83    1.0000000e+00
        84    1.0000000e+00
        85    1.0000000e+00
        86    1.0000000e+00
        87    1.0000000e+00
        88    1.0000000e+00
        89    1.0000000e+00
        90    1.0000000e+00
        91    1.0000000e+00
        92    1.0000000e+00
        93    1.0000000e+00
        94    1.0000000e+00
        95    1.0000000e+00
        96    1.0000000e+00
        97    1.0000000e+00
        98    1.0000000e+00
        99    1.0000000e+00
       100    1.0000000e+00
       101    1.0000000e+00
       102    1.0000000e+00
       103    1.0000000e+00
       104    1.0000000e+00
       105    1.0000000e+00
       106    1.0000000e+00
       107    1.0000000e+00
       108    1.0000000e+00
       109    1.0000000e+00
       110    1.0000000e+00
       111    1.0000000e+00
       112    1.0000000e+00
       113    1.0000000e+00
       114    1.0000000e+00
       115    1.0000000e+00
       116    1.0000000e+00
       117    1.0000000e+00
       118    1.0000000e+00
       119    1.0000000e+00
       120    1.0000000e+00
       121    1.0000000e+00
       122    1.0000000e+00
       123    1.0000000e+00
       124    1.0000000e+00
       125    1.0000000e+00
       126    1.0000000e+00
       127    1.0000000e+00
       128    1.0000000e+00
       129    1.0000000e+00
       130    1.0000000e+00
       131    1.0000000e+00
       132    1.0000000e+00
       133    1.0000000e+00
       134    1.0000000e+00
       135    1.0000000e+00
       136    1.0000000e+00
       137    1.0000000e+00
       138    1.0000000e+00
       139    1.0000000e+00
       140    1.0000000e+00
       141    1.0000000e+00
       142    1.0000000e+00
       143    1.0000000e+00
       144    1.0000000e+00
       145    1.0000000e+00
       146    1.0000000e+00
       147    1.0000000e+00
       148    1.0000000e+00
       149    1.0000000e+00
       150    1.0000000e+00
       151    1.0000000e+00
       152    1.0000000e+00
       153    1.0000000e+00
       154    1.0000000e+00
       155    1.0000000e+00
       156    1.0000000e+00
       157    1.0000000e+00
       158    1.0000000e+00
       159    9.9999994e-01
       160    9.9999988e-01
       161    9.9999964e-01
       162    9.9999881e-01
       163    9.9999654e-01
       164    9.9998951e-01
       165    9.9996859e-01
       166    9.9990571e-01
       167    9.9971694e-01
       168    9.9915022e-01
       169    9.9745065e-01
       170    9.9237204e-01
       171    9.7734761e-01
       172    9.3414819e-01
       173    8.1989932e-01
       174    5.8165646e-01
       175    2.9983371e-01
       176    1.2396002e-01
       177    4.6437960e-02
       178    1.6753186e-02
       179    5.9618941e-03
       180    2.1113392e-03
       181    7.4642664e-04
       182    2.6372861e-04
       183    9.3162278e-05
       184    3.2907614e-05
       185    1.1623787e-05
       186    4.1058343e-06
       187    1.4503084e-06
       188    5.1230131e-07
       189    1.8096605e-07
       190    6.3925683e-08
       191    2.2581895e-08
       192    7.9772295e-09
       193    2.8180625e-09
       194    9.9553354e-10
       195    3.5169645e-10
       196    1.2424728e-10
       197    4.3894752e-11
       198    1.5507623e-11
       199    5.4787910e-12
       200    1.9356693e-12
       201    6.8388725e-13
       202    2.4162662e-13
       203    8.5371333e-14
       204    3.0163819e-14
       205    1.0657801e-14
       206    3.7657886e-15
       207    1.3306118e-15
       208    4.7016893e-16
       209    1.6613596e-16
       210    5.8705723e-17
       211    2.0744571e-17
       212    7.3305358e-18
       213    2.5904443e-18
       214    9.1541928e-19
       215    3.2349920e-19
       216    1.1432303e-19
       217    4.0401882e-20
       218    1.4278314e-20
       219    5.0461442e-21
       220    1.7834046e-21
       221    6.3030052e-22
       222    2.2276811e-22
       223    7.8734667e-23
       224    2.7828299e-23
       225    9.8359193e-24
       226    3.4765700e-24
       227    1.2288385e-24
       228    4.3435668e-25
       229    1.5353451e-25
       230    5.4271695e-26
       231    1.9184425e-26
       232    6.7815999e-27
       233    2.3973067e-27
       234    8.4746772e-28
       235    2.9959241e-28
       236    1.0591238e-28
       237    3.7443015e-29
       238    1.3237418e-29
       239    4.6799808e-30
       240    1.6546010e-30
       241    5.8499342e-31
       242    2.0683176e-31
       243    7.3129408e-32
       244    2.5856844e-32
       245    9.1425572e-33
       246    3.2327241e-33
       247    1.1430848e-33
       248    4.0420080e-34
       249    1.4293049e-34
       250    5.0543135e-35
       251    1.7873604e-35
       252    6.3212065e-36
       253    2.2368002e-36
       254    7.9487146e-37
       255    2.9193305e-37
       256    1.3384113e-37
