         1    1.0000000e+00
         2    1.0000000e+00
         3    1.0000000e+00
         4    1.0000000e+00
         5    1.0000000e+00
         6    1.0000000e+00
         7    1.0000000e+00
         8    1.0000000e+00
         9    1.0000000e+00
        10    1.0000000e+00
        11    1.0000000e+00
        12    1.0000000e+00
        13    1.0000000e+00
        14    1.0000000e+00
        15    1.0000000e+00
        16    1.0000000e+00
        17    1.0000000e+00
        18    1.0000000e+00
        19    1.0000000e+00
        20    1.0000000e+00
        21    1.0000000e+00
        22    1.0000000e+00
        23    1.0000000e+00
        24    1.0000000e+00
        25    1.0000000e+00
        26    1.0000000e+00
        27    1.0000000e+00
        28    1.0000000e+00
        29    1.0000000e+00
        30    1.0000000e+00
        31    1.0000000e+00
        32    1.0000000e+00
        33    1.0000000e+00
        34    1.0000000e+00
        35    1.0000000e+00
        36    1.0000000e+00
        37    1.0000000e+00
        38    1.0000000e+00
        39    1.0000000e+00
        40    1.0000000e+00
        41    1.0000000e+00
        42    1.0000000e+00
        43    1.0000000e+00
        44    9.9999994e-01
        45    9.9999988e-01
        46    9.9999952e-01
        47    9.9999863e-01
        48    9.9999577e-01
        49    9.9998730e-01
        50    9.9996197e-01
        51    9.9988604e-01
        52    9.9965847e-01
        53    9.9897641e-01
        54    9.9693441e-01
        55    9.9084455e-01
        56    9.7289872e-01
        57    9.2181617e-01
        58    7.9026335e-01
        59    5.3361392e-01
        60    2.6305291e-01
        61    1.0646392e-01
        62    3.9580841e-02
        63    1.4251417e-02
        64    5.0726319e-03
        65    1.7983088e-03
        66    6.3667027e-04
        67    2.2531905e-04
        68    7.9737227e-05
        69    2.8219982e-05
        70    9.9885783e-06
        71    3.5359751e-06
        72    1.2519195e-06
        73    4.4330943e-07
        74    1.5700087e-07
        75    5.5611263e-08
        76    1.9701085e-08
        77    6.9804797e-09
        78    2.4737137e-09
        79    8.7676610e-10
        80    3.1080619e-10
        81    1.1019669e-10
        82    3.9077061e-11
        83    1.3859618e-11
        84    4.9165273e-12
        85    1.7443965e-12
        86    6.1903249e-13
        87    2.1971779e-13
        88    7.8001448e-14
        89    2.7696707e-14
        90    9.8365792e-15
        91    3.4942432e-15
        92    1.2415325e-15
        93    4.4122682e-16
        94    1.5684394e-16
        95    5.5767213e-17
        96    1.9833488e-17
        97    7.0555686e-18
        98    2.5106241e-18
        99    8.9361873e-19
       100    3.1816194e-19
       101    1.1331154e-19
       102    4.0367765e-20
       103    1.4385826e-20
       104    5.1283691e-21
       105    1.8288281e-21
       106    6.5240943e-22
       107    2.3282282e-22
       108    8.3117509e-23
       109    2.9684110e-23
       110    1.0605276e-23
       111    3.7904139e-24
       112    1.3552418e-24
       113    4.8474004e-25
       114    1.7344303e-25
       115    6.2079939e-26
       116    2.2226926e-26
       117    7.9602067e-27
       118    2.8514417e-27
       119    1.0215825e-27
       120    3.6603228e-28
       121    1.3114894e-28
       122    4.6985772e-29
       123    1.6829632e-29
       124    6.0260715e-30
       125    2.1566718e-30
       126    7.7135986e-31
       127    2.7566462e-31
       128    9.8418976e-32
       129    3.5096914e-32
       130    1.2498732e-32
       131    4.4440725e-33
       132    1.5773325e-33
       133    5.5872615e-34
       134    1.9747566e-34
       135    6.9625988e-35
       136    2.4483656e-35
       137    8.5848424e-36
       138    3.0008488e-36
       139    1.0454831e-36
       140    3.6295888e-37
       141    1.2553740e-37
       142    4.3248740e-38
       143    1.4837797e-38
       144    5.0684321e-39
       145    1.7234584e-39
       146    5.8326666e-40
       147    1.9642141e-40
       148    6.5809180e-41
       149    2.1931722e-41
       150    7.2699364e-42
       151    2.3948191e-42
       152    7.8472714e-43
       153    2.5503632e-43
       154    8.2676609e-44
       155    2.6624671e-44
       156    8.4077908e-45
       157    2.8025969e-45
       158    0.0000000e+00
       159    0.0000000e+00
       160    0.0000000e+00
       161    0.0000000e+00
       162    0.0000000e+00
       163    0.0000000e+00
       164    0.0000000e+00
       165    0.0000000e+00
       166    0.0000000e+00
       167    0.0000000e+00
       168    0.0000000e+00
       169    0.0000000e+00
       170    0.0000000e+00
       171    0.0000000e+00
       172    0.0000000e+00
       173    0.0000000e+00
       174    0.0000000e+00
       175    0.0000000e+00
       176    0.0000000e+00
       177    0.0000000e+00
       178    0.0000000e+00
       179    0.0000000e+00
       180    0.0000000e+00
       181    0.0000000e+00
       182    0.0000000e+00
       183    0.0000000e+00
       184    0.0000000e+00
       185    0.0000000e+00
       186    0.0000000e+00
       187    0.0000000e+00
       188    0.0000000e+00
       189    0.0000000e+00
       190    0.0000000e+00
       191    0.0000000e+00
       192    0.0000000e+00
       193    0.0000000e+00
       194    0.0000000e+00
       195    0.0000000e+00
       196    0.0000000e+00
       197    0.0000000e+00
       198    0.0000000e+00
       199    0.0000000e+00
       200    0.0000000e+00
       201    0.0000000e+00
       202    0.0000000e+00
       203    0.0000000e+00
       204    0.0000000e+00
       205    0.0000000e+00
       206    0.0000000e+00
       207    0.0000000e+00
       208    0.0000000e+00
       209    0.0000000e+00
       210    0.0000000e+00
       211    0.0000000e+00
       212    0.0000000e+00
       213    0.0000000e+00
       214    0.0000000e+00
       215    0.0000000e+00
       216    0.0000000e+00
       217    0.0000000e+00
       218    0.0000000e+00
       219    0.0000000e+00
       220    0.0000000e+00
       221    0.0000000e+00
       222    0.0000000e+00
       223    0.0000000e+00
       224    0.0000000e+00
       225    0.0000000e+00
       226    0.0000000e+00
       227    0.0000000e+00
       228    0.0000000e+00
       229    0.0000000e+00
       230    0.0000000e+00
       231    0.0000000e+00
       232    0.0000000e+00
       233    0.0000000e+00
       234    0.0000000e+00
       235    0.0000000e+00
       236    0.0000000e+00
       237    0.0000000e+00
       238    0.0000000e+00
       239    0.0000000e+00
       240    0.0000000e+00
       241    0.0000000e+00
       242    0.0000000e+00
       243    0.0000000e+00
       244    0.0000000e+00
       245    0.0000000e+00
       246    0.0000000e+00
       247    0.0000000e+00
       248    0.0000000e+00
       249    0.0000000e+00
       250    0.0000000e+00
       251    0.0000000e+00
       252    0.0000000e+00
       253    0.0000000e+00
       254    0.0000000e+00
       255    0.0000000e+00
       256    0.0000000e+00
