         1    1.0000000e+00
         2    1.0000000e+00
         3    1.0000000e+00
         4    1.0000000e+00
         5    1.0000000e+00
         6    1.0000000e+00
         7    1.0000000e+00
         8    1.0000000e+00
         9    1.0000000e+00
        10    1.0000000e+00
        11    1.0000000e+00
        12    1.0000000e+00
        13    1.0000000e+00
        14    1.0000000e+00
        15    1.0000000e+00
        16    1.0000000e+00
        17    1.0000000e+00
        18    1.0000000e+00
        19    1.0000000e+00
        20    1.0000000e+00
        21    1.0000000e+00
        22    1.0000000e+00
        23    1.0000000e+00
        24    1.0000000e+00
        25    1.0000000e+00
        26    1.0000000e+00
        27    1.0000000e+00
        28    1.0000000e+00
        29    1.0000000e+00
        30    1.0000000e+00
        31    1.0000000e+00
        32    1.0000000e+00
        33    1.0000000e+00
        34    1.0000000e+00
        35    1.0000000e+00
        36    1.0000000e+00
        37    1.0000000e+00
        38    1.0000000e+00
        39    1.0000000e+00
        40    1.0000000e+00
        41    1.0000000e+00
        42    1.0000000e+00
        43    1.0000000e+00
        44    1.0000000e+00
        45    1.0000000e+00
        46    1.0000000e+00
        47    1.0000000e+00
        48    1.0000000e+00
        49    1.0000000e+00
        50    1.0000000e+00
        51    1.0000000e+00
        52    1.0000000e+00
        53    1.0000000e+00
        54    1.0000000e+00
        55    1.0000000e+00
        56    1.0000000e+00
        57    1.0000000e+00
        58    1.0000000e+00
        59    1.0000000e+00
        60    1.0000000e+00
        61    1.0000000e+00
        62    1.0000000e+00
        63    1.0000000e+00
        64    1.0000000e+00
        65    1.0000000e+00
        66    1.0000000e+00
        67    1.0000000e+00
        68    1.0000000e+00
        69    1.0000000e+00
        70    1.0000000e+00
        71    1.0000000e+00
        72    1.0000000e+00
        73    1.0000000e+00
        74    1.0000000e+00
        75    1.0000000e+00
        76    1.0000000e+00
        77    1.0000000e+00
        78    1.0000000e+00
        79    1.0000000e+00
        80    1.0000000e+00
        81    1.0000000e+00
        82    1.0000000e+00
        83    1.0000000e+00
        84    1.0000000e+00
        85    1.0000000e+00
        86    1.0000000e+00
        87    1.0000000e+00
        88    1.0000000e+00
        89    1.0000000e+00
        90    1.0000000e+00
        91    1.0000000e+00
        92    1.0000000e+00
        93    1.0000000e+00
        94    1.0000000e+00
        95    1.0000000e+00
        96    1.0000000e+00
        97    1.0000000e+00
        98    1.0000000e+00
        99    1.0000000e+00
       100    1.0000000e+00
       101    1.0000000e+00
       102    1.0000000e+00
       103    1.0000000e+00
       104    1.0000000e+00
       105    1.0000000e+00
       106    1.0000000e+00
       107    1.0000000e+00
       108    1.0000000e+00
       109    1.0000000e+00
       110    9.9999988e-01
       111    9.9999976e-01
       112    9.9999934e-01
       113    9.9999803e-01
       114    9.9999398e-01
       115    9.9998200e-01
       116    9.9994588e-01
       117    9.9983758e-01
       118    9.9951261e-01
       119    9.9853814e-01
       120    9.9562049e-01
       121    9.8692930e-01
       122    9.6145958e-01
       123    8.9043629e-01
       124    7.1887648e-01
       125    4.3550375e-01
       126    1.9770558e-01
       127    7.7014588e-02
       128    2.8196028e-02
       129    1.0088725e-02
       130    3.5802545e-03
       131    1.2668672e-03
       132    4.4782719e-04
       133    1.5824990e-04
       134    5.5915618e-05
       135    1.9756773e-05
       136    6.9807957e-06
       137    2.4666328e-06
       138    8.7159844e-07
       139    3.0799333e-07
       140    1.0883771e-07
       141    3.8461906e-08
       142    1.3592383e-08
       143    4.8036779e-09
       144    1.6977186e-09
       145    6.0002747e-10
       146    2.1207537e-10
       147    7.4958872e-11
       148    2.6495355e-11
       149    9.3654858e-12
       150    3.3105857e-12
       151    1.1702898e-12
       152    4.1371014e-13
       153    1.4625581e-13
       154    5.1706411e-14
       155    1.8280584e-14
       156    6.4632392e-15
       157    2.2852040e-15
       158    8.0800575e-16
       159    2.8570559e-16
       160    1.0102711e-16
       161    3.5724991e-17
       162    1.2633437e-17
       163    4.4677220e-18
       164    1.5800329e-18
       165    5.5880672e-19
       166    1.9763907e-19
       167    6.9903618e-20
       168    2.4725349e-20
       169    8.7458355e-21
       170    3.0936868e-21
       171    1.0943788e-21
       172    3.8714670e-22
       173    1.3696199e-22
       174    4.8455311e-23
       175    1.7143508e-23
       176    6.0656193e-24
       177    2.1461888e-24
       178    7.5941332e-25
       179    2.6872382e-25
       180    9.5093756e-26
       181    3.3652393e-26
       182    1.1909628e-26
       183    4.2150129e-27
       184    1.4918267e-27
       185    5.2802774e-28
       186    1.8690214e-28
       187    6.6159347e-29
       188    2.3420048e-29
       189    8.2909486e-30
       190    2.9352211e-30
       191    1.0391968e-30
       192    3.6793871e-31
       193    1.3027891e-31
       194    4.6131118e-32
       195    1.6335613e-32
       196    5.7849379e-33
       197    2.0487270e-33
       198    7.2559120e-34
       199    2.5699383e-34
       200    9.1028343e-35
       201    3.2244378e-35
       202    1.1422345e-35
       203    4.0465120e-36
       204    1.4336101e-36
       205    5.0793285e-37
       206    1.7997286e-37
       207    6.3772533e-38
       208    2.2598865e-38
       209    8.0087809e-39
       210    2.8383987e-39
       211    1.0060230e-39
       212    3.5659122e-40
       213    1.2640413e-40
       214    4.4810722e-41
       215    1.5886521e-41
       216    5.6318185e-42
       217    1.9968503e-42
       218    7.0765572e-43
       219    2.5083243e-43
       220    8.8281803e-44
       221    3.0828566e-44
       222    9.8090893e-45
       223    2.8025969e-45
       224    0.0000000e+00
       225    0.0000000e+00
       226    0.0000000e+00
       227    0.0000000e+00
       228    0.0000000e+00
       229    0.0000000e+00
       230    0.0000000e+00
       231    0.0000000e+00
       232    0.0000000e+00
       233    0.0000000e+00
       234    0.0000000e+00
       235    0.0000000e+00
       236    0.0000000e+00
       237    0.0000000e+00
       238    0.0000000e+00
       239    0.0000000e+00
       240    0.0000000e+00
       241    0.0000000e+00
       242    0.0000000e+00
       243    0.0000000e+00
       244    0.0000000e+00
       245    0.0000000e+00
       246    0.0000000e+00
       247    0.0000000e+00
       248    0.0000000e+00
       249    0.0000000e+00
       250    0.0000000e+00
       251    0.0000000e+00
       252    0.0000000e+00
       253    0.0000000e+00
       254    0.0000000e+00
       255    0.0000000e+00
       256    0.0000000e+00
