     5    6.2499996e-02    2.0088981e+03
    10    1.2499999e-01    2.0259462e+03
    15    1.8749999e-01    2.0430483e+03
    20    2.4999999e-01    2.0602061e+03
    25    3.1249997e-01    2.0774217e+03
    30    3.7499997e-01    2.0946970e+03
    35    4.3749997e-01    2.1120341e+03
    40    4.9999997e-01    2.1294347e+03
    45    5.6249994e-01    2.1469002e+03
    50    6.2499994e-01    2.1644320e+03
    55    6.8749994e-01    2.1820312e+03
    60    7.4999994e-01    2.1996988e+03
    65    8.1249994e-01    2.2174354e+03
    70    8.7499994e-01    2.2352417e+03
    75    9.3749994e-01    2.2531182e+03
    80    9.9999994e-01    2.2710654e+03
    85    1.0624999e+00    2.2890836e+03
    90    1.1249999e+00    2.3071731e+03
    95    1.1874999e+00    2.3253341e+03
   100    1.2499999e+00    2.3435668e+03
   105    1.3124999e+00    2.3618713e+03
   110    1.3749999e+00    2.3802479e+03
   115    1.4374999e+00    2.3986967e+03
   120    1.4999999e+00    2.4172176e+03
   125    1.5624999e+00    2.4358108e+03
   130    1.6249999e+00    2.4544764e+03
   135    1.6874999e+00    2.4732144e+03
   140    1.7499999e+00    2.4920249e+03
   145    1.8124999e+00    2.5109079e+03
   150    1.8749999e+00    2.5298634e+03
   155    1.9374999e+00    2.5488915e+03
   160    1.9999999e+00    2.5679922e+03
   165    2.0624998e+00    2.5871655e+03
   170    2.1249998e+00    2.6064115e+03
   175    2.1874998e+00    2.6257301e+03
   180    2.2499998e+00    2.6451214e+03
   185    2.3124998e+00    2.6645855e+03
   190    2.3749998e+00    2.6841222e+03
   195    2.4374998e+00    2.7037316e+03
   200    2.4999998e+00    2.7234138e+03
   205    2.5624998e+00    2.7431687e+03
   210    2.6249998e+00    2.7629964e+03
   215    2.6874998e+00    2.7828969e+03
   220    2.7499998e+00    2.8028701e+03
   225    2.8124998e+00    2.8229161e+03
   230    2.8749998e+00    2.8430349e+03
   235    2.9374998e+00    2.8632265e+03
   240    2.9999998e+00    2.8834909e+03
   245    3.0624998e+00    2.9038281e+03
   250    3.1249998e+00    2.9242381e+03
   255    3.1874998e+00    2.9447210e+03
   260    3.2499998e+00    2.9652767e+03
   265    3.3124998e+00    2.9859052e+03
   270    3.3749998e+00    3.0066065e+03
   275    3.4374998e+00    3.0273807e+03
   280    3.4999998e+00    3.0482278e+03
   285    3.5624998e+00    3.0691477e+03
   290    3.6249998e+00    3.0901405e+03
   295    3.6874998e+00    3.1112062e+03
   300    3.7499998e+00    3.1323447e+03
   305    3.8124998e+00    3.1535561e+03
   310    3.8749998e+00    3.1748404e+03
   315    3.9374998e+00    3.1961976e+03
   320    3.9999998e+00    3.2176276e+03
   325    4.0624995e+00    3.2391306e+03
   330    4.1249995e+00    3.2607065e+03
   335    4.1874995e+00    3.2823553e+03
   340    4.2499995e+00    3.3040769e+03
   345    4.3124995e+00    3.3258716e+03
   350    4.3749995e+00    3.3477391e+03
   355    4.4374995e+00    3.3696795e+03
   360    4.4999995e+00    3.3916929e+03
   365    4.5624995e+00    3.4137792e+03
   370    4.6249995e+00    3.4359385e+03
   375    4.6874995e+00    3.4581707e+03
   380    4.7499995e+00    3.4804758e+03
   385    4.8124995e+00    3.5028539e+03
   390    4.8749995e+00    3.5253050e+03
   395    4.9374995e+00    3.5478290e+03
   400    4.9999995e+00    3.5704259e+03
   405    5.0624995e+00    3.5930959e+03
   410    5.1249995e+00    3.6158388e+03
   415    5.1874995e+00    3.6386547e+03
   420    5.2499995e+00    3.6615435e+03
   425    5.3124995e+00    3.6845054e+03
   430    5.3749995e+00    3.7075402e+03
   435    5.4374995e+00    3.7306480e+03
   440    5.4999995e+00    3.7538288e+03
   445    5.5624995e+00    3.7770826e+03
   450    5.6249995e+00    3.8004094e+03
   455    5.6874995e+00    3.8238093e+03
   460    5.7499995e+00    3.8472821e+03
   465    5.8124995e+00    3.8708279e+03
   470    5.8749995e+00    3.8944468e+03
   475    5.9374995e+00    3.9181386e+03
   480    5.9999995e+00    3.9419035e+03
   485    6.0624995e+00    3.9657415e+03
   490    6.1249995e+00    3.9896524e+03
   495    6.1874995e+00    4.0136364e+03
   500    6.2499995e+00    4.0376934e+03
   505    6.3124995e+00    4.0618235e+03
   510    6.3749995e+00    4.0860266e+03
   515    6.4374995e+00    4.1103028e+03
   520    6.4999995e+00    4.1346520e+03
   525    6.5624995e+00    4.1590742e+03
   530    6.6249995e+00    4.1835696e+03
   535    6.6874995e+00    4.2081379e+03
   540    6.7499995e+00    4.2327794e+03
   545    6.8124995e+00    4.2574939e+03
   550    6.8749995e+00    4.2822815e+03
   555    6.9374995e+00    4.3071422e+03
   560    6.9999995e+00    4.3320759e+03
   565    7.0624995e+00    4.3570828e+03
   570    7.1249995e+00    4.3821627e+03
   575    7.1874995e+00    4.4073157e+03
   580    7.2499995e+00    4.4325418e+03
   585    7.3124995e+00    4.4578409e+03
   590    7.3749995e+00    4.4832132e+03
   595    7.4374995e+00    4.5086586e+03
   600    7.4999995e+00    4.5341771e+03
   605    7.5624995e+00    4.5597687e+03
   610    7.6249995e+00    4.5854334e+03
   615    7.6874995e+00    4.6111712e+03
   620    7.7499995e+00    4.6369822e+03
   625    7.8124995e+00    4.6628662e+03
   630    7.8749995e+00    4.6888234e+03
   635    7.9374995e+00    4.7148537e+03
   640    7.9999995e+00    4.7409571e+03
   645    8.0624990e+00    4.7671337e+03
   650    8.1249990e+00    4.7933834e+03
   655    8.1874990e+00    4.8197062e+03
   660    8.2499990e+00    4.8461022e+03
   665    8.3124990e+00    4.8725713e+03
   670    8.3749990e+00    4.8991136e+03
   675    8.4374990e+00    4.9257290e+03
   680    8.4999990e+00    4.9524176e+03
   685    8.5624990e+00    4.9791793e+03
   690    8.6249990e+00    5.0060142e+03
   695    8.6874990e+00    5.0329222e+03
   700    8.7499990e+00    5.0599035e+03
   705    8.8124990e+00    5.0869578e+03
   710    8.8749990e+00    5.1140854e+03
   715    8.9374990e+00    5.1412861e+03
   720    8.9999990e+00    5.1685600e+03
   725    9.0624990e+00    5.1959070e+03
   730    9.1249990e+00    5.2233273e+03
   735    9.1874990e+00    5.2508207e+03
   740    9.2499990e+00    5.2783873e+03
   745    9.3124990e+00    5.3060271e+03
   750    9.3749990e+00    5.3337401e+03
   755    9.4374990e+00    5.3615263e+03
   760    9.4999990e+00    5.3893857e+03
   765    9.5624990e+00    5.4173183e+03
   770    9.6249990e+00    5.4453240e+03
   775    9.6874990e+00    5.4734030e+03
   780    9.7499990e+00    5.5015552e+03
   785    9.8124990e+00    5.5297806e+03
   790    9.8749990e+00    5.5580792e+03
   795    9.9374990e+00    5.5864510e+03
   800    9.9999990e+00    5.6148961e+03
   805    1.0062499e+01    5.6434144e+03
   810    1.0124999e+01    5.6720058e+03
   815    1.0187499e+01    5.7006705e+03
   820    1.0249999e+01    5.7294085e+03
   825    1.0312499e+01    5.7582196e+03
   830    1.0374999e+01    5.7871040e+03
   835    1.0437499e+01    5.8160617e+03
   840    1.0499999e+01    5.8450925e+03
   845    1.0562499e+01    5.8741966e+03
   850    1.0624999e+01    5.9033740e+03
   855    1.0687499e+01    5.9326246e+03
   860    1.0749999e+01    5.9619484e+03
   865    1.0812499e+01    5.9913455e+03
   870    1.0874999e+01    6.0208159e+03
   875    1.0937499e+01    6.0503594e+03
   880    1.0999999e+01    6.0799763e+03
   885    1.1062499e+01    6.1096664e+03
   890    1.1124999e+01    6.1394298e+03
   895    1.1187499e+01    6.1692664e+03
   900    1.1249999e+01    6.1991763e+03
   905    1.1312499e+01    6.2291594e+03
   910    1.1374999e+01    6.2592159e+03
   915    1.1437499e+01    6.2893456e+03
   920    1.1499999e+01    6.3195485e+03
   925    1.1562499e+01    6.3498248e+03
   930    1.1624999e+01    6.3801743e+03
   935    1.1687499e+01    6.4105971e+03
   940    1.1749999e+01    6.4410932e+03
   945    1.1812499e+01    6.4716626e+03
   950    1.1874999e+01    6.5023053e+03
   955    1.1937499e+01    6.5330212e+03
   960    1.1999999e+01    6.5638105e+03
   965    1.2062499e+01    6.5946730e+03
   970    1.2124999e+01    6.6256089e+03
   975    1.2187499e+01    6.6566180e+03
   980    1.2249999e+01    6.6877004e+03
   985    1.2312499e+01    6.7188562e+03
   990    1.2374999e+01    6.7500852e+03
   995    1.2437499e+01    6.7813876e+03
  1000    1.2499999e+01    6.8127632e+03
  1005    1.2562499e+01    6.8442122e+03
  1010    1.2624999e+01    6.8757345e+03
  1015    1.2687499e+01    6.9073301e+03
  1020    1.2749999e+01    6.9389990e+03
  1025    1.2812499e+01    6.9707412e+03
  1030    1.2874999e+01    7.0025568e+03
  1035    1.2937499e+01    7.0344457e+03
  1040    1.2999999e+01    7.0664079e+03
  1045    1.3062499e+01    7.0984434e+03
  1050    1.3124999e+01    7.1305523e+03
  1055    1.3187499e+01    7.1627345e+03
  1060    1.3249999e+01    7.1949900e+03
  1065    1.3312499e+01    7.2273188e+03
  1070    1.3374999e+01    7.2597210e+03
  1075    1.3437499e+01    7.2921966e+03
  1080    1.3499999e+01    7.3247455e+03
  1085    1.3562499e+01    7.3573677e+03
  1090    1.3624999e+01    7.3900632e+03
  1095    1.3687499e+01    7.4228322e+03
  1100    1.3749999e+01    7.4556744e+03
  1105    1.3812499e+01    7.4885900e+03
  1110    1.3874999e+01    7.5215790e+03
  1115    1.3937499e+01    7.5546413e+03
  1120    1.3999999e+01    7.5877770e+03
  1125    1.4062499e+01    7.6209860e+03
  1130    1.4124999e+01    7.6542684e+03
  1135    1.4187499e+01    7.6876242e+03
  1140    1.4249999e+01    7.7210533e+03
  1145    1.4312499e+01    7.7545558e+03
  1150    1.4374999e+01    7.7881316e+03
  1155    1.4437499e+01    7.8217808e+03
  1160    1.4499999e+01    7.8555034e+03
  1165    1.4562499e+01    7.8892994e+03
  1170    1.4624999e+01    7.9231687e+03
  1175    1.4687499e+01    7.9571114e+03
  1180    1.4749999e+01    7.9911275e+03
  1185    1.4812499e+01    8.0252170e+03
  1190    1.4874999e+01    8.0593799e+03
  1195    1.4937499e+01    8.0936161e+03
  1200    1.4999999e+01    8.1279257e+03
  1205    1.5062499e+01    8.1623087e+03
  1210    1.5124999e+01    8.1967651e+03
  1215    1.5187499e+01    8.2312949e+03
  1220    1.5249999e+01    8.2658981e+03
  1225    1.5312499e+01    8.3005747e+03
  1230    1.5374999e+01    8.3353247e+03
  1235    1.5437499e+01    8.3701480e+03
  1240    1.5499999e+01    8.4050448e+03
  1245    1.5562499e+01    8.4400150e+03
  1250    1.5624999e+01    8.4750585e+03
  1255    1.5687499e+01    8.5101755e+03
  1260    1.5749999e+01    8.5453659e+03
  1265    1.5812499e+01    8.5806297e+03
  1270    1.5874999e+01    8.6159669e+03
  1275    1.5937499e+01    8.6513775e+03
  1280    1.5999999e+01    8.6868615e+03
  1285    1.6062498e+01    8.7224190e+03
  1290    1.6124998e+01    8.7580498e+03
  1295    1.6187498e+01    8.7937541e+03
  1300    1.6249998e+01    8.8295318e+03
  1305    1.6312498e+01    8.8653829e+03
  1310    1.6374998e+01    8.9013074e+03
  1315    1.6437498e+01    8.9373053e+03
  1320    1.6499998e+01    8.9733767e+03
  1325    1.6562498e+01    9.0095215e+03
  1330    1.6624998e+01    9.0457398e+03
  1335    1.6687498e+01    9.0820314e+03
  1340    1.6749998e+01    9.1183965e+03
  1345    1.6812498e+01    9.1548351e+03
  1350    1.6874998e+01    9.1913470e+03
  1355    1.6937498e+01    9.2279324e+03
  1360    1.6999998e+01    9.2645913e+03
  1365    1.7062498e+01    9.3013235e+03
  1370    1.7124998e+01    9.3381293e+03
  1375    1.7187498e+01    9.3750084e+03
  1380    1.7249998e+01    9.4119610e+03
  1385    1.7312498e+01    9.4489871e+03
  1390    1.7374998e+01    9.4860866e+03
  1395    1.7437498e+01    9.5232595e+03
  1400    1.7499998e+01    9.5605059e+03
  1405    1.7562498e+01    9.5978258e+03
  1410    1.7624998e+01    9.6352191e+03
  1415    1.7687498e+01    9.6726858e+03
  1420    1.7749998e+01    9.7102260e+03
  1425    1.7812498e+01    9.7478397e+03
  1430    1.7874998e+01    9.7855268e+03
  1435    1.7937498e+01    9.8232874e+03
  1440    1.7999998e+01    9.8611214e+03
  1445    1.8062498e+01    9.8990290e+03
  1450    1.8124998e+01    9.9370099e+03
  1455    1.8187498e+01    9.9750644e+03
  1460    1.8249998e+01    1.0013192e+04
  1465    1.8312498e+01    1.0051394e+04
  1470    1.8374998e+01    1.0089669e+04
  1475    1.8437498e+01    1.0128017e+04
  1480    1.8499998e+01    1.0166439e+04
  1485    1.8562498e+01    1.0204934e+04
  1490    1.8624998e+01    1.0243503e+04
  1495    1.8687498e+01    1.0282145e+04
  1500    1.8749998e+01    1.0320861e+04
  1505    1.8812498e+01    1.0359650e+04
  1510    1.8874998e+01    1.0398512e+04
  1515    1.8937498e+01    1.0437449e+04
  1520    1.8999998e+01    1.0476458e+04
  1525    1.9062498e+01    1.0515541e+04
  1530    1.9124998e+01    1.0554698e+04
  1535    1.9187498e+01    1.0593928e+04
  1540    1.9249998e+01    1.0633232e+04
  1545    1.9312498e+01    1.0672609e+04
  1550    1.9374998e+01    1.0712059e+04
  1555    1.9437498e+01    1.0751583e+04
  1560    1.9499998e+01    1.0791181e+04
  1565    1.9562498e+01    1.0830852e+04
  1570    1.9624998e+01    1.0870596e+04
  1575    1.9687498e+01    1.0910414e+04
  1580    1.9749998e+01    1.0950306e+04
  1585    1.9812498e+01    1.0990271e+04
  1590    1.9874998e+01    1.1030310e+04
  1595    1.9937498e+01    1.1070422e+04
  1600    1.9999998e+01    1.1110607e+04
  1605    2.0062498e+01    1.1150866e+04
  1610    2.0124998e+01    1.1191199e+04
  1615    2.0187498e+01    1.1231605e+04
  1620    2.0249998e+01    1.1272085e+04
  1625    2.0312498e+01    1.1312638e+04
  1630    2.0374998e+01    1.1353264e+04
  1635    2.0437498e+01    1.1393965e+04
  1640    2.0499998e+01    1.1434739e+04
  1645    2.0562498e+01    1.1475586e+04
  1650    2.0624998e+01    1.1516507e+04
  1655    2.0687498e+01    1.1557502e+04
  1660    2.0749998e+01    1.1598570e+04
  1665    2.0812498e+01    1.1639713e+04
  1670    2.0874998e+01    1.1680929e+04
  1675    2.0937498e+01    1.1722220e+04
  1680    2.0999998e+01    1.1763584e+04
  1685    2.1062498e+01    1.1805024e+04
  1690    2.1124998e+01    1.1846539e+04
  1695    2.1187498e+01    1.1888130e+04
  1700    2.1249998e+01    1.1929797e+04
  1705    2.1312498e+01    1.1971542e+04
  1710    2.1374998e+01    1.2013367e+04
  1715    2.1437498e+01    1.2055274e+04
  1720    2.1499998e+01    1.2097265e+04
  1725    2.1562498e+01    1.2139345e+04
  1730    2.1624998e+01    1.2181518e+04
  1735    2.1687498e+01    1.2223791e+04
  1740    2.1749998e+01    1.2266173e+04
  1745    2.1812498e+01    1.2308673e+04
  1750    2.1874998e+01    1.2351304e+04
  1755    2.1937498e+01    1.2394080e+04
  1760    2.1999998e+01    1.2437014e+04
  1765    2.2062498e+01    1.2480117e+04
  1770    2.2124998e+01    1.2523393e+04
  1775    2.2187498e+01    1.2566828e+04
  1780    2.2249998e+01    1.2610380e+04
  1785    2.2312498e+01    1.2653968e+04
  1790    2.2374998e+01    1.2697458e+04
  1795    2.2437498e+01    1.2740677e+04
  1800    2.2499998e+01    1.2783430e+04
  1805    2.2562498e+01    1.2825540e+04
  1810    2.2624998e+01    1.2866877e+04
  1815    2.2687498e+01    1.2907370e+04
  1820    2.2749998e+01    1.2947005e+04
  1825    2.2812498e+01    1.2985803e+04
  1830    2.2874998e+01    1.3023811e+04
  1835    2.2937498e+01    1.3061083e+04
  1840    2.2999998e+01    1.3097672e+04
  1845    2.3062498e+01    1.3133631e+04
  1850    2.3124998e+01    1.3169007e+04
  1855    2.3187498e+01    1.3203841e+04
  1860    2.3249998e+01    1.3238169e+04
  1865    2.3312498e+01    1.3272021e+04
  1870    2.3374998e+01    1.3305425e+04
  1875    2.3437498e+01    1.3338404e+04
  1880    2.3499998e+01    1.3370978e+04
  1885    2.3562498e+01    1.3403166e+04
  1890    2.3624998e+01    1.3434983e+04
  1895    2.3687498e+01    1.3466444e+04
  1900    2.3749998e+01    1.3497562e+04
  1905    2.3812498e+01    1.3528347e+04
  1910    2.3874998e+01    1.3558811e+04
  1915    2.3937498e+01    1.3588964e+04
  1920    2.3999998e+01    1.3618813e+04
  1925    2.4062498e+01    1.3648366e+04
  1930    2.4124998e+01    1.3677633e+04
  1935    2.4187498e+01    1.3706618e+04
  1940    2.4249998e+01    1.3735330e+04
  1945    2.4312498e+01    1.3763774e+04
  1950    2.4374998e+01    1.3791955e+04
  1955    2.4437498e+01    1.3819879e+04
  1960    2.4499998e+01    1.3847551e+04
  1965    2.4562498e+01    1.3874976e+04
  1970    2.4624998e+01    1.3902159e+04
  1975    2.4687498e+01    1.3929103e+04
  1980    2.4749998e+01    1.3955813e+04
  1985    2.4812498e+01    1.3982292e+04
  1990    2.4874998e+01    1.4008544e+04
  1995    2.4937498e+01    1.4034573e+04
  2000    2.4999998e+01    1.4060383e+04
  2005    2.5062498e+01    1.4085975e+04
  2010    2.5124998e+01    1.4111354e+04
  2015    2.5187498e+01    1.4136523e+04
  2020    2.5249998e+01    1.4161483e+04
  2025    2.5312498e+01    1.4186239e+04
  2030    2.5374998e+01    1.4210792e+04
  2035    2.5437498e+01    1.4235145e+04
  2040    2.5499998e+01    1.4259300e+04
  2045    2.5562498e+01    1.4283260e+04
  2050    2.5624998e+01    1.4307027e+04
  2055    2.5687498e+01    1.4330604e+04
  2060    2.5749998e+01    1.4353991e+04
  2065    2.5812498e+01    1.4377193e+04
  2070    2.5874998e+01    1.4400209e+04
  2075    2.5937498e+01    1.4423042e+04
  2080    2.5999998e+01    1.4445695e+04
  2085    2.6062498e+01    1.4468168e+04
  2090    2.6124998e+01    1.4490464e+04
  2095    2.6187498e+01    1.4512585e+04
  2100    2.6249998e+01    1.4534531e+04
  2105    2.6312498e+01    1.4556304e+04
  2110    2.6374998e+01    1.4577907e+04
  2115    2.6437498e+01    1.4599340e+04
  2120    2.6499998e+01    1.4620604e+04
  2125    2.6562498e+01    1.4641703e+04
  2130    2.6624998e+01    1.4662636e+04
  2135    2.6687498e+01    1.4683405e+04
  2140    2.6749998e+01    1.4704011e+04
  2145    2.6812498e+01    1.4724456e+04
  2150    2.6874998e+01    1.4744741e+04
  2155    2.6937498e+01    1.4764867e+04
  2160    2.6999998e+01    1.4784835e+04
  2165    2.7062498e+01    1.4804647e+04
  2170    2.7124998e+01    1.4824303e+04
  2175    2.7187498e+01    1.4843804e+04
  2180    2.7249998e+01    1.4863153e+04
  2185    2.7312498e+01    1.4882349e+04
  2190    2.7374998e+01    1.4901393e+04
  2195    2.7437498e+01    1.4920288e+04
  2200    2.7499998e+01    1.4939033e+04
  2205    2.7562498e+01    1.4957630e+04
  2210    2.7624998e+01    1.4976080e+04
  2215    2.7687498e+01    1.4994383e+04
  2220    2.7749998e+01    1.5012540e+04
  2225    2.7812498e+01    1.5030553e+04
  2230    2.7874998e+01    1.5048421e+04
  2235    2.7937498e+01    1.5066147e+04
  2240    2.7999998e+01    1.5083731e+04
  2245    2.8062498e+01    1.5101173e+04
  2250    2.8124998e+01    1.5118474e+04
  2255    2.8187498e+01    1.5135636e+04
  2260    2.8249998e+01    1.5152658e+04
  2265    2.8312498e+01    1.5169543e+04
  2270    2.8374998e+01    1.5186289e+04
  2275    2.8437498e+01    1.5202899e+04
  2280    2.8499998e+01    1.5219372e+04
  2285    2.8562498e+01    1.5235710e+04
  2290    2.8624998e+01    1.5251913e+04
  2295    2.8687498e+01    1.5267982e+04
  2300    2.8749998e+01    1.5283917e+04
  2305    2.8812498e+01    1.5299719e+04
  2310    2.8874998e+01    1.5315389e+04
  2315    2.8937498e+01    1.5330928e+04
  2320    2.8999998e+01    1.5346335e+04
  2325    2.9062498e+01    1.5361612e+04
  2330    2.9124998e+01    1.5376759e+04
  2335    2.9187498e+01    1.5391776e+04
  2340    2.9249998e+01    1.5406665e+04
  2345    2.9312498e+01    1.5421426e+04
  2350    2.9374998e+01    1.5436059e+04
  2355    2.9437498e+01    1.5450565e+04
  2360    2.9499998e+01    1.5464944e+04
  2365    2.9562498e+01    1.5479197e+04
  2370    2.9624998e+01    1.5493325e+04
  2375    2.9687498e+01    1.5507328e+04
  2380    2.9749998e+01    1.5521206e+04
  2385    2.9812498e+01    1.5534960e+04
  2390    2.9874998e+01    1.5548590e+04
  2395    2.9937498e+01    1.5562098e+04
  2400    2.9999998e+01    1.5575482e+04
  2405    3.0062498e+01    1.5588745e+04
  2410    3.0124998e+01    1.5601885e+04
  2415    3.0187498e+01    1.5614905e+04
  2420    3.0249998e+01    1.5627803e+04
  2425    3.0312498e+01    1.5640581e+04
  2430    3.0374998e+01    1.5653239e+04
  2435    3.0437498e+01    1.5665778e+04
  2440    3.0499998e+01    1.5678197e+04
  2445    3.0562498e+01    1.5690497e+04
  2450    3.0624998e+01    1.5702680e+04
  2455    3.0687498e+01    1.5714744e+04
  2460    3.0749998e+01    1.5726690e+04
  2465    3.0812498e+01    1.5738519e+04
  2470    3.0874998e+01    1.5750232e+04
  2475    3.0937498e+01    1.5761827e+04
  2480    3.0999998e+01    1.5773307e+04
  2485    3.1062498e+01    1.5784671e+04
  2490    3.1124998e+01    1.5795920e+04
  2495    3.1187498e+01    1.5807053e+04
  2500    3.1249998e+01    1.5818072e+04
  2505    3.1312498e+01    1.5828977e+04
  2510    3.1374998e+01    1.5839767e+04
  2515    3.1437498e+01    1.5850444e+04
  2520    3.1499998e+01    1.5861008e+04
  2525    3.1562498e+01    1.5871458e+04
  2530    3.1624998e+01    1.5881796e+04
  2535    3.1687498e+01    1.5892021e+04
  2540    3.1749998e+01    1.5902134e+04
  2545    3.1812498e+01    1.5912136e+04
  2550    3.1874998e+01    1.5922026e+04
  2555    3.1937498e+01    1.5931805e+04
  2560    3.1999998e+01    1.5941473e+04
  2565    3.2062496e+01    1.5951030e+04
  2570    3.2124996e+01    1.5960477e+04
  2575    3.2187496e+01    1.5969814e+04
  2580    3.2249996e+01    1.5979041e+04
  2585    3.2312496e+01    1.5988159e+04
  2590    3.2374996e+01    1.5997168e+04
  2595    3.2437496e+01    1.6006068e+04
  2600    3.2499996e+01    1.6014859e+04
  2605    3.2562496e+01    1.6023542e+04
  2610    3.2624996e+01    1.6032117e+04
  2615    3.2687496e+01    1.6040584e+04
  2620    3.2749996e+01    1.6048943e+04
  2625    3.2812496e+01    1.6057195e+04
  2630    3.2874996e+01    1.6065340e+04
  2635    3.2937496e+01    1.6073378e+04
  2640    3.2999996e+01    1.6081309e+04
  2645    3.3062496e+01    1.6089134e+04
  2650    3.3124996e+01    1.6096853e+04
  2655    3.3187496e+01    1.6104466e+04
  2660    3.3249996e+01    1.6111974e+04
  2665    3.3312496e+01    1.6119376e+04
  2670    3.3374996e+01    1.6126673e+04
  2675    3.3437496e+01    1.6133864e+04
  2680    3.3499996e+01    1.6140952e+04
  2685    3.3562496e+01    1.6147934e+04
  2690    3.3624996e+01    1.6154812e+04
  2695    3.3687496e+01    1.6161587e+04
  2700    3.3749996e+01    1.6168257e+04
  2705    3.3812496e+01    1.6174824e+04
  2710    3.3874996e+01    1.6181287e+04
  2715    3.3937496e+01    1.6187647e+04
  2720    3.3999996e+01    1.6193904e+04
  2725    3.4062496e+01    1.6200058e+04
  2730    3.4124996e+01    1.6206109e+04
  2735    3.4187496e+01    1.6212058e+04
  2740    3.4249996e+01    1.6217905e+04
  2745    3.4312496e+01    1.6223649e+04
  2750    3.4374996e+01    1.6229292e+04
  2755    3.4437496e+01    1.6234833e+04
  2760    3.4499996e+01    1.6240273e+04
  2765    3.4562496e+01    1.6245611e+04
  2770    3.4624996e+01    1.6250848e+04
  2775    3.4687496e+01    1.6255985e+04
  2780    3.4749996e+01    1.6261020e+04
  2785    3.4812496e+01    1.6265955e+04
  2790    3.4874996e+01    1.6270789e+04
  2795    3.4937496e+01    1.6275524e+04
  2800    3.4999996e+01    1.6280158e+04
  2805    3.5062496e+01    1.6284692e+04
  2810    3.5124996e+01    1.6289127e+04
  2815    3.5187496e+01    1.6293462e+04
  2820    3.5249996e+01    1.6297697e+04
  2825    3.5312496e+01    1.6301834e+04
  2830    3.5374996e+01    1.6305871e+04
  2835    3.5437496e+01    1.6309810e+04
  2840    3.5499996e+01    1.6313649e+04
  2845    3.5562496e+01    1.6317391e+04
  2850    3.5624996e+01    1.6321033e+04
  2855    3.5687496e+01    1.6324578e+04
  2860    3.5749996e+01    1.6328024e+04
  2865    3.5812496e+01    1.6331372e+04
  2870    3.5874996e+01    1.6334623e+04
  2875    3.5937496e+01    1.6337776e+04
  2880    3.5999996e+01    1.6340831e+04
  2885    3.6062496e+01    1.6343789e+04
  2890    3.6124996e+01    1.6346649e+04
  2895    3.6187496e+01    1.6349413e+04
  2900    3.6249996e+01    1.6352079e+04
  2905    3.6312496e+01    1.6354648e+04
  2910    3.6374996e+01    1.6357121e+04
  2915    3.6437496e+01    1.6359496e+04
  2920    3.6499996e+01    1.6361774e+04
  2925    3.6562496e+01    1.6363955e+04
  2930    3.6624996e+01    1.6366039e+04
  2935    3.6687496e+01    1.6368025e+04
  2940    3.6749996e+01    1.6369912e+04
  2945    3.6812496e+01    1.6371699e+04
  2950    3.6874996e+01    1.6373384e+04
  2955    3.6937496e+01    1.6374964e+04
  2960    3.6999996e+01    1.6376433e+04
  2965    3.7062496e+01    1.6377786e+04
  2970    3.7124996e+01    1.6379011e+04
  2975    3.7187496e+01    1.6380096e+04
  2980    3.7249996e+01    1.6381029e+04
  2985    3.7312496e+01    1.6381802e+04
  2990    3.7374996e+01    1.6382415e+04
  2995    3.7437496e+01    1.6382881e+04
  3000    3.7499996e+01    1.6383223e+04
