    20    9.9999994e-01    1.0556227e+01     10    5.5622701e-01
    40    1.9999999e+00    1.1101017e+01     11    5.4479011e-01
    60    2.9999998e+00    1.1627563e+01     11    5.2654656e-01
    80    3.9999998e+00    1.2198985e+01     12    5.7142194e-01
   100    4.9999995e+00    1.2739453e+01     12    5.4046819e-01
   120    5.9999995e+00    1.3335888e+01     13    5.9643486e-01
   140    6.9999995e+00    1.3902561e+01     13    5.6667255e-01
   160    7.9999995e+00    1.4507687e+01     14    6.0512599e-01
   180    8.9999990e+00    1.5122148e+01     15    6.1446195e-01
   200    9.9999990e+00    1.5716709e+01     15    5.9456039e-01
   220    1.0999999e+01    1.6360327e+01     16    6.4361853e-01
   240    1.1999999e+01    1.6979930e+01     16    6.1960242e-01
   260    1.2999999e+01    1.7615825e+01     17    6.3589511e-01
   280    1.3999999e+01    1.8280811e+01     18    6.6498620e-01
   300    1.4999999e+01    1.8914461e+01     18    6.3365047e-01
   320    1.5999999e+01    1.9578591e+01     19    6.6412946e-01
   340    1.6999998e+01    2.0261181e+01     20    6.8259038e-01
   360    1.7999998e+01    2.0912879e+01     20    6.5169849e-01
   380    1.8999998e+01    2.1593662e+01     21    6.8078231e-01
   400    1.9999998e+01    2.2293209e+01     22    6.9954700e-01
   420    2.0999998e+01    2.2965058e+01     22    6.7184925e-01
   440    2.1999998e+01    2.3653412e+01     23    6.8835476e-01
   460    2.2999998e+01    2.4367755e+01     24    7.1434266e-01
   480    2.3999998e+01    2.5065565e+01     25    6.9780987e-01
   500    2.4999998e+01    2.5753399e+01     25    6.8783453e-01
   520    2.5999998e+01    2.6476855e+01     26    7.2345580e-01
   540    2.6999998e+01    2.7198988e+01     27    7.2213339e-01
   560    2.7999998e+01    2.7893777e+01     27    6.9478853e-01
   580    2.8999998e+01    2.8616269e+01     28    7.2249173e-01
   600    2.9999998e+01    2.9355029e+01     29    7.3876078e-01
   620    3.0999998e+01    3.0077814e+01     30    7.2278459e-01
   640    3.1999998e+01    3.0787895e+01     30    7.1008077e-01
   660    3.2999996e+01    3.1530479e+01     31    7.4258429e-01
   680    3.3999996e+01    3.2277614e+01     32    7.4713540e-01
   700    3.4999996e+01    3.3001728e+01     33    7.2411427e-01
   720    3.5999996e+01    3.3730255e+01     33    7.2852714e-01
   740    3.6999996e+01    3.4485256e+01     34    7.5500071e-01
   760    3.7999996e+01    3.5239380e+01     35    7.5412396e-01
   780    3.8999996e+01    3.5969089e+01     35    7.2970948e-01
   800    3.9999996e+01    3.6710429e+01     36    7.4134010e-01
   820    4.0999996e+01    3.7474201e+01     37    7.6377188e-01
   840    4.1999996e+01    3.8235867e+01     38    7.6166549e-01
   860    4.2999996e+01    3.8973991e+01     38    7.3812413e-01
   880    4.3999996e+01    3.9722192e+01     39    7.4820133e-01
   900    4.4999996e+01    4.0492501e+01     40    7.7030933e-01
   920    4.5999996e+01    4.1262374e+01     41    7.6987277e-01
   940    4.6999996e+01    4.2011488e+01     42    7.4911446e-01
   960    4.7999996e+01    4.2761603e+01     42    7.5011491e-01
   980    4.8999996e+01    4.3536165e+01     43    7.7456212e-01
  1000    4.9999996e+01    4.4314118e+01     44    7.7795272e-01
  1020    5.0999996e+01    4.5076355e+01     45    7.6223665e-01
  1040    5.1999996e+01    4.5826422e+01     45    7.5006761e-01
  1060    5.2999996e+01    4.6602177e+01     46    7.7575538e-01
  1080    5.3999996e+01    4.7386806e+01     47    7.8462841e-01
  1100    5.4999996e+01    4.8162055e+01     48    7.7524970e-01
  1120    5.5999996e+01    4.8916172e+01     48    7.5411668e-01
  1140    5.6999996e+01    4.9688853e+01     49    7.7268129e-01
  1160    5.7999996e+01    5.0477247e+01     50    7.8839372e-01
  1180    5.8999996e+01    5.1263687e+01     51    7.8644013e-01
  1200    5.9999996e+01    5.2031988e+01     52    7.6830116e-01
  1220    6.0999996e+01    5.2796328e+01     52    7.6433940e-01
  1240    6.1999996e+01    5.3583928e+01     53    7.8760064e-01
  1260    6.2999996e+01    5.4377975e+01     54    7.9404714e-01
  1280    6.3999996e+01    5.5162596e+01     55    7.8462114e-01
  1300    6.4999992e+01    5.5926932e+01     55    7.6433577e-01
  1320    6.5999992e+01    5.6707482e+01     56    7.8055024e-01
  1340    6.6999992e+01    5.7503774e+01     57    7.9629177e-01
  1360    6.7999992e+01    5.8300069e+01     58    7.9629541e-01
  1380    6.8999992e+01    5.9081874e+01     59    7.8180534e-01
  1400    6.9999992e+01    5.9851103e+01     59    7.6922885e-01
  1420    7.0999992e+01    6.0642466e+01     60    7.9136231e-01
  1440    7.1999992e+01    6.1444036e+01     61    8.0157048e-01
  1460    7.2999992e+01    6.2241277e+01     62    7.9724128e-01
  1480    7.3999992e+01    6.3020714e+01     63    7.7943702e-01
  1500    7.4999992e+01    6.3798347e+01     63    7.7763258e-01
  1520    7.5999992e+01    6.4596956e+01     64    7.9860916e-01
  1540    7.6999992e+01    6.5402070e+01     65    8.0511387e-01
  1560    7.7999992e+01    6.6200118e+01     66    7.9804892e-01
  1580    7.8999992e+01    6.6978828e+01     66    7.7870942e-01
  1600    7.9999992e+01    6.7764457e+01     67    7.8562886e-01
  1620    8.0999992e+01    6.8568115e+01     68    8.0365868e-01
  1640    8.1999992e+01    6.9376023e+01     69    8.0790784e-01
  1660    8.2999992e+01    7.0175345e+01     70    7.9932221e-01
  1680    8.3999992e+01    7.0955561e+01     70    7.8021554e-01
  1700    8.4999992e+01    7.1746617e+01     71    7.9105672e-01
  1720    8.5999992e+01    7.2553928e+01     72    8.0731121e-01
  1740    8.6999992e+01    7.3364368e+01     73    8.1043987e-01
  1760    8.7999992e+01    7.4165684e+01     74    8.0131582e-01
  1780    8.8999992e+01    7.4948373e+01     74    7.8268937e-01
  1800    8.9999992e+01    7.5742828e+01     75    7.9445459e-01
  1820    9.0999992e+01    7.6552809e+01     76    8.0998149e-01
  1840    9.1999992e+01    7.7365723e+01     77    8.1291370e-01
  1860    9.2999992e+01    7.8169804e+01     78    8.0408068e-01
  1880    9.3999992e+01    7.8955462e+01     78    7.8565796e-01
  1900    9.4999992e+01    7.9751626e+01     79    7.9616444e-01
  1920    9.5999992e+01    8.0563477e+01     80    8.1185141e-01
  1940    9.6999992e+01    8.1378828e+01     81    8.1535114e-01
  1960    9.7999992e+01    8.2186285e+01     82    8.0745673e-01
  1980    9.8999992e+01    8.2975617e+01     82    7.8933232e-01
  2000    9.9999992e+01    8.3771942e+01     83    7.9632451e-01
  2020    1.0099999e+02    8.4584834e+01     84    8.1289187e-01
  2040    1.0199999e+02    8.5402462e+01     85    8.1762852e-01
  2060    1.0299999e+02    8.6213717e+01     86    8.1125478e-01
  2080    1.0399999e+02    8.7008106e+01     87    7.9438911e-01
  2100    1.0499999e+02    8.7803011e+01     87    7.9490570e-01
  2120    1.0599999e+02    8.8616020e+01     88    8.1300828e-01
  2140    1.0699999e+02    8.9435554e+01     89    8.1953482e-01
  2160    1.0799999e+02    9.0250724e+01     90    8.1516924e-01
  2180    1.0899999e+02    9.1051283e+01     91    8.0055912e-01
  2200    1.0999999e+02    9.1844384e+01     91    7.9310126e-01
  2220    1.1099999e+02    9.2656366e+01     92    8.1198237e-01
  2240    1.1199999e+02    9.3477182e+01     93    8.2081539e-01
  2260    1.1299999e+02    9.4296091e+01     94    8.1890909e-01
  2280    1.1399999e+02    9.5103016e+01     95    8.0692558e-01
  2300    1.1499999e+02    9.5895928e+01     95    7.9291209e-01
  2320    1.1599999e+02    9.6705488e+01     96    8.0955948e-01
  2340    1.1699999e+02    9.7526645e+01     97    8.2115736e-01
  2360    1.1799999e+02    9.8348763e+01     98    8.2211778e-01
  2380    1.1899999e+02    9.9161858e+01     99    8.1309560e-01
  2400    1.1999999e+02    9.9957819e+01     99    7.9596072e-01
  2420    1.2099999e+02    1.0076330e+02    100    8.0547767e-01
  2440    1.2199999e+02    1.0158351e+02    101    8.2021148e-01
  2460    1.2299999e+02    1.0240795e+02    102    8.2443881e-01
  2480    1.2399999e+02    1.0322666e+02    103    8.1871264e-01
  2500    1.2499999e+02    1.0403026e+02    104    8.0360047e-01
  2520    1.2599999e+02    1.0483000e+02    104    7.9974421e-01
  2540    1.2699999e+02    1.0564765e+02    105    8.1765035e-01
  2560    1.2799999e+02    1.0647313e+02    106    8.2547928e-01
  2580    1.2899998e+02    1.0729651e+02    107    8.2337652e-01
  2600    1.2999998e+02    1.0810845e+02    108    8.1193872e-01
  2620    1.3099998e+02    1.0890620e+02    108    7.9775060e-01
  2640    1.3199998e+02    1.0971929e+02    109    8.1309560e-01
  2660    1.3299998e+02    1.1054416e+02    110    8.2486082e-01
  2680    1.3399998e+02    1.1137086e+02    111    8.2670164e-01
  2700    1.3499998e+02    1.1219003e+02    112    8.1917830e-01
  2720    1.3599998e+02    1.1299286e+02    112    8.0282194e-01
  2740    1.3699998e+02    1.1379904e+02    113    8.0618344e-01
  2760    1.3799998e+02    1.1462123e+02    114    8.2219054e-01
  2780    1.3899998e+02    1.1544950e+02    115    8.2827324e-01
  2800    1.3999998e+02    1.1627444e+02    116    8.2494086e-01
  2820    1.4099998e+02    1.1708715e+02    117    8.1270997e-01
  2840    1.4199998e+02    1.1788790e+02    117    8.0074102e-01
  2860    1.4299998e+02    1.1870496e+02    118    8.1706827e-01
  2880    1.4399998e+02    1.1953266e+02    119    8.2769844e-01
  2900    1.4499998e+02    1.2036150e+02    120    8.2883349e-01
  2920    1.4599998e+02    1.2118251e+02    121    8.2101911e-01
  2940    1.4699998e+02    1.2198733e+02    121    8.0481556e-01
  2960    1.4799998e+02    1.2279645e+02    122    8.0912292e-01
  2980    1.4899998e+02    1.2362099e+02    123    8.2454068e-01
  3000    1.4999998e+02    1.2445146e+02    124    8.3046331e-01
  3020    1.5099998e+02    1.2527872e+02    125    8.2726189e-01
  3040    1.5199998e+02    1.2609425e+02    126    8.1553304e-01
  3060    1.5299998e+02    1.2689720e+02    126    8.0294564e-01
  3080    1.5399998e+02    1.2771563e+02    127    8.1842887e-01
  3100    1.5499998e+02    1.2854498e+02    128    8.2935736e-01
  3120    1.5599998e+02    1.2937610e+02    129    8.3111814e-01
  3140    1.5699998e+02    1.3020026e+02    130    8.2416233e-01
  3160    1.5799998e+02    1.3100919e+02    131    8.0892647e-01
  3180    1.5899998e+02    1.3181816e+02    131    8.0897013e-01
  3200    1.5999998e+02    1.3264333e+02    132    8.2516641e-01
  3220    1.6099998e+02    1.3347543e+02    133    8.3210767e-01
  3240    1.6199998e+02    1.3430564e+02    134    8.3020137e-01
  3260    1.6299998e+02    1.3512558e+02    135    8.1994227e-01
  3280    1.6399998e+02    1.3593069e+02    135    8.0511387e-01
  3300    1.6499998e+02    1.3674815e+02    136    8.1745389e-01
  3320    1.6599998e+02    1.3757800e+02    137    8.2985213e-01
  3340    1.6699998e+02    1.3841125e+02    138    8.3325727e-01
  3360    1.6799998e+02    1.3923942e+02    139    8.2816410e-01
  3380    1.6899998e+02    1.4005437e+02    140    8.1495097e-01
  3400    1.6999998e+02    1.4086170e+02    140    8.0732576e-01
  3420    1.7099998e+02    1.4168561e+02    141    8.2391495e-01
  3440    1.7199998e+02    1.4251852e+02    142    8.3290803e-01
  3460    1.7299998e+02    1.4335173e+02    143    8.3321362e-01
  3480    1.7399998e+02    1.4417700e+02    144    8.2526827e-01
  3500    1.7499998e+02    1.4498667e+02    144    8.0966862e-01
  3520    1.7599998e+02    1.4580060e+02    145    8.1393233e-01
  3540    1.7699998e+02    1.4662933e+02    146    8.2873163e-01
  3560    1.7799998e+02    1.4746406e+02    147    8.3472702e-01
  3580    1.7899998e+02    1.4829633e+02    148    8.3226774e-01
  3600    1.7999998e+02    1.4911818e+02    149    8.2184857e-01
  3620    1.8099998e+02    1.4992587e+02    149    8.0768956e-01
  3640    1.8199998e+02    1.5074620e+02    150    8.2033517e-01
  3660    1.8299998e+02    1.5157844e+02    151    8.3223864e-01
  3680    1.8399998e+02    1.5241401e+02    152    8.3557103e-01
  3700    1.8499998e+02    1.5324472e+02    153    8.3071069e-01
  3720    1.8599998e+02    1.5406280e+02    154    8.1807963e-01
  3740    1.8699998e+02    1.5487216e+02    154    8.0936303e-01
  3760    1.8799998e+02    1.5569755e+02    155    8.2538469e-01
  3780    1.8899998e+02    1.5653229e+02    156    8.3474157e-01
  3800    1.8999998e+02    1.5736798e+02    157    8.3568744e-01
  3820    1.9099998e+02    1.5819668e+02    158    8.2870253e-01
  3840    1.9199998e+02    1.5901077e+02    159    8.1409240e-01
  3860    1.9299998e+02    1.5982454e+02    159    8.1377226e-01
  3880    1.9399998e+02    1.6065392e+02    160    8.2937191e-01
  3900    1.9499998e+02    1.6149032e+02    161    8.3640049e-01
  3920    1.9599998e+02    1.6232562e+02    162    8.3530909e-01
  3940    1.9699998e+02    1.6315204e+02    163    8.2641787e-01
  3960    1.9799998e+02    1.6396320e+02    163    8.1115292e-01
  3980    1.9899998e+02    1.6478226e+02    164    8.1906916e-01
  4000    1.9999998e+02    1.6561471e+02    165    8.3244237e-01
  4020    2.0099998e+02    1.6645220e+02    166    8.3749188e-01
  4040    2.0199998e+02    1.6728672e+02    167    8.3452329e-01
  4060    2.0299998e+02    1.6811072e+02    168    8.2400226e-01
  4080    2.0399998e+02    1.6892128e+02    168    8.1055629e-01
  4100    2.0499998e+02    1.6974466e+02    169    8.2337652e-01
  4120    2.0599998e+02    1.7057950e+02    170    8.3484343e-01
  4140    2.0699998e+02    1.7141759e+02    171    8.3808851e-01
  4160    2.0799998e+02    1.7225111e+02    172    8.3351921e-01
  4180    2.0899998e+02    1.7307264e+02    173    8.2152843e-01
  4200    2.0999998e+02    1.7388431e+02    173    8.1167678e-01
  4220    2.1099998e+02    1.7471125e+02    174    8.2694174e-01
  4240    2.1199998e+02    1.7554795e+02    175    8.3669153e-01
  4260    2.1299998e+02    1.7638630e+02    176    8.3835045e-01
  4280    2.1399998e+02    1.7721867e+02    177    8.3236961e-01
  4300    2.1499998e+02    1.7803774e+02    178    8.1906916e-01
  4320    2.1599998e+02    1.7885180e+02    178    8.1406330e-01
  4340    2.1699998e+02    1.7968167e+02    179    8.2986668e-01
  4360    2.1799998e+02    1.8051974e+02    180    8.3807396e-01
  4380    2.1899998e+02    1.8135812e+02    181    8.3837955e-01
  4400    2.1999998e+02    1.8218927e+02    182    8.3114725e-01
  4420    2.2099998e+02    1.8300601e+02    183    8.1674085e-01
  4440    2.2199998e+02    1.8382327e+02    183    8.1726472e-01
  4460    2.2299998e+02    1.8465552e+02    184    8.3225319e-01
  4480    2.2399998e+02    1.8549467e+02    185    8.3915080e-01
  4500    2.2499998e+02    1.8633291e+02    186    8.3823403e-01
  4520    2.2599998e+02    1.8716286e+02    187    8.2995399e-01
  4540    2.2699998e+02    1.8797784e+02    187    8.1498007e-01
  4560    2.2799998e+02    1.8879835e+02    188    8.2050980e-01
  4580    2.2899998e+02    1.8963260e+02    189    8.3424680e-01
  4600    2.2999998e+02    1.9047254e+02    190    8.3993660e-01
  4620    2.3099998e+02    1.9131055e+02    191    8.3801575e-01
  4640    2.3199998e+02    1.9213934e+02    192    8.2878984e-01
  4660    2.3299998e+02    1.9295354e+02    192    8.1419427e-01
  4680    2.3399998e+02    1.9377675e+02    193    8.2321645e-01
  4700    2.3499998e+02    1.9461261e+02    194    8.3586207e-01
  4720    2.3599998e+02    1.9545316e+02    195    8.4054778e-01
  4740    2.3699998e+02    1.9629092e+02    196    8.3775382e-01
  4760    2.3799998e+02    1.9711864e+02    197    8.2772755e-01
  4780    2.3899998e+02    1.9793271e+02    197    8.1406330e-01
  4800    2.3999998e+02    1.9875822e+02    198    8.2551566e-01
  4820    2.4099998e+02    1.9959541e+02    199    8.3718629e-01
  4840    2.4199998e+02    2.0043645e+02    200    8.4104255e-01
  4860    2.4299998e+02    2.0127391e+02    201    8.3746278e-01
  4880    2.4399998e+02    2.0210071e+02    202    8.2679622e-01
  4900    2.4499998e+02    2.0291511e+02    202    8.1439799e-01
  4920    2.4599998e+02    2.0374253e+02    203    8.2742196e-01
  4940    2.4699998e+02    2.0458081e+02    204    8.3827769e-01
  4960    2.4799998e+02    2.0542223e+02    205    8.4142090e-01
  4980    2.4899998e+02    2.0625947e+02    206    8.3724450e-01
  5000    2.4999998e+02    2.0708547e+02    207    8.2599587e-01
  5020    2.5099998e+02    2.0790045e+02    207    8.1498007e-01
  5040    2.5199998e+02    2.0872949e+02    208    8.2903722e-01
  5060    2.5299998e+02    2.0956867e+02    209    8.3917990e-01
  5080    2.5399998e+02    2.1041044e+02    210    8.4177015e-01
  5100    2.5499998e+02    2.1124748e+02    211    8.3704077e-01
  5120    2.5599998e+02    2.1207288e+02    212    8.2539924e-01
  5140    2.5699997e+02    2.1288858e+02    212    8.1570766e-01
  5160    2.5799997e+02    2.1371891e+02    213    8.3033234e-01
  5180    2.5899997e+02    2.1455887e+02    214    8.3995116e-01
  5200    2.5999997e+02    2.1540093e+02    215    8.4206118e-01
  5220    2.6099997e+02    2.1623785e+02    216    8.3692436e-01
  5240    2.6199997e+02    2.1706280e+02    217    8.2494813e-01
  5260    2.6299997e+02    2.1787929e+02    217    8.1649347e-01
  5280    2.6399997e+02    2.1871069e+02    218    8.3139463e-01
  5300    2.6499997e+02    2.1955129e+02    219    8.4060599e-01
  5320    2.6599997e+02    2.2039362e+02    220    8.4232312e-01
  5340    2.6699997e+02    2.2123054e+02    221    8.3692436e-01
  5360    2.6799997e+02    2.2205521e+02    222    8.2467164e-01
  5380    2.6899997e+02    2.2287242e+02    222    8.1720651e-01
  5400    2.6999997e+02    2.2370470e+02    223    8.3228230e-01
  5420    2.7099997e+02    2.2454583e+02    224    8.4112986e-01
  5440    2.7199997e+02    2.2538844e+02    225    8.4261416e-01
  5460    2.7299997e+02    2.2622541e+02    226    8.3696801e-01
  5480    2.7399997e+02    2.2705003e+02    227    8.2461344e-01
  5500    2.7499997e+02    2.2786787e+02    227    8.1784680e-01
  5520    2.7599997e+02    2.2870081e+02    228    8.3293713e-01
  5540    2.7699997e+02    2.2954241e+02    229    8.4159552e-01
  5560    2.7799997e+02    2.3038528e+02    230    8.4287609e-01
  5580    2.7899997e+02    2.3122244e+02    231    8.3715719e-01
  5600    2.7999997e+02    2.3204712e+02    232    8.2468620e-01
  5620    2.8099997e+02    2.3286550e+02    232    8.1837067e-01
  5640    2.8199997e+02    2.3369894e+02    233    8.3344645e-01
  5660    2.8299997e+02    2.3454090e+02    234    8.4195932e-01
  5680    2.8399997e+02    2.3538407e+02    235    8.4316713e-01
  5700    2.8499997e+02    2.3622149e+02    236    8.3741912e-01
  5720    2.8599997e+02    2.3704645e+02    237    8.2496268e-01
  5740    2.8699997e+02    2.3786520e+02    237    8.1874902e-01
  5760    2.8799997e+02    2.3869898e+02    238    8.3378114e-01
  5780    2.8899997e+02    2.3954124e+02    239    8.4226491e-01
  5800    2.8999997e+02    2.4038473e+02    240    8.4348727e-01
  5820    2.9099997e+02    2.4122250e+02    241    8.3776837e-01
  5840    2.9199997e+02    2.4204793e+02    242    8.2542834e-01
  5860    2.9299997e+02    2.4286692e+02    242    8.1899640e-01
  5880    2.9399997e+02    2.4370087e+02    243    8.3394121e-01
  5900    2.9499997e+02    2.4454336e+02    244    8.4249774e-01
  5920    2.9599997e+02    2.4538720e+02    245    8.4383652e-01
  5940    2.9699997e+02    2.4622539e+02    246    8.3819037e-01
  5960    2.9799997e+02    2.4705142e+02    247    8.2602497e-01
  5980    2.9899997e+02    2.4787054e+02    247    8.1912737e-01
  6000    2.9999997e+02    2.4870454e+02    248    8.3399942e-01
  6020    3.0099997e+02    2.4954730e+02    249    8.4275968e-01
  6040    3.0199997e+02    2.5039187e+02    250    8.4456411e-01
  6060    3.0299997e+02    2.5123323e+02    251    8.4136269e-01
  6080    3.0399997e+02    2.5207616e+02    252    8.4293430e-01
  6100    3.0499997e+02    2.5299276e+02    252    9.1659609e-01
  6120    3.0599997e+02    2.5299276e+02    255    0.0000000e+00
  6140    3.0699997e+02    2.5299276e+02    255    0.0000000e+00
  6160    3.0799997e+02    2.5299276e+02    255    0.0000000e+00
  6180    3.0899997e+02    2.5299276e+02    255    0.0000000e+00
  6200    3.0999997e+02    2.5299276e+02    255    0.0000000e+00
  6220    3.1099997e+02    2.5299276e+02    255    0.0000000e+00
  6240    3.1199997e+02    2.5299276e+02    255    0.0000000e+00
  6260    3.1299997e+02    2.5299276e+02    255    0.0000000e+00
  6280    3.1399997e+02    2.5299276e+02    255    0.0000000e+00
  6300    3.1499997e+02    2.5299276e+02    255    0.0000000e+00
  6320    3.1599997e+02    2.5299276e+02    255    0.0000000e+00
  6340    3.1699997e+02    2.5299276e+02    255    0.0000000e+00
  6360    3.1799997e+02    2.5299276e+02    255    0.0000000e+00
  6380    3.1899997e+02    2.5299276e+02    255    0.0000000e+00
  6400    3.1999997e+02    2.5299276e+02    255    0.0000000e+00
  6420    3.2099997e+02    2.5299276e+02    255    0.0000000e+00
  6440    3.2199997e+02    2.5299276e+02    255    0.0000000e+00
  6460    3.2299997e+02    2.5299276e+02    255    0.0000000e+00
  6480    3.2399997e+02    2.5299276e+02    255    0.0000000e+00
  6500    3.2499997e+02    2.5299276e+02    255    0.0000000e+00
  6520    3.2599997e+02    2.5299276e+02    255    0.0000000e+00
  6540    3.2699997e+02    2.5299276e+02    255    0.0000000e+00
  6560    3.2799997e+02    2.5299276e+02    255    0.0000000e+00
  6580    3.2899997e+02    2.5299276e+02    255    0.0000000e+00
  6600    3.2999997e+02    2.5299276e+02    255    0.0000000e+00
  6620    3.3099997e+02    2.5299276e+02    255    0.0000000e+00
  6640    3.3199997e+02    2.5299276e+02    255    0.0000000e+00
  6660    3.3299997e+02    2.5299276e+02    255    0.0000000e+00
  6680    3.3399997e+02    2.5299276e+02    255    0.0000000e+00
  6700    3.3499997e+02    2.5299276e+02    255    0.0000000e+00
  6720    3.3599997e+02    2.5299276e+02    255    0.0000000e+00
  6740    3.3699997e+02    2.5299276e+02    255    0.0000000e+00
  6760    3.3799997e+02    2.5299276e+02    255    0.0000000e+00
  6780    3.3899997e+02    2.5299276e+02    255    0.0000000e+00
  6800    3.3999997e+02    2.5299276e+02    255    0.0000000e+00
  6820    3.4099997e+02    2.5299276e+02    255    0.0000000e+00
  6840    3.4199997e+02    2.5299276e+02    255    0.0000000e+00
  6860    3.4299997e+02    2.5299276e+02    255    0.0000000e+00
  6880    3.4399997e+02    2.5299276e+02    255    0.0000000e+00
  6900    3.4499997e+02    2.5299276e+02    255    0.0000000e+00
  6920    3.4599997e+02    2.5299276e+02    255    0.0000000e+00
  6940    3.4699997e+02    2.5299276e+02    255    0.0000000e+00
  6960    3.4799997e+02    2.5299276e+02    255    0.0000000e+00
  6980    3.4899997e+02    2.5299276e+02    255    0.0000000e+00
  7000    3.4999997e+02    2.5299276e+02    255    0.0000000e+00
  7020    3.5099997e+02    2.5299276e+02    255    0.0000000e+00
  7040    3.5199997e+02    2.5299276e+02    255    0.0000000e+00
  7060    3.5299997e+02    2.5299276e+02    255    0.0000000e+00
  7080    3.5399997e+02    2.5299276e+02    255    0.0000000e+00
  7100    3.5499997e+02    2.5299276e+02    255    0.0000000e+00
  7120    3.5599997e+02    2.5299276e+02    255    0.0000000e+00
  7140    3.5699997e+02    2.5299276e+02    255    0.0000000e+00
  7160    3.5799997e+02    2.5299276e+02    255    0.0000000e+00
  7180    3.5899997e+02    2.5299276e+02    255    0.0000000e+00
  7200    3.5999997e+02    2.5299276e+02    255    0.0000000e+00
  7220    3.6099997e+02    2.5299276e+02    255    0.0000000e+00
  7240    3.6199997e+02    2.5299276e+02    255    0.0000000e+00
  7260    3.6299997e+02    2.5299276e+02    255    0.0000000e+00
  7280    3.6399997e+02    2.5299276e+02    255    0.0000000e+00
  7300    3.6499997e+02    2.5299276e+02    255    0.0000000e+00
  7320    3.6599997e+02    2.5299276e+02    255    0.0000000e+00
  7340    3.6699997e+02    2.5299276e+02    255    0.0000000e+00
  7360    3.6799997e+02    2.5299276e+02    255    0.0000000e+00
  7380    3.6899997e+02    2.5299276e+02    255    0.0000000e+00
  7400    3.6999997e+02    2.5299276e+02    255    0.0000000e+00
  7420    3.7099997e+02    2.5299276e+02    255    0.0000000e+00
  7440    3.7199997e+02    2.5299276e+02    255    0.0000000e+00
  7460    3.7299997e+02    2.5299276e+02    255    0.0000000e+00
  7480    3.7399997e+02    2.5299276e+02    255    0.0000000e+00
  7500    3.7499997e+02    2.5299276e+02    255    0.0000000e+00
  7520    3.7599997e+02    2.5299276e+02    255    0.0000000e+00
  7540    3.7699997e+02    2.5299276e+02    255    0.0000000e+00
  7560    3.7799997e+02    2.5299276e+02    255    0.0000000e+00
  7580    3.7899997e+02    2.5299276e+02    255    0.0000000e+00
  7600    3.7999997e+02    2.5299276e+02    255    0.0000000e+00
  7620    3.8099997e+02    2.5299276e+02    255    0.0000000e+00
  7640    3.8199997e+02    2.5299276e+02    255    0.0000000e+00
  7660    3.8299997e+02    2.5299276e+02    255    0.0000000e+00
  7680    3.8399997e+02    2.5299276e+02    255    0.0000000e+00
  7700    3.8499997e+02    2.5299276e+02    255    0.0000000e+00
  7720    3.8599997e+02    2.5299276e+02    255    0.0000000e+00
  7740    3.8699997e+02    2.5299276e+02    255    0.0000000e+00
  7760    3.8799997e+02    2.5299276e+02    255    0.0000000e+00
  7780    3.8899997e+02    2.5299276e+02    255    0.0000000e+00
  7800    3.8999997e+02    2.5299276e+02    255    0.0000000e+00
  7820    3.9099997e+02    2.5299276e+02    255    0.0000000e+00
  7840    3.9199997e+02    2.5299276e+02    255    0.0000000e+00
  7860    3.9299997e+02    2.5299276e+02    255    0.0000000e+00
  7880    3.9399997e+02    2.5299276e+02    255    0.0000000e+00
  7900    3.9499997e+02    2.5299276e+02    255    0.0000000e+00
  7920    3.9599997e+02    2.5299276e+02    255    0.0000000e+00
  7940    3.9699997e+02    2.5299276e+02    255    0.0000000e+00
  7960    3.9799997e+02    2.5299276e+02    255    0.0000000e+00
  7980    3.9899997e+02    2.5299276e+02    255    0.0000000e+00
  8000    3.9999997e+02    2.5299276e+02    255    0.0000000e+00
  8020    4.0099997e+02    2.5299276e+02    255    0.0000000e+00
  8040    4.0199997e+02    2.5299276e+02    255    0.0000000e+00
  8060    4.0299997e+02    2.5299276e+02    255    0.0000000e+00
  8080    4.0399997e+02    2.5299276e+02    255    0.0000000e+00
  8100    4.0499997e+02    2.5299276e+02    255    0.0000000e+00
  8120    4.0599997e+02    2.5299276e+02    255    0.0000000e+00
  8140    4.0699997e+02    2.5299276e+02    255    0.0000000e+00
  8160    4.0799997e+02    2.5299276e+02    255    0.0000000e+00
  8180    4.0899997e+02    2.5299276e+02    255    0.0000000e+00
  8200    4.0999997e+02    2.5299276e+02    255    0.0000000e+00
  8220    4.1099997e+02    2.5299276e+02    255    0.0000000e+00
  8240    4.1199997e+02    2.5299276e+02    255    0.0000000e+00
  8260    4.1299997e+02    2.5299276e+02    255    0.0000000e+00
  8280    4.1399997e+02    2.5299276e+02    255    0.0000000e+00
  8300    4.1499997e+02    2.5299276e+02    255    0.0000000e+00
  8320    4.1599997e+02    2.5299276e+02    255    0.0000000e+00
  8340    4.1699997e+02    2.5299276e+02    255    0.0000000e+00
  8360    4.1799997e+02    2.5299276e+02    255    0.0000000e+00
  8380    4.1899997e+02    2.5299276e+02    255    0.0000000e+00
  8400    4.1999997e+02    2.5299276e+02    255    0.0000000e+00
  8420    4.2099997e+02    2.5299276e+02    255    0.0000000e+00
  8440    4.2199997e+02    2.5299276e+02    255    0.0000000e+00
  8460    4.2299997e+02    2.5299276e+02    255    0.0000000e+00
  8480    4.2399997e+02    2.5299276e+02    255    0.0000000e+00
  8500    4.2499997e+02    2.5299276e+02    255    0.0000000e+00
  8520    4.2599997e+02    2.5299276e+02    255    0.0000000e+00
  8540    4.2699997e+02    2.5299276e+02    255    0.0000000e+00
  8560    4.2799997e+02    2.5299276e+02    255    0.0000000e+00
  8580    4.2899997e+02    2.5299276e+02    255    0.0000000e+00
  8600    4.2999997e+02    2.5299276e+02    255    0.0000000e+00
  8620    4.3099997e+02    2.5299276e+02    255    0.0000000e+00
  8640    4.3199997e+02    2.5299276e+02    255    0.0000000e+00
  8660    4.3299997e+02    2.5299276e+02    255    0.0000000e+00
  8680    4.3399997e+02    2.5299276e+02    255    0.0000000e+00
  8700    4.3499997e+02    2.5299276e+02    255    0.0000000e+00
  8720    4.3599997e+02    2.5299276e+02    255    0.0000000e+00
  8740    4.3699997e+02    2.5299276e+02    255    0.0000000e+00
  8760    4.3799997e+02    2.5299276e+02    255    0.0000000e+00
  8780    4.3899997e+02    2.5299276e+02    255    0.0000000e+00
  8800    4.3999997e+02    2.5299276e+02    255    0.0000000e+00
  8820    4.4099997e+02    2.5299276e+02    255    0.0000000e+00
  8840    4.4199997e+02    2.5299276e+02    255    0.0000000e+00
  8860    4.4299997e+02    2.5299276e+02    255    0.0000000e+00
  8880    4.4399997e+02    2.5299276e+02    255    0.0000000e+00
  8900    4.4499997e+02    2.5299276e+02    255    0.0000000e+00
  8920    4.4599997e+02    2.5299276e+02    255    0.0000000e+00
  8940    4.4699997e+02    2.5299276e+02    255    0.0000000e+00
  8960    4.4799997e+02    2.5299276e+02    255    0.0000000e+00
  8980    4.4899997e+02    2.5299276e+02    255    0.0000000e+00
  9000    4.4999997e+02    2.5299276e+02    255    0.0000000e+00
  9020    4.5099997e+02    2.5299276e+02    255    0.0000000e+00
  9040    4.5199997e+02    2.5299276e+02    255    0.0000000e+00
  9060    4.5299997e+02    2.5299276e+02    255    0.0000000e+00
  9080    4.5399997e+02    2.5299276e+02    255    0.0000000e+00
  9100    4.5499997e+02    2.5299276e+02    255    0.0000000e+00
  9120    4.5599997e+02    2.5299276e+02    255    0.0000000e+00
  9140    4.5699997e+02    2.5299276e+02    255    0.0000000e+00
  9160    4.5799997e+02    2.5299276e+02    255    0.0000000e+00
  9180    4.5899997e+02    2.5299276e+02    255    0.0000000e+00
  9200    4.5999997e+02    2.5299276e+02    255    0.0000000e+00
  9220    4.6099997e+02    2.5299276e+02    255    0.0000000e+00
  9240    4.6199997e+02    2.5299276e+02    255    0.0000000e+00
  9260    4.6299997e+02    2.5299276e+02    255    0.0000000e+00
  9280    4.6399997e+02    2.5299276e+02    255    0.0000000e+00
  9300    4.6499997e+02    2.5299276e+02    255    0.0000000e+00
  9320    4.6599997e+02    2.5299276e+02    255    0.0000000e+00
  9340    4.6699997e+02    2.5299276e+02    255    0.0000000e+00
  9360    4.6799997e+02    2.5299276e+02    255    0.0000000e+00
  9380    4.6899997e+02    2.5299276e+02    255    0.0000000e+00
  9400    4.6999997e+02    2.5299276e+02    255    0.0000000e+00
  9420    4.7099997e+02    2.5299276e+02    255    0.0000000e+00
  9440    4.7199997e+02    2.5299276e+02    255    0.0000000e+00
  9460    4.7299997e+02    2.5299276e+02    255    0.0000000e+00
  9480    4.7399997e+02    2.5299276e+02    255    0.0000000e+00
  9500    4.7499997e+02    2.5299276e+02    255    0.0000000e+00
  9520    4.7599997e+02    2.5299276e+02    255    0.0000000e+00
  9540    4.7699997e+02    2.5299276e+02    255    0.0000000e+00
  9560    4.7799997e+02    2.5299276e+02    255    0.0000000e+00
  9580    4.7899997e+02    2.5299276e+02    255    0.0000000e+00
  9600    4.7999997e+02    2.5299276e+02    255    0.0000000e+00
  9620    4.8099997e+02    2.5299276e+02    255    0.0000000e+00
  9640    4.8199997e+02    2.5299276e+02    255    0.0000000e+00
  9660    4.8299997e+02    2.5299276e+02    255    0.0000000e+00
  9680    4.8399997e+02    2.5299276e+02    255    0.0000000e+00
  9700    4.8499997e+02    2.5299276e+02    255    0.0000000e+00
  9720    4.8599997e+02    2.5299276e+02    255    0.0000000e+00
  9740    4.8699997e+02    2.5299276e+02    255    0.0000000e+00
  9760    4.8799997e+02    2.5299276e+02    255    0.0000000e+00
  9780    4.8899997e+02    2.5299276e+02    255    0.0000000e+00
  9800    4.8999997e+02    2.5299276e+02    255    0.0000000e+00
  9820    4.9099997e+02    2.5299276e+02    255    0.0000000e+00
  9840    4.9199997e+02    2.5299276e+02    255    0.0000000e+00
  9860    4.9299997e+02    2.5299276e+02    255    0.0000000e+00
  9880    4.9399997e+02    2.5299276e+02    255    0.0000000e+00
  9900    4.9499997e+02    2.5299276e+02    255    0.0000000e+00
  9920    4.9599997e+02    2.5299276e+02    255    0.0000000e+00
  9940    4.9699997e+02    2.5299276e+02    255    0.0000000e+00
  9960    4.9799997e+02    2.5299276e+02    255    0.0000000e+00
  9980    4.9899997e+02    2.5299276e+02    255    0.0000000e+00
 10000    4.9999997e+02    2.5299276e+02    255    0.0000000e+00
