    20    9.9999994e-01    9.9608378e+01
    40    1.9999999e+00    1.0893573e+02
    60    2.9999998e+00    1.1897634e+02
    80    3.9999998e+00    1.2974244e+02
   100    4.9999995e+00    1.4125899e+02
   120    5.9999995e+00    1.5353608e+02
   140    6.9999995e+00    1.6659481e+02
   160    7.9999995e+00    1.8044751e+02
   180    8.9999990e+00    1.9510702e+02
   200    9.9999990e+00    2.1059104e+02
   220    1.0999999e+01    2.2690566e+02
   240    1.1999999e+01    2.4406741e+02
   260    1.2999999e+01    2.6208638e+02
   280    1.3999999e+01    2.8096910e+02
   300    1.4999999e+01    3.0073097e+02
   320    1.5999999e+01    3.2137795e+02
   340    1.6999998e+01    3.4291679e+02
   360    1.7999998e+01    3.6536086e+02
   380    1.8999998e+01    3.8871452e+02
   400    1.9999998e+01    4.1298326e+02
   420    2.0999998e+01    4.3817893e+02
   440    2.1999998e+01    4.6430591e+02
   460    2.2999998e+01    4.9136741e+02
   480    2.3999998e+01    5.1937368e+02
   500    2.4999998e+01    5.4833056e+02
   520    2.5999998e+01    5.7823915e+02
   540    2.6999998e+01    6.0910684e+02
   560    2.7999998e+01    6.4094154e+02
   580    2.8999998e+01    6.7374435e+02
   600    2.9999998e+01    7.0751835e+02
   620    3.0999998e+01    7.4227182e+02
   640    3.1999998e+01    7.7800883e+02
   660    3.2999996e+01    8.1472942e+02
   680    3.3999996e+01    8.5243841e+02
   700    3.4999996e+01    8.9114293e+02
   720    3.5999996e+01    9.3084467e+02
   740    3.6999996e+01    9.7154382e+02
   760    3.7999996e+01    1.0132457e+03
   780    3.8999996e+01    1.0559563e+03
   800    3.9999996e+01    1.0996761e+03
   820    4.0999996e+01    1.1444053e+03
   840    4.1999996e+01    1.1901491e+03
   860    4.2999996e+01    1.2369127e+03
   880    4.3999996e+01    1.2846963e+03
   900    4.4999996e+01    1.3334998e+03
   920    4.5999996e+01    1.3833276e+03
   940    4.6999996e+01    1.4341846e+03
   960    4.7999996e+01    1.4860715e+03
   980    4.8999996e+01    1.5389875e+03
  1000    4.9999996e+01    1.5929358e+03
  1020    5.0999996e+01    1.6479215e+03
  1040    5.1999996e+01    1.7039460e+03
  1060    5.2999996e+01    1.7610079e+03
  1080    5.3999996e+01    1.8191090e+03
  1100    5.4999996e+01    1.8782541e+03
  1120    5.5999996e+01    1.9384458e+03
  1140    5.6999996e+01    1.9996830e+03
  1160    5.7999996e+01    2.0619657e+03
  1180    5.8999996e+01    2.1252975e+03
  1200    5.9999996e+01    2.1896825e+03
  1220    6.0999996e+01    2.2551206e+03
  1240    6.1999996e+01    2.3216104e+03
  1260    6.2999996e+01    2.3891539e+03
  1280    6.3999996e+01    2.4577552e+03
  1300    6.4999992e+01    2.5274164e+03
  1320    6.5999992e+01    2.5981361e+03
  1340    6.6999992e+01    2.6699140e+03
  1360    6.7999992e+01    2.7427529e+03
  1380    6.8999992e+01    2.8166567e+03
  1400    6.9999992e+01    2.8916258e+03
  1420    7.0999992e+01    2.9676584e+03
  1440    7.1999992e+01    3.0447552e+03
  1460    7.2999992e+01    3.1229196e+03
  1480    7.3999992e+01    3.2021546e+03
  1500    7.4999992e+01    3.2824596e+03
  1520    7.5999992e+01    3.3638329e+03
  1540    7.6999992e+01    3.4462758e+03
  1560    7.7999992e+01    3.5297920e+03
  1580    7.8999992e+01    3.6143836e+03
  1600    7.9999992e+01    3.7000494e+03
  1620    8.0999992e+01    3.7867879e+03
  1640    8.1999992e+01    3.8746010e+03
  1660    8.2999992e+01    3.9634922e+03
  1680    8.3999992e+01    4.0534630e+03
  1700    8.4999992e+01    4.1445119e+03
  1720    8.5999992e+01    4.2366377e+03
  1740    8.6999992e+01    4.3298423e+03
  1760    8.7999992e+01    4.4241291e+03
  1780    8.8999992e+01    4.5194993e+03
  1800    8.9999992e+01    4.6159515e+03
  1820    9.0999992e+01    4.7134842e+03
  1840    9.1999992e+01    4.8120994e+03
  1860    9.2999992e+01    4.9118004e+03
  1880    9.3999992e+01    5.0125884e+03
  1900    9.4999992e+01    5.1144618e+03
  1920    9.5999992e+01    5.2174193e+03
  1940    9.6999992e+01    5.3214623e+03
  1960    9.7999992e+01    5.4265943e+03
  1980    9.8999992e+01    5.5328165e+03
  2000    9.9999992e+01    5.6401275e+03
  2020    1.0099999e+02    5.7485257e+03
  2040    1.0199999e+02    5.8580123e+03
  2060    1.0299999e+02    5.9685905e+03
  2080    1.0399999e+02    6.0802619e+03
  2100    1.0499999e+02    6.1930253e+03
  2120    1.0599999e+02    6.3068789e+03
  2140    1.0699999e+02    6.4218233e+03
  2160    1.0799999e+02    6.5378616e+03
  2180    1.0899999e+02    6.6549957e+03
  2200    1.0999999e+02    6.7732250e+03
  2220    1.1099999e+02    6.8925474e+03
  2240    1.1199999e+02    7.0129629e+03
  2260    1.1299999e+02    7.1344739e+03
  2280    1.1399999e+02    7.2570832e+03
  2300    1.1499999e+02    7.3807906e+03
  2320    1.1599999e+02    7.5055941e+03
  2340    1.1699999e+02    7.6314926e+03
  2360    1.1799999e+02    7.7584884e+03
  2380    1.1899999e+02    7.8865842e+03
  2400    1.1999999e+02    8.0157808e+03
  2420    1.2099999e+02    8.1460764e+03
  2440    1.2199999e+02    8.2774694e+03
  2460    1.2299999e+02    8.4099608e+03
  2480    1.2399999e+02    8.5435537e+03
  2500    1.2499999e+02    8.6782497e+03
  2520    1.2599999e+02    8.8140477e+03
  2540    1.2699999e+02    8.9509454e+03
  2560    1.2799999e+02    9.0889429e+03
  2580    1.2899998e+02    9.2280428e+03
  2600    1.2999998e+02    9.3682475e+03
  2620    1.3099998e+02    9.5095569e+03
  2640    1.3199998e+02    9.6519688e+03
  2660    1.3299998e+02    9.7954821e+03
  2680    1.3399998e+02    9.9400984e+03
  2700    1.3499998e+02    1.0085821e+04
  2720    1.3599998e+02    1.0232650e+04
  2740    1.3699998e+02    1.0380585e+04
  2760    1.3799998e+02    1.0529622e+04
  2780    1.3899998e+02    1.0679764e+04
  2800    1.3999998e+02    1.0831012e+04
  2820    1.4099998e+02    1.0983369e+04
  2840    1.4199998e+02    1.1136834e+04
  2860    1.4299998e+02    1.1291405e+04
  2880    1.4399998e+02    1.1447081e+04
  2900    1.4499998e+02    1.1603863e+04
  2920    1.4599998e+02    1.1761755e+04
  2940    1.4699998e+02    1.1920757e+04
  2960    1.4799998e+02    1.2080868e+04
  2980    1.4899998e+02    1.2242085e+04
  3000    1.4999998e+02    1.2404410e+04
  3020    1.5099998e+02    1.2567844e+04
  3040    1.5199998e+02    1.2732390e+04
  3060    1.5299998e+02    1.2898047e+04
  3080    1.5399998e+02    1.3064813e+04
  3100    1.5499998e+02    1.3232687e+04
  3120    1.5599998e+02    1.3401671e+04
  3140    1.5699998e+02    1.3571767e+04
  3160    1.5799998e+02    1.3742976e+04
  3180    1.5899998e+02    1.3915297e+04
  3200    1.5999998e+02    1.4088728e+04
  3220    1.6099998e+02    1.4263269e+04
  3240    1.6199998e+02    1.4438921e+04
  3260    1.6299998e+02    1.4615688e+04
  3280    1.6399998e+02    1.4793569e+04
  3300    1.6499998e+02    1.4972562e+04
  3320    1.6599998e+02    1.5152666e+04
  3340    1.6699998e+02    1.5333882e+04
  3360    1.6799998e+02    1.5516212e+04
  3380    1.6899998e+02    1.5699658e+04
  3400    1.6999998e+02    1.5884219e+04
  3420    1.7099998e+02    1.6069892e+04
  3440    1.7199998e+02    1.6256678e+04
  3460    1.7299998e+02    1.6444577e+04
  3480    1.7399998e+02    1.6633593e+04
  3500    1.7499998e+02    1.6823725e+04
  3520    1.7599998e+02    1.7014973e+04
  3540    1.7699998e+02    1.7207335e+04
  3560    1.7799998e+02    1.7400809e+04
  3580    1.7899998e+02    1.7595400e+04
  3600    1.7999998e+02    1.7791108e+04
  3620    1.8099998e+02    1.7987935e+04
  3640    1.8199998e+02    1.8185877e+04
  3660    1.8299998e+02    1.8384933e+04
  3680    1.8399998e+02    1.8585104e+04
  3700    1.8499998e+02    1.8786393e+04
  3720    1.8599998e+02    1.8988801e+04
  3740    1.8699998e+02    1.9192328e+04
  3760    1.8799998e+02    1.9396971e+04
  3780    1.8899998e+02    1.9602728e+04
  3800    1.8999998e+02    1.9809603e+04
  3820    1.9099998e+02    2.0017597e+04
  3840    1.9199998e+02    2.0226711e+04
  3860    1.9299998e+02    2.0436944e+04
  3880    1.9399998e+02    2.0648294e+04
  3900    1.9499998e+02    2.0860760e+04
  3920    1.9599998e+02    2.1074344e+04
  3940    1.9699998e+02    2.1289049e+04
  3960    1.9799998e+02    2.1504876e+04
  3980    1.9899998e+02    2.1721821e+04
  4000    1.9999998e+02    2.1939883e+04
  4020    2.0099998e+02    2.2159063e+04
  4040    2.0199998e+02    2.2379363e+04
  4060    2.0299998e+02    2.2600785e+04
  4080    2.0399998e+02    2.2823329e+04
  4100    2.0499998e+02    2.3046992e+04
  4120    2.0599998e+02    2.3271773e+04
  4140    2.0699998e+02    2.3497673e+04
  4160    2.0799998e+02    2.3724694e+04
  4180    2.0899998e+02    2.3952838e+04
  4200    2.0999998e+02    2.4182105e+04
  4220    2.1099998e+02    2.4412491e+04
  4240    2.1199998e+02    2.4643996e+04
  4260    2.1299998e+02    2.4876621e+04
  4280    2.1399998e+02    2.5110368e+04
  4300    2.1499998e+02    2.5345240e+04
  4320    2.1599998e+02    2.5581234e+04
  4340    2.1699998e+02    2.5818349e+04
  4360    2.1799998e+02    2.6056582e+04
  4380    2.1899998e+02    2.6295937e+04
  4400    2.1999998e+02    2.6536416e+04
  4420    2.2099998e+02    2.6778020e+04
  4440    2.2199998e+02    2.7020747e+04
  4460    2.2299998e+02    2.7264594e+04
  4480    2.2399998e+02    2.7509561e+04
  4500    2.2499998e+02    2.7755651e+04
  4520    2.2599998e+02    2.8002866e+04
  4540    2.2699998e+02    2.8251207e+04
  4560    2.2799998e+02    2.8500670e+04
  4580    2.2899998e+02    2.8751255e+04
  4600    2.2999998e+02    2.9002961e+04
  4620    2.3099998e+02    2.9255790e+04
  4640    2.3199998e+02    2.9509745e+04
  4660    2.3299998e+02    2.9764827e+04
  4680    2.3399998e+02    3.0021031e+04
  4700    2.3499998e+02    3.0278358e+04
  4720    2.3599998e+02    3.0536806e+04
  4740    2.3699998e+02    3.0796379e+04
  4760    2.3799998e+02    3.1057079e+04
  4780    2.3899998e+02    3.1318905e+04
  4800    2.3999998e+02    3.1581855e+04
  4820    2.4099998e+02    3.1845927e+04
  4840    2.4199998e+02    3.2111122e+04
  4860    2.4299998e+02    3.2377443e+04
  4880    2.4399998e+02    3.2644891e+04
  4900    2.4499998e+02    3.2913466e+04
  4920    2.4599998e+02    3.3183165e+04
  4940    2.4699998e+02    3.3453987e+04
  4960    2.4799998e+02    3.3725932e+04
  4980    2.4899998e+02    3.3999004e+04
  5000    2.4999998e+02    3.4273205e+04
  5020    2.5099998e+02    3.4548532e+04
  5040    2.5199998e+02    3.4824984e+04
  5060    2.5299998e+02    3.5102560e+04
  5080    2.5399998e+02    3.5381260e+04
  5100    2.5499998e+02    3.5661087e+04
  5120    2.5599998e+02    3.5942043e+04
  5140    2.5699997e+02    3.6224126e+04
  5160    2.5799997e+02    3.6507335e+04
  5180    2.5899997e+02    3.6791667e+04
  5200    2.5999997e+02    3.7077125e+04
  5220    2.6099997e+02    3.7363710e+04
  5240    2.6199997e+02    3.7651425e+04
  5260    2.6299997e+02    3.7940268e+04
  5280    2.6399997e+02    3.8230237e+04
  5300    2.6499997e+02    3.8521330e+04
  5320    2.6599997e+02    3.8813548e+04
  5340    2.6699997e+02    3.9106896e+04
  5360    2.6799997e+02    3.9401373e+04
  5380    2.6899997e+02    3.9696979e+04
  5400    2.6999997e+02    3.9993710e+04
  5420    2.7099997e+02    4.0291567e+04
  5440    2.7199997e+02    4.0590550e+04
  5460    2.7299997e+02    4.0890662e+04
  5480    2.7399997e+02    4.1191904e+04
  5500    2.7499997e+02    4.1494276e+04
  5520    2.7599997e+02    4.1797774e+04
  5540    2.7699997e+02    4.2102397e+04
  5560    2.7799997e+02    4.2408147e+04
  5580    2.7899997e+02    4.2715027e+04
  5600    2.7999997e+02    4.3023038e+04
  5620    2.8099997e+02    4.3332179e+04
  5640    2.8199997e+02    4.3642446e+04
  5660    2.8299997e+02    4.3953839e+04
  5680    2.8399997e+02    4.4266359e+04
  5700    2.8499997e+02    4.4580010e+04
  5720    2.8599997e+02    4.4894792e+04
  5740    2.8699997e+02    4.5210704e+04
  5760    2.8799997e+02    4.5527743e+04
  5780    2.8899997e+02    4.5845909e+04
  5800    2.8999997e+02    4.6165202e+04
  5820    2.9099997e+02    4.6485626e+04
  5840    2.9199997e+02    4.6807183e+04
  5860    2.9299997e+02    4.7129869e+04
  5880    2.9399997e+02    4.7453683e+04
  5900    2.9499997e+02    4.7778624e+04
  5920    2.9599997e+02    4.8104693e+04
  5940    2.9699997e+02    4.8431893e+04
  5960    2.9799997e+02    4.8760226e+04
  5980    2.9899997e+02    4.9089689e+04
  6000    2.9999997e+02    4.9420282e+04
  6020    3.0099997e+02    4.9752004e+04
  6040    3.0199997e+02    5.0084869e+04
  6060    3.0299997e+02    5.0418940e+04
  6080    3.0399997e+02    5.0754535e+04
  6100    3.0499997e+02    5.1093359e+04
  6120    3.0599997e+02    5.1446322e+04
  6140    3.0699997e+02    5.1818100e+04
  6160    3.0799997e+02    5.2147740e+04
  6180    3.0899997e+02    5.2456575e+04
  6200    3.0999997e+02    5.2751765e+04
  6220    3.1099997e+02    5.3036280e+04
  6240    3.1199997e+02    5.3311832e+04
  6260    3.1299997e+02    5.3579555e+04
  6280    3.1399997e+02    5.3840270e+04
  6300    3.1499997e+02    5.4094598e+04
  6320    3.1599997e+02    5.4343032e+04
  6340    3.1699997e+02    5.4585974e+04
  6360    3.1799997e+02    5.4823759e+04
  6380    3.1899997e+02    5.5056670e+04
  6400    3.1999997e+02    5.5284953e+04
  6420    3.2099997e+02    5.5508821e+04
  6440    3.2199997e+02    5.5728462e+04
  6460    3.2299997e+02    5.5944045e+04
  6480    3.2399997e+02    5.6155720e+04
  6500    3.2499997e+02    5.6363621e+04
  6520    3.2599997e+02    5.6567872e+04
  6540    3.2699997e+02    5.6768587e+04
  6560    3.2799997e+02    5.6965866e+04
  6580    3.2899997e+02    5.7159806e+04
  6600    3.2999997e+02    5.7350493e+04
  6620    3.3099997e+02    5.7538010e+04
  6640    3.3199997e+02    5.7722432e+04
  6660    3.3299997e+02    5.7903829e+04
  6680    3.3399997e+02    5.8082267e+04
  6700    3.3499997e+02    5.8257809e+04
  6720    3.3599997e+02    5.8430511e+04
  6740    3.3699997e+02    5.8600430e+04
  6760    3.3799997e+02    5.8767616e+04
  6780    3.3899997e+02    5.8932118e+04
  6800    3.3999997e+02    5.9093983e+04
  6820    3.4099997e+02    5.9253254e+04
  6840    3.4199997e+02    5.9409972e+04
  6860    3.4299997e+02    5.9564178e+04
  6880    3.4399997e+02    5.9715909e+04
  6900    3.4499997e+02    5.9865200e+04
  6920    3.4599997e+02    6.0012087e+04
  6940    3.4699997e+02    6.0156601e+04
  6960    3.4799997e+02    6.0298774e+04
  6980    3.4899997e+02    6.0438636e+04
  7000    3.4999997e+02    6.0576215e+04
  7020    3.5099997e+02    6.0711540e+04
  7040    3.5199997e+02    6.0844636e+04
  7060    3.5299997e+02    6.0975529e+04
  7080    3.5399997e+02    6.1104243e+04
  7100    3.5499997e+02    6.1230801e+04
  7120    3.5599997e+02    6.1355227e+04
  7140    3.5699997e+02    6.1477542e+04
  7160    3.5799997e+02    6.1597767e+04
  7180    3.5899997e+02    6.1715923e+04
  7200    3.5999997e+02    6.1832028e+04
  7220    3.6099997e+02    6.1946102e+04
  7240    3.6199997e+02    6.2058163e+04
  7260    3.6299997e+02    6.2168228e+04
  7280    3.6399997e+02    6.2276316e+04
  7300    3.6499997e+02    6.2382441e+04
  7320    3.6599997e+02    6.2486621e+04
  7340    3.6699997e+02    6.2588871e+04
  7360    3.6799997e+02    6.2689205e+04
  7380    3.6899997e+02    6.2787639e+04
  7400    3.6999997e+02    6.2884186e+04
  7420    3.7099997e+02    6.2978860e+04
  7440    3.7199997e+02    6.3071675e+04
  7460    3.7299997e+02    6.3162644e+04
  7480    3.7399997e+02    6.3251779e+04
  7500    3.7499997e+02    6.3339092e+04
  7520    3.7599997e+02    6.3424595e+04
  7540    3.7699997e+02    6.3508300e+04
  7560    3.7799997e+02    6.3590218e+04
  7580    3.7899997e+02    6.3670361e+04
  7600    3.7999997e+02    6.3748737e+04
  7620    3.8099997e+02    6.3825360e+04
  7640    3.8199997e+02    6.3900237e+04
  7660    3.8299997e+02    6.3973379e+04
  7680    3.8399997e+02    6.4044797e+04
  7700    3.8499997e+02    6.4114497e+04
  7720    3.8599997e+02    6.4182492e+04
  7740    3.8699997e+02    6.4248788e+04
  7760    3.8799997e+02    6.4313396e+04
  7780    3.8899997e+02    6.4376323e+04
  7800    3.8999997e+02    6.4437577e+04
  7820    3.9099997e+02    6.4497168e+04
  7840    3.9199997e+02    6.4555102e+04
  7860    3.9299997e+02    6.4611387e+04
  7880    3.9399997e+02    6.4666032e+04
  7900    3.9499997e+02    6.4719042e+04
  7920    3.9599997e+02    6.4770426e+04
  7940    3.9699997e+02    6.4820192e+04
  7960    3.9799997e+02    6.4868344e+04
  7980    3.9899997e+02    6.4914891e+04
  8000    3.9999997e+02    6.4959839e+04
  8020    4.0099997e+02    6.5003194e+04
  8040    4.0199997e+02    6.5044962e+04
  8060    4.0299997e+02    6.5085151e+04
  8080    4.0399997e+02    6.5123764e+04
  8100    4.0499997e+02    6.5160807e+04
  8120    4.0599997e+02    6.5196286e+04
  8140    4.0699997e+02    6.5230205e+04
  8160    4.0799997e+02    6.5262567e+04
  8180    4.0899997e+02    6.5293373e+04
  8200    4.0999997e+02    6.5322626e+04
  8220    4.1099997e+02    6.5350322e+04
  8240    4.1199997e+02    6.5376455e+04
  8260    4.1299997e+02    6.5401017e+04
  8280    4.1399997e+02    6.5423991e+04
  8300    4.1499997e+02    6.5445351e+04
  8320    4.1599997e+02    6.5465061e+04
  8340    4.1699997e+02    6.5483072e+04
  8360    4.1799997e+02    6.5499307e+04
  8380    4.1899997e+02    6.5513664e+04
  8400    4.1999997e+02    6.5526017e+04
  8420    4.2099997e+02    6.5535339e+04
  8440    4.2199997e+02    6.5535992e+04
  8460    4.2299997e+02    6.5535993e+04
  8480    4.2399997e+02    6.5535993e+04
  8500    4.2499997e+02    6.5535993e+04
  8520    4.2599997e+02    6.5535993e+04
  8540    4.2699997e+02    6.5535993e+04
  8560    4.2799997e+02    6.5535993e+04
  8580    4.2899997e+02    6.5535993e+04
  8600    4.2999997e+02    6.5535993e+04
  8620    4.3099997e+02    6.5535993e+04
  8640    4.3199997e+02    6.5535993e+04
  8660    4.3299997e+02    6.5535993e+04
  8680    4.3399997e+02    6.5535993e+04
  8700    4.3499997e+02    6.5535993e+04
  8720    4.3599997e+02    6.5535993e+04
  8740    4.3699997e+02    6.5535993e+04
  8760    4.3799997e+02    6.5535993e+04
  8780    4.3899997e+02    6.5535993e+04
  8800    4.3999997e+02    6.5535993e+04
  8820    4.4099997e+02    6.5535993e+04
  8840    4.4199997e+02    6.5535993e+04
  8860    4.4299997e+02    6.5535993e+04
  8880    4.4399997e+02    6.5535993e+04
  8900    4.4499997e+02    6.5535993e+04
  8920    4.4599997e+02    6.5535993e+04
  8940    4.4699997e+02    6.5535993e+04
  8960    4.4799997e+02    6.5535993e+04
  8980    4.4899997e+02    6.5535993e+04
  9000    4.4999997e+02    6.5535993e+04
  9020    4.5099997e+02    6.5535993e+04
  9040    4.5199997e+02    6.5535993e+04
  9060    4.5299997e+02    6.5535993e+04
  9080    4.5399997e+02    6.5535993e+04
  9100    4.5499997e+02    6.5535993e+04
  9120    4.5599997e+02    6.5535993e+04
  9140    4.5699997e+02    6.5535993e+04
  9160    4.5799997e+02    6.5535993e+04
  9180    4.5899997e+02    6.5535993e+04
  9200    4.5999997e+02    6.5535993e+04
  9220    4.6099997e+02    6.5535993e+04
  9240    4.6199997e+02    6.5535993e+04
  9260    4.6299997e+02    6.5535993e+04
  9280    4.6399997e+02    6.5535993e+04
  9300    4.6499997e+02    6.5535993e+04
  9320    4.6599997e+02    6.5535993e+04
  9340    4.6699997e+02    6.5535993e+04
  9360    4.6799997e+02    6.5535993e+04
  9380    4.6899997e+02    6.5535993e+04
  9400    4.6999997e+02    6.5535993e+04
  9420    4.7099997e+02    6.5535993e+04
  9440    4.7199997e+02    6.5535993e+04
  9460    4.7299997e+02    6.5535993e+04
  9480    4.7399997e+02    6.5535993e+04
  9500    4.7499997e+02    6.5535993e+04
  9520    4.7599997e+02    6.5535993e+04
  9540    4.7699997e+02    6.5535993e+04
  9560    4.7799997e+02    6.5535993e+04
  9580    4.7899997e+02    6.5535993e+04
  9600    4.7999997e+02    6.5535993e+04
  9620    4.8099997e+02    6.5535993e+04
  9640    4.8199997e+02    6.5535993e+04
  9660    4.8299997e+02    6.5535993e+04
  9680    4.8399997e+02    6.5535993e+04
  9700    4.8499997e+02    6.5535993e+04
  9720    4.8599997e+02    6.5535993e+04
  9740    4.8699997e+02    6.5535993e+04
  9760    4.8799997e+02    6.5535993e+04
  9780    4.8899997e+02    6.5535993e+04
  9800    4.8999997e+02    6.5535993e+04
  9820    4.9099997e+02    6.5535993e+04
  9840    4.9199997e+02    6.5535993e+04
  9860    4.9299997e+02    6.5535993e+04
  9880    4.9399997e+02    6.5535993e+04
  9900    4.9499997e+02    6.5535993e+04
  9920    4.9599997e+02    6.5535993e+04
  9940    4.9699997e+02    6.5535993e+04
  9960    4.9799997e+02    6.5535993e+04
  9980    4.9899997e+02    6.5535993e+04
 10000    4.9999997e+02    6.5535993e+04
