    10    7.9888987e+00
    11    8.0616255e+00
    12    8.1222324e+00
    13    8.1735143e+00
    14    8.2174702e+00
    15    8.2555653e+00
    16    8.2888992e+00
    17    8.3183113e+00
    18    8.3444547e+00
    19    8.3678460e+00
    20    8.3888990e+00
    21    8.4079466e+00
    22    8.4252633e+00
    23    8.4410731e+00
    24    8.4555659e+00
    25    8.4688991e+00
    26    8.4812073e+00
    27    8.4926032e+00
    28    8.5031852e+00
    29    8.5130368e+00
    30    8.5222318e+00
    31    8.5308338e+00
    32    8.5388992e+00
    33    8.5464753e+00
    34    8.5536049e+00
    35    8.5603278e+00
    36    8.5666770e+00
    37    8.5726833e+00
    38    8.5783731e+00
    39    8.5837710e+00
    40    8.5888987e+00
    41    8.5937772e+00
    42    8.5984229e+00
    43    8.6028522e+00
    44    8.6070813e+00
    45    8.6111213e+00
    46    8.6149857e+00
    47    8.6186856e+00
    48    8.6222317e+00
    49    8.6256341e+00
    50    8.6288992e+00
    51    8.6320360e+00
    52    8.6350528e+00
    53    8.6379559e+00
    54    8.6407508e+00
    55    8.6434438e+00
    56    8.6460423e+00
    57    8.6485479e+00
    58    8.6509681e+00
    59    8.6533064e+00
    60    8.6555656e+00
    61    8.6577511e+00
    62    8.6598666e+00
    63    8.6619148e+00
    64    8.6638993e+00
    65    8.6658220e+00
    66    8.6676873e+00
    67    8.6694963e+00
    68    8.6712516e+00
    69    8.6729569e+00
    70    8.6746131e+00
    71    8.6762229e+00
    72    8.6777882e+00
    73    8.6793098e+00
    74    8.6807913e+00
    75    8.6822320e+00
    76    8.6836362e+00
    77    8.6850032e+00
    78    8.6863347e+00
    79    8.6876325e+00
    80    8.6888986e+00
    81    8.6901337e+00
    82    8.6913378e+00
    83    8.6925129e+00
    84    8.6936607e+00
    85    8.6947812e+00
    86    8.6958762e+00
    87    8.6969449e+00
    88    8.6979899e+00
    89    8.6990112e+00
    90    8.7000099e+00
    91    8.7009867e+00
    92    8.7019416e+00
    93    8.7028784e+00
    94    8.7037934e+00
    95    8.7046883e+00
    96    8.7055660e+00
    97    8.7064245e+00
    98    8.7072658e+00
    99    8.7080907e+00
   100    8.7088993e+00
   101    8.7096905e+00
   102    8.7104681e+00
   103    8.7112294e+00
   104    8.7119761e+00
   105    8.7127091e+00
   106    8.7134267e+00
   107    8.7141334e+00
   108    8.7148246e+00
   109    8.7155049e+00
   110    8.7161716e+00
   111    8.7168273e+00
   112    8.7174703e+00
   113    8.7181033e+00
   114    8.7187236e+00
   115    8.7193339e+00
   116    8.7199332e+00
   117    8.7205226e+00
   118    8.7211019e+00
   119    8.7216722e+00
   120    8.7222315e+00
   121    8.7227827e+00
   122    8.7233248e+00
   123    8.7238577e+00
   124    8.7243834e+00
   125    8.7248991e+00
   126    8.7254066e+00
   127    8.7259068e+00
   128    8.7263988e+00
   129    8.7268827e+00
   130    8.7273611e+00
   131    8.7278304e+00
   132    8.7282933e+00
   133    8.7287490e+00
   134    8.7291983e+00
   135    8.7296403e+00
   136    8.7300750e+00
   137    8.7305052e+00
   138    8.7309281e+00
   139    8.7313447e+00
   140    8.7317558e+00
   141    8.7321614e+00
   142    8.7325607e+00
   143    8.7329554e+00
   144    8.7333428e+00
   145    8.7337266e+00
   146    8.7341041e+00
   147    8.7344770e+00
   148    8.7348453e+00
   149    8.7352082e+00
   150    8.7355656e+00
   151    8.7359185e+00
   152    8.7362669e+00
   153    8.7366107e+00
   154    8.7369508e+00
   155    8.7372864e+00
   156    8.7376166e+00
   157    8.7379440e+00
   158    8.7382659e+00
   159    8.7385852e+00
   160    8.7388989e+00
   161    8.7392100e+00
   162    8.7395156e+00
   163    8.7398194e+00
   164    8.7401186e+00
   165    8.7404142e+00
   166    8.7407061e+00
   167    8.7409953e+00
   168    8.7412800e+00
   169    8.7415619e+00
   170    8.7418402e+00
   171    8.7421149e+00
   172    8.7423869e+00
   173    8.7426561e+00
   174    8.7429216e+00
   175    8.7431854e+00
   176    8.7434437e+00
   177    8.7437011e+00
   178    8.7439548e+00
   179    8.7442058e+00
   180    8.7444550e+00
   181    8.7446997e+00
   182    8.7449425e+00
   183    8.7451826e+00
   184    8.7454209e+00
   185    8.7456556e+00
   186    8.7458884e+00
   187    8.7461176e+00
   188    8.7463459e+00
   189    8.7465705e+00
   190    8.7467943e+00
   191    8.7470144e+00
   192    8.7472317e+00
   193    8.7474482e+00
   194    8.7476619e+00
   195    8.7478729e+00
   196    8.7480830e+00
   197    8.7482904e+00
   198    8.7484950e+00
   199    8.7486978e+00
   200    8.7488988e+00
   201    8.7490980e+00
   202    8.7492954e+00
   203    8.7494900e+00
   204    8.7496828e+00
   205    8.7498747e+00
   206    8.7500639e+00
   207    8.7502522e+00
   208    8.7504368e+00
   209    8.7506214e+00
   210    8.7508042e+00
   211    8.7509843e+00
   212    8.7511626e+00
   213    8.7513399e+00
   214    8.7515164e+00
   215    8.7516901e+00
   216    8.7518620e+00
   217    8.7520330e+00
   218    8.7522021e+00
   219    8.7523686e+00
   220    8.7525350e+00
   221    8.7526996e+00
   222    8.7528633e+00
   223    8.7530252e+00
   224    8.7531853e+00
   225    8.7533426e+00
   226    8.7535009e+00
   227    8.7536573e+00
   228    8.7538110e+00
   229    8.7539638e+00
   230    8.7541157e+00
   231    8.7542667e+00
   232    8.7544158e+00
   233    8.7545641e+00
   234    8.7547114e+00
   235    8.7548560e+00
   236    8.7550006e+00
   237    8.7551443e+00
   238    8.7552862e+00
   239    8.7554263e+00
   240    8.7555663e+00
   241    8.7557037e+00
   242    8.7558410e+00
   243    8.7559765e+00
   244    8.7561120e+00
   245    8.7562457e+00
   246    8.7563785e+00
   247    8.7565104e+00
   248    8.7566414e+00
   249    8.7567696e+00
   250    8.7568988e+00
   251    8.7570261e+00
   252    8.7571534e+00
   253    8.7572780e+00
   254    8.7574026e+00
   255    8.7575263e+00
