         1    9.9283856e-01
         2    1.0149431e+00
         3    9.7088373e-01
         4    1.0250784e+00
         5    9.6038961e-01
         6    1.0277853e+00
         7    9.5727926e-01
         8    1.0283425e+00
         9    9.5657510e-01
        10    1.0284455e+00
        11    9.5643777e-01
        12    1.0284636e+00
        13    9.5641309e-01
        14    1.0284667e+00
        15    9.5640880e-01
        16    1.0284673e+00
        17    9.5640808e-01
        18    1.0284673e+00
        19    9.5640802e-01
        20    1.0284673e+00
        21    9.5640802e-01
        22    1.0284673e+00
        23    9.5640802e-01
        24    1.0284673e+00
        25    9.5640802e-01
        26    1.0284673e+00
        27    9.5640802e-01
        28    1.0284673e+00
        29    9.5640802e-01
        30    1.0284673e+00
        31    9.5640802e-01
        32    1.0284673e+00
        33    9.5640802e-01
        34    1.0284673e+00
        35    9.5640802e-01
        36    1.0284673e+00
        37    9.5640802e-01
        38    1.0284673e+00
        39    9.5640802e-01
        40    1.0284673e+00
        41    9.5640802e-01
        42    1.0284673e+00
        43    9.5640802e-01
        44    1.0284673e+00
        45    9.5640802e-01
        46    1.0284673e+00
        47    9.5640802e-01
        48    1.0284673e+00
        49    9.5640802e-01
        50    1.0284673e+00
        51    9.5640802e-01
        52    1.0284673e+00
        53    9.5640802e-01
        54    1.0284673e+00
        55    9.5640802e-01
        56    1.0284673e+00
        57    9.5640802e-01
        58    1.0284673e+00
        59    9.5640802e-01
        60    1.0284673e+00
        61    9.5640802e-01
        62    1.0284673e+00
        63    9.5640802e-01
        64    1.0284673e+00
        65    9.5640802e-01
        66    1.0284673e+00
        67    9.5640802e-01
        68    1.0284673e+00
        69    9.5640802e-01
        70    1.0284673e+00
        71    9.5640802e-01
        72    1.0284673e+00
        73    9.5640802e-01
        74    1.0284673e+00
        75    9.5640802e-01
        76    1.0284673e+00
        77    9.5640802e-01
        78    1.0284673e+00
        79    9.5640802e-01
        80    1.0284673e+00
        81    9.5640802e-01
        82    1.0284673e+00
        83    9.5640802e-01
        84    1.0284673e+00
        85    9.5640802e-01
        86    1.0284673e+00
        87    9.5640802e-01
        88    1.0284673e+00
        89    9.5640802e-01
        90    1.0284673e+00
        91    9.5640802e-01
        92    1.0284673e+00
        93    9.5640802e-01
        94    1.0284673e+00
        95    9.5640802e-01
        96    1.0284673e+00
        97    9.5640802e-01
        98    1.0284673e+00
        99    9.5640802e-01
       100    1.0284673e+00
       101    9.5640802e-01
       102    1.0284673e+00
       103    9.5640802e-01
       104    1.0284673e+00
       105    9.5640802e-01
       106    1.0284673e+00
       107    9.5640802e-01
       108    1.0284673e+00
       109    9.5640802e-01
       110    1.0284673e+00
       111    9.5640802e-01
       112    1.0284673e+00
       113    9.5640802e-01
       114    1.0284673e+00
       115    9.5640802e-01
       116    1.0284673e+00
       117    9.5640802e-01
       118    1.0284673e+00
       119    9.5640802e-01
       120    1.0284673e+00
       121    9.5640802e-01
       122    1.0284673e+00
       123    9.5640802e-01
       124    1.0284673e+00
       125    9.5640802e-01
       126    1.0284673e+00
       127    9.5640802e-01
       128    1.0284673e+00
       129    9.5640802e-01
       130    1.0284673e+00
       131    9.5640802e-01
       132    1.0284673e+00
       133    9.5640802e-01
       134    1.0284673e+00
       135    9.5640802e-01
       136    1.0284673e+00
       137    9.5640802e-01
       138    1.0284673e+00
       139    9.5640802e-01
       140    1.0284673e+00
       141    9.5640802e-01
       142    1.0284673e+00
       143    9.5640802e-01
       144    1.0284673e+00
       145    9.5640802e-01
       146    1.0284673e+00
       147    9.5640802e-01
       148    1.0284673e+00
       149    9.5640802e-01
       150    1.0284673e+00
       151    9.5640802e-01
       152    1.0284673e+00
       153    9.5640802e-01
       154    1.0284673e+00
       155    9.5640802e-01
       156    1.0284673e+00
       157    9.5640802e-01
       158    1.0284673e+00
       159    9.5640802e-01
       160    1.0284673e+00
       161    9.5640802e-01
       162    1.0284673e+00
       163    9.5640802e-01
       164    1.0284673e+00
       165    9.5640802e-01
       166    1.0284673e+00
       167    9.5640802e-01
       168    1.0284673e+00
       169    9.5640802e-01
       170    1.0284673e+00
       171    9.5640802e-01
       172    1.0284673e+00
       173    9.5640802e-01
       174    1.0284673e+00
       175    9.5640802e-01
       176    1.0284673e+00
       177    9.5640802e-01
       178    1.0284673e+00
       179    9.5640802e-01
       180    1.0284673e+00
       181    9.5640802e-01
       182    1.0284673e+00
       183    9.5640802e-01
       184    1.0284673e+00
       185    9.5640802e-01
       186    1.0284673e+00
       187    9.5640802e-01
       188    1.0284673e+00
       189    9.5640802e-01
       190    1.0284673e+00
       191    9.5640802e-01
       192    1.0284673e+00
       193    9.5640802e-01
       194    1.0284673e+00
       195    9.5640802e-01
       196    1.0284673e+00
       197    9.5640802e-01
       198    1.0284673e+00
       199    9.5640802e-01
       200    1.0284673e+00
       201    9.5640802e-01
       202    1.0284673e+00
       203    9.5640802e-01
       204    1.0284673e+00
       205    9.5640802e-01
       206    1.0284673e+00
       207    9.5640802e-01
       208    1.0284673e+00
       209    9.5640802e-01
       210    1.0284673e+00
       211    9.5640802e-01
       212    1.0284673e+00
       213    9.5640802e-01
       214    1.0284673e+00
       215    9.5640802e-01
       216    1.0284673e+00
       217    9.5640802e-01
       218    1.0284673e+00
       219    9.5640820e-01
       220    1.0284672e+00
       221    9.5640880e-01
       222    1.0284669e+00
       223    9.5641053e-01
       224    1.0284661e+00
       225    9.5641565e-01
       226    1.0284634e+00
       227    9.5643091e-01
       228    1.0284553e+00
       229    9.5647609e-01
       230    1.0284312e+00
       231    9.5660836e-01
       232    1.0283602e+00
       233    9.5698547e-01
       234    1.0281532e+00
       235    9.5800459e-01
       236    1.0275686e+00
       237    9.6050626e-01
       238    1.0260386e+00
       239    9.6574461e-01
       240    1.0226043e+00
       241    9.7435796e-01
       242    1.0166880e+00
       243    9.8454827e-01
       244    1.0096639e+00
       245    9.9278027e-01
       246    1.0041531e+00
       247    9.9726957e-01
       248    1.0008463e+00
       249    9.9780887e-01
       250    9.9566919e-01
       251    9.8590845e-01
       252    9.5838940e-01
       253    8.8133061e-01
       254    7.0083410e-01
       255    4.3345013e-01
       256    2.5900769e-01
