         1    9.9283856e-01
         2    1.0149431e+00
         3    9.7088373e-01
         4    1.0250784e+00
         5    9.6038961e-01
         6    1.0277853e+00
         7    9.5727926e-01
         8    1.0283425e+00
         9    9.5657510e-01
        10    1.0284455e+00
        11    9.5643777e-01
        12    1.0284636e+00
        13    9.5641309e-01
        14    1.0284667e+00
        15    9.5640880e-01
        16    1.0284673e+00
        17    9.5640808e-01
        18    1.0284673e+00
        19    9.5640802e-01
        20    1.0284673e+00
        21    9.5640802e-01
        22    1.0284673e+00
        23    9.5640802e-01
        24    1.0284673e+00
        25    9.5640802e-01
        26    1.0284673e+00
        27    9.5640802e-01
        28    1.0284673e+00
        29    9.5640802e-01
        30    1.0284673e+00
        31    9.5640802e-01
        32    1.0284673e+00
        33    9.5640802e-01
        34    1.0284673e+00
        35    9.5640802e-01
        36    1.0284673e+00
        37    9.5640802e-01
        38    1.0284673e+00
        39    9.5640802e-01
        40    1.0284673e+00
        41    9.5640802e-01
        42    1.0284673e+00
        43    9.5640802e-01
        44    1.0284673e+00
        45    9.5640802e-01
        46    1.0284673e+00
        47    9.5640802e-01
        48    1.0284673e+00
        49    9.5640802e-01
        50    1.0284673e+00
        51    9.5640802e-01
        52    1.0284673e+00
        53    9.5640802e-01
        54    1.0284673e+00
        55    9.5640802e-01
        56    1.0284673e+00
        57    9.5640802e-01
        58    1.0284673e+00
        59    9.5640802e-01
        60    1.0284673e+00
        61    9.5640802e-01
        62    1.0284673e+00
        63    9.5640802e-01
        64    1.0284673e+00
        65    9.5640802e-01
        66    1.0284673e+00
        67    9.5640802e-01
        68    1.0284673e+00
        69    9.5640802e-01
        70    1.0284673e+00
        71    9.5640802e-01
        72    1.0284673e+00
        73    9.5640802e-01
        74    1.0284673e+00
        75    9.5640802e-01
        76    1.0284673e+00
        77    9.5640802e-01
        78    1.0284673e+00
        79    9.5640802e-01
        80    1.0284673e+00
        81    9.5640802e-01
        82    1.0284673e+00
        83    9.5640802e-01
        84    1.0284673e+00
        85    9.5640802e-01
        86    1.0284673e+00
        87    9.5640802e-01
        88    1.0284673e+00
        89    9.5640802e-01
        90    1.0284673e+00
        91    9.5640802e-01
        92    1.0284673e+00
        93    9.5640802e-01
        94    1.0284673e+00
        95    9.5640802e-01
        96    1.0284673e+00
        97    9.5640802e-01
        98    1.0284673e+00
        99    9.5640802e-01
       100    1.0284673e+00
       101    9.5640802e-01
       102    1.0284673e+00
       103    9.5640802e-01
       104    1.0284673e+00
       105    9.5640802e-01
       106    1.0284673e+00
       107    9.5640802e-01
       108    1.0284673e+00
       109    9.5640802e-01
       110    1.0284673e+00
       111    9.5640802e-01
       112    1.0284673e+00
       113    9.5640802e-01
       114    1.0284673e+00
       115    9.5640802e-01
       116    1.0284673e+00
       117    9.5640802e-01
       118    1.0284673e+00
       119    9.5640802e-01
       120    1.0284673e+00
       121    9.5640802e-01
       122    1.0284673e+00
       123    9.5640802e-01
       124    1.0284673e+00
       125    9.5640802e-01
       126    1.0284673e+00
       127    9.5640802e-01
       128    1.0284673e+00
       129    9.5640802e-01
       130    1.0284673e+00
       131    9.5640802e-01
       132    1.0284673e+00
       133    9.5640808e-01
       134    1.0284673e+00
       135    9.5640844e-01
       136    1.0284672e+00
       137    9.5640934e-01
       138    1.0284667e+00
       139    9.5641196e-01
       140    1.0284653e+00
       141    9.5641935e-01
       142    1.0284615e+00
       143    9.5644069e-01
       144    1.0284504e+00
       145    9.5650142e-01
       146    1.0284185e+00
       147    9.5667279e-01
       148    1.0283276e+00
       149    9.5714206e-01
       150    1.0280720e+00
       151    9.5835465e-01
       152    1.0273789e+00
       153    9.6118569e-01
       154    1.0256497e+00
       155    9.6679389e-01
       156    1.0219829e+00
       157    9.7549498e-01
       158    1.0160418e+00
       159    9.8527217e-01
       160    1.0093472e+00
       161    9.9294364e-01
       162    1.0042540e+00
       163    9.9726129e-01
       164    1.0014944e+00
       165    9.9902332e-01
       166    1.0000654e+00
       167    9.9865711e-01
       168    9.9663019e-01
       169    9.8942548e-01
       170    9.6822578e-01
       171    9.0710521e-01
       172    7.5197506e-01
       173    4.7264752e-01
       174    2.1925390e-01
       175    8.5975543e-02
       176    3.1469300e-02
       177    1.1228439e-02
       178    3.9699832e-03
       179    1.3991382e-03
       180    4.9254461e-04
       181    1.7332649e-04
       182    6.0986240e-05
       183    2.1457850e-05
       184    7.5499152e-06
       185    2.6564671e-06
       186    9.3470624e-07
       187    3.2889321e-07
       188    1.1572947e-07
       189    4.0723258e-08
       190    1.4330147e-08
       191    5.0427618e-09
       192    1.7745817e-09
       193    6.2450140e-10
       194    2.1977625e-10
       195    7.7346053e-11
       196    2.7221097e-11
       197    9.5803938e-12
       198    3.3718753e-12
       199    1.1867795e-12
       200    4.1771409e-13
       201    1.4702761e-13
       202    5.1752277e-14
       203    1.8216751e-14
       204    6.4124413e-15
       205    2.2572882e-15
       206    7.9462432e-16
       207    2.7973583e-16
       208    9.8479518e-17
       209    3.4670121e-17
       210    1.2206091e-17
       211    4.2974399e-18
       212    1.5130564e-18
       213    5.3273678e-19
       214    1.8757831e-19
       215    6.6048834e-20
       216    2.3257362e-20
       217    8.1897125e-21
       218    2.8839648e-21
       219    1.0156042e-21
       220    3.5766176e-22
       221    1.2596044e-22
       222    4.4361852e-23
       223    1.5624252e-23
       224    5.5030444e-24
       225    1.9383015e-24
       226    6.8273836e-25
       227    2.4049288e-25
       228    8.4715976e-26
       229    2.9843092e-26
       230    1.0513273e-26
       231    3.7038044e-27
       232    1.3048913e-27
       233    4.5974514e-28
       234    1.6198569e-28
       235    5.7075957e-29
       236    2.0111626e-29
       237    7.0869407e-30
       238    2.4974019e-30
       239    8.8010889e-31
       240    3.1017238e-31
       241    1.0931731e-31
       242    3.8529572e-32
       243    1.3580608e-32
       244    4.7870123e-33
       245    1.6874484e-33
       246    5.9486388e-34
       247    2.0971343e-34
       248    7.3936161e-35
       249    2.6068151e-35
       250    9.1915128e-36
       251    3.2410881e-36
       252    1.1430020e-36
       253    4.0332392e-37
       254    1.4292173e-37
       255    5.2334451e-38
       256    2.3920697e-38
