         1    9.9999827e-01
         2    1.0000051e+00
         3    9.9999177e-01
         4    1.0000107e+00
         5    9.9998730e-01
         6    1.0000139e+00
         7    9.9998564e-01
         8    1.0000142e+00
         9    9.9998653e-01
        10    1.0000123e+00
        11    9.9998921e-01
        12    1.0000092e+00
        13    9.9999249e-01
        14    1.0000060e+00
        15    9.9999541e-01
        16    1.0000033e+00
        17    9.9999732e-01
        18    1.0000011e+00
        19    9.9999708e-01
        20    9.9999535e-01
        21    9.9998319e-01
        22    9.9995071e-01
        23    9.9984926e-01
        24    9.9954230e-01
        25    9.9860859e-01
        26    9.9577534e-01
        27    9.8721474e-01
        28    9.6174431e-01
        29    8.8962799e-01
        30    7.1362263e-01
        31    4.2609054e-01
        32    1.9140397e-01
        33    7.4203722e-02
        34    2.7123166e-02
        35    9.7052418e-03
        36    3.4479287e-03
        37    1.2224158e-03
        38    4.3329733e-04
        39    1.5365398e-04
        40    5.4524025e-05
        41    1.9361454e-05
        42    6.8797835e-06
        43    2.4459684e-06
        44    8.6994521e-07
        45    3.0945387e-07
        46    1.1006072e-07
        47    3.9123982e-08
        48    1.3894558e-08
        49    4.9275726e-09
        50    1.7441664e-09
        51    6.1585648e-10
        52    2.1680692e-10
        53    7.6055939e-11
        54    2.6572014e-11
        55    9.2408451e-12
        56    3.1970945e-12
        57    1.0997829e-12
        58    3.7592458e-13
        59    1.2759906e-13
        60    4.2976188e-14
        61    1.4351198e-14
        62    4.7472067e-15
        63    1.5540062e-15
        64    5.0289363e-16
        65    1.6070436e-16
        66    5.0653583e-17
        67    1.5729607e-17
        68    4.8066746e-18
        69    1.4437475e-18
        70    4.2576547e-19
        71    1.2314364e-19
        72    3.4895160e-20
        73    9.6783217e-21
        74    2.6248707e-21
        75    6.9550552e-22
        76    1.7989086e-22
        77    4.5381830e-23
        78    1.1157926e-23
        79    2.6717194e-24
        80    6.2257642e-25
        81    1.4108679e-25
        82    3.1072470e-26
        83    6.6461454e-27
        84    1.3796842e-27
        85    2.7779036e-28
        86    5.4211708e-29
        87    1.0247432e-29
        88    1.8749338e-30
        89    3.3181960e-31
        90    5.6761184e-32
        91    9.3780418e-33
        92    1.4953758e-33
        93    2.2994194e-34
        94    3.4068444e-35
        95    4.8592722e-36
        96    6.6661243e-37
        97    8.7868728e-38
        98    1.1117421e-38
        99    1.3486643e-39
       100    1.5668339e-40
       101    1.7411133e-41
       102    1.8483127e-42
       103    1.8637270e-43
       104    1.6815582e-44
       105    1.4012985e-45
       106    0.0000000e+00
       107    0.0000000e+00
       108    0.0000000e+00
       109    0.0000000e+00
       110    0.0000000e+00
       111    0.0000000e+00
       112    0.0000000e+00
       113    0.0000000e+00
       114    0.0000000e+00
       115    0.0000000e+00
       116    0.0000000e+00
       117    0.0000000e+00
       118    0.0000000e+00
       119    0.0000000e+00
       120    0.0000000e+00
       121    0.0000000e+00
       122    0.0000000e+00
       123    0.0000000e+00
       124    0.0000000e+00
       125    0.0000000e+00
       126    0.0000000e+00
       127    0.0000000e+00
       128    0.0000000e+00
       129    0.0000000e+00
       130    0.0000000e+00
       131    0.0000000e+00
       132    0.0000000e+00
       133    0.0000000e+00
       134    0.0000000e+00
       135    0.0000000e+00
       136    0.0000000e+00
       137    0.0000000e+00
       138    0.0000000e+00
       139    0.0000000e+00
       140    0.0000000e+00
       141    0.0000000e+00
       142    0.0000000e+00
       143    0.0000000e+00
       144    0.0000000e+00
       145    0.0000000e+00
       146    0.0000000e+00
       147    0.0000000e+00
       148    0.0000000e+00
       149    0.0000000e+00
       150    0.0000000e+00
       151    0.0000000e+00
       152    0.0000000e+00
       153    0.0000000e+00
       154    0.0000000e+00
       155    0.0000000e+00
       156    0.0000000e+00
       157    0.0000000e+00
       158    0.0000000e+00
       159    0.0000000e+00
       160    0.0000000e+00
       161    0.0000000e+00
       162    0.0000000e+00
       163    0.0000000e+00
       164    0.0000000e+00
       165    0.0000000e+00
       166    0.0000000e+00
       167    0.0000000e+00
       168    0.0000000e+00
       169    0.0000000e+00
       170    0.0000000e+00
       171    0.0000000e+00
       172    0.0000000e+00
       173    0.0000000e+00
       174    0.0000000e+00
       175    0.0000000e+00
       176    0.0000000e+00
       177    0.0000000e+00
       178    0.0000000e+00
       179    0.0000000e+00
       180    0.0000000e+00
       181    0.0000000e+00
       182    0.0000000e+00
       183    0.0000000e+00
       184    0.0000000e+00
       185    0.0000000e+00
       186    0.0000000e+00
       187    0.0000000e+00
       188    0.0000000e+00
       189    0.0000000e+00
       190    0.0000000e+00
       191    0.0000000e+00
       192    0.0000000e+00
       193    0.0000000e+00
       194    0.0000000e+00
       195    0.0000000e+00
       196    0.0000000e+00
       197    0.0000000e+00
       198    0.0000000e+00
       199    0.0000000e+00
       200    0.0000000e+00
       201    0.0000000e+00
       202    0.0000000e+00
       203    0.0000000e+00
       204    0.0000000e+00
       205    0.0000000e+00
       206    0.0000000e+00
       207    0.0000000e+00
       208    0.0000000e+00
       209    0.0000000e+00
       210    0.0000000e+00
       211    0.0000000e+00
       212    0.0000000e+00
       213    0.0000000e+00
       214    0.0000000e+00
       215    0.0000000e+00
       216    0.0000000e+00
       217    0.0000000e+00
       218    0.0000000e+00
       219    0.0000000e+00
       220    0.0000000e+00
       221    0.0000000e+00
       222    0.0000000e+00
       223    0.0000000e+00
       224    0.0000000e+00
       225    0.0000000e+00
       226    0.0000000e+00
       227    0.0000000e+00
       228    0.0000000e+00
       229    0.0000000e+00
       230    0.0000000e+00
       231    0.0000000e+00
       232    0.0000000e+00
       233    0.0000000e+00
       234    0.0000000e+00
       235    0.0000000e+00
       236    0.0000000e+00
       237    0.0000000e+00
       238    0.0000000e+00
       239    0.0000000e+00
       240    0.0000000e+00
       241    0.0000000e+00
       242    0.0000000e+00
       243    0.0000000e+00
       244    0.0000000e+00
       245    0.0000000e+00
       246    0.0000000e+00
       247    0.0000000e+00
       248    0.0000000e+00
       249    0.0000000e+00
       250    0.0000000e+00
       251    0.0000000e+00
       252    0.0000000e+00
       253    0.0000000e+00
       254    0.0000000e+00
       255    0.0000000e+00
       256    0.0000000e+00
