         1    9.9999905e-01
         2    9.9999905e-01
         3    9.9999905e-01
         4    9.9999905e-01
         5    9.9999905e-01
         6    9.9999905e-01
         7    9.9999905e-01
         8    9.9999905e-01
         9    9.9999905e-01
        10    9.9999905e-01
        11    9.9999905e-01
        12    9.9999905e-01
        13    9.9999905e-01
        14    9.9999893e-01
        15    9.9999851e-01
        16    9.9999696e-01
        17    9.9999124e-01
        18    9.9997550e-01
        19    9.9992931e-01
        20    9.9979514e-01
        21    9.9940550e-01
        22    9.9827421e-01
        23    9.9499542e-01
        24    9.8554593e-01
        25    9.5878804e-01
        26    8.8683546e-01
        27    7.1956676e-01
        28    4.5059255e-01
        29    2.1533860e-01
        30    8.8127524e-02
        31    3.3740919e-02
        32    1.2592152e-02
        33    4.6563279e-03
        34    1.7165804e-03
        35    6.3232152e-04
        36    2.3291490e-04
        37    8.5807456e-05
        38    3.1615422e-05
        39    1.1647800e-05
        40    4.2899387e-06
        41    1.5790129e-06
        42    5.8061880e-07
        43    2.1320312e-07
        44    7.8145789e-08
        45    2.8577997e-08
        46    1.0422533e-08
        47    3.7890668e-09
        48    1.3725130e-09
        49    4.9515458e-10
        50    1.7784012e-10
        51    6.3564827e-11
        52    2.2601832e-11
        53    7.9920324e-12
        54    2.8093604e-12
        55    9.8139487e-13
        56    3.4057433e-13
        57    1.1736841e-13
        58    4.0150714e-14
        59    1.3628900e-14
        60    4.5884715e-15
        61    1.5315165e-15
        62    5.0655148e-16
        63    1.6594833e-16
        64    5.3823230e-17
        65    1.7274981e-17
        66    5.4843655e-18
        67    1.7215341e-18
        68    5.3409186e-19
        69    1.6370836e-19
        70    4.9560778e-20
        71    1.4814603e-20
        72    4.3713309e-21
        73    1.2729487e-21
        74    3.6576138e-22
        75    1.0368218e-22
        76    2.8991601e-23
        77    7.9956938e-24
        78    2.1748096e-24
        79    5.8336816e-25
        80    1.5431368e-25
        81    4.0253033e-26
        82    1.0354393e-26
        83    2.6265669e-27
        84    6.5705464e-28
        85    1.6209893e-28
        86    3.9440761e-29
        87    9.4650203e-30
        88    2.2404586e-30
        89    5.2314530e-31
        90    1.2050663e-31
        91    2.7386603e-32
        92    6.1410308e-33
        93    1.3588104e-33
        94    2.9670896e-34
        95    6.3943696e-35
        96    1.3601968e-35
        97    2.8561763e-36
        98    5.9209371e-37
        99    1.2118845e-37
       100    2.4492934e-38
       101    4.8884675e-39
       102    9.6360569e-40
       103    1.8761144e-40
       104    3.6083435e-41
       105    6.8565534e-42
       106    1.2863920e-42
       107    2.3822074e-43
       108    4.3440252e-44
       109    0.0000000e+00
       110    0.0000000e+00
       111    0.0000000e+00
       112    0.0000000e+00
       113    0.0000000e+00
       114    0.0000000e+00
       115    0.0000000e+00
       116    0.0000000e+00
       117    0.0000000e+00
       118    0.0000000e+00
       119    0.0000000e+00
       120    0.0000000e+00
       121    0.0000000e+00
       122    0.0000000e+00
       123    0.0000000e+00
       124    0.0000000e+00
       125    0.0000000e+00
       126    0.0000000e+00
       127    0.0000000e+00
       128    0.0000000e+00
       129    0.0000000e+00
       130    0.0000000e+00
       131    0.0000000e+00
       132    0.0000000e+00
       133    0.0000000e+00
       134    0.0000000e+00
       135    0.0000000e+00
       136    0.0000000e+00
       137    0.0000000e+00
       138    0.0000000e+00
       139    0.0000000e+00
       140    0.0000000e+00
       141    0.0000000e+00
       142    0.0000000e+00
       143    0.0000000e+00
       144    0.0000000e+00
       145    0.0000000e+00
       146    0.0000000e+00
       147    0.0000000e+00
       148    0.0000000e+00
       149    0.0000000e+00
       150    0.0000000e+00
       151    0.0000000e+00
       152    0.0000000e+00
       153    0.0000000e+00
       154    0.0000000e+00
       155    0.0000000e+00
       156    0.0000000e+00
       157    0.0000000e+00
       158    0.0000000e+00
       159    0.0000000e+00
       160    0.0000000e+00
       161    0.0000000e+00
       162    0.0000000e+00
       163    0.0000000e+00
       164    0.0000000e+00
       165    0.0000000e+00
       166    0.0000000e+00
       167    0.0000000e+00
       168    0.0000000e+00
       169    0.0000000e+00
       170    0.0000000e+00
       171    0.0000000e+00
       172    0.0000000e+00
       173    0.0000000e+00
       174    0.0000000e+00
       175    0.0000000e+00
       176    0.0000000e+00
       177    0.0000000e+00
       178    0.0000000e+00
       179    0.0000000e+00
       180    0.0000000e+00
       181    0.0000000e+00
       182    0.0000000e+00
       183    0.0000000e+00
       184    0.0000000e+00
       185    0.0000000e+00
       186    0.0000000e+00
       187    0.0000000e+00
       188    0.0000000e+00
       189    0.0000000e+00
       190    0.0000000e+00
       191    0.0000000e+00
       192    0.0000000e+00
       193    0.0000000e+00
       194    0.0000000e+00
       195    0.0000000e+00
       196    0.0000000e+00
       197    0.0000000e+00
       198    0.0000000e+00
       199    0.0000000e+00
       200    0.0000000e+00
       201    0.0000000e+00
       202    0.0000000e+00
       203    0.0000000e+00
       204    0.0000000e+00
       205    0.0000000e+00
       206    0.0000000e+00
       207    0.0000000e+00
       208    0.0000000e+00
       209    0.0000000e+00
       210    0.0000000e+00
       211    0.0000000e+00
       212    0.0000000e+00
       213    0.0000000e+00
       214    0.0000000e+00
       215    0.0000000e+00
       216    0.0000000e+00
       217    0.0000000e+00
       218    0.0000000e+00
       219    0.0000000e+00
       220    0.0000000e+00
       221    0.0000000e+00
       222    0.0000000e+00
       223    0.0000000e+00
       224    0.0000000e+00
       225    0.0000000e+00
       226    0.0000000e+00
       227    0.0000000e+00
       228    0.0000000e+00
       229    0.0000000e+00
       230    0.0000000e+00
       231    0.0000000e+00
       232    0.0000000e+00
       233    0.0000000e+00
       234    0.0000000e+00
       235    0.0000000e+00
       236    0.0000000e+00
       237    0.0000000e+00
       238    0.0000000e+00
       239    0.0000000e+00
       240    0.0000000e+00
       241    0.0000000e+00
       242    0.0000000e+00
       243    0.0000000e+00
       244    0.0000000e+00
       245    0.0000000e+00
       246    0.0000000e+00
       247    0.0000000e+00
       248    0.0000000e+00
       249    0.0000000e+00
       250    0.0000000e+00
       251    0.0000000e+00
       252    0.0000000e+00
       253    0.0000000e+00
       254    0.0000000e+00
       255    0.0000000e+00
       256    0.0000000e+00
