         1    9.9999905e-01
         2    9.9999905e-01
         3    9.9999905e-01
         4    9.9999905e-01
         5    9.9999905e-01
         6    9.9999905e-01
         7    9.9999905e-01
         8    9.9999905e-01
         9    9.9999905e-01
        10    9.9999905e-01
        11    9.9999905e-01
        12    9.9999905e-01
        13    9.9999905e-01
        14    9.9999905e-01
        15    9.9999905e-01
        16    9.9999905e-01
        17    9.9999905e-01
        18    9.9999905e-01
        19    9.9999905e-01
        20    9.9999905e-01
        21    9.9999905e-01
        22    9.9999905e-01
        23    9.9999905e-01
        24    9.9999905e-01
        25    9.9999905e-01
        26    9.9999905e-01
        27    9.9999905e-01
        28    9.9999905e-01
        29    9.9999905e-01
        30    9.9999893e-01
        31    9.9999845e-01
        32    9.9999648e-01
        33    9.9999028e-01
        34    9.9997246e-01
        35    9.9991989e-01
        36    9.9976689e-01
        37    9.9932116e-01
        38    9.9802405e-01
        39    9.9425769e-01
        40    9.8339856e-01
        41    9.5273083e-01
        42    8.7114370e-01
        43    6.8738979e-01
        44    4.1299444e-01
        45    1.9166644e-01
        46    7.7328049e-02
        47    2.9411189e-02
        48    1.0936532e-02
        49    4.0332936e-03
        50    1.4831886e-03
        51    5.4495316e-04
        52    2.0020320e-04
        53    7.3561911e-05
        54    2.7036582e-05
        55    9.9400186e-06
        56    3.6556835e-06
        57    1.3449338e-06
        58    4.9497959e-07
        59    1.8223388e-07
        60    6.7115955e-08
        61    2.4727175e-08
        62    9.1131689e-09
        63    3.3597065e-09
        64    1.2389573e-09
        65    4.5699930e-10
        66    1.6859865e-10
        67    6.2207191e-11
        68    2.2952839e-11
        69    8.4682808e-12
        70    3.1236524e-12
        71    1.1517984e-12
        72    4.2448887e-13
        73    1.5633438e-13
        74    5.7524989e-14
        75    2.1143730e-14
        76    7.7612833e-15
        77    2.8445403e-15
        78    1.0406721e-15
        79    3.7995616e-16
        80    1.3840898e-16
        81    5.0292065e-17
        82    1.8223552e-17
        83    6.5835508e-18
        84    2.3707102e-18
        85    8.5072181e-19
        86    3.0415142e-19
        87    1.0831548e-19
        88    3.8414756e-20
        89    1.3565122e-20
        90    4.7684991e-21
        91    1.6683586e-21
        92    5.8085361e-22
        93    2.0120392e-22
        94    6.9330435e-23
        95    2.3760582e-23
        96    8.0977881e-24
        97    2.7440047e-24
        98    9.2437370e-25
        99    3.0952262e-25
       100    1.0300531e-25
       101    3.4063710e-26
       102    1.1192691e-26
       103    3.6537202e-27
       104    1.1847985e-27
       105    3.8160612e-28
       106    1.2206845e-28
       107    3.8776373e-29
       108    1.2231155e-29
       109    3.8306130e-30
       110    1.1910663e-30
       111    3.6765408e-31
       112    1.1265496e-31
       113    3.4264379e-32
       114    1.0344125e-32
       115    3.0994285e-33
       116    9.2169676e-34
       117    2.7201724e-34
       118    7.9669583e-35
       119    2.3156022e-35
       120    6.6788269e-36
       121    1.9115811e-36
       122    5.4291876e-37
       123    1.5301047e-37
       124    4.2790580e-38
       125    1.1874459e-38
       126    3.2697674e-39
       127    8.9342306e-40
       128    2.4223826e-40
       129    6.5175793e-41
       130    1.7404127e-41
       131    4.6130745e-42
       132    1.2177284e-42
       133    3.2089735e-43
       134    8.4077908e-44
       135    1.4012985e-44
       136    0.0000000e+00
       137    0.0000000e+00
       138    0.0000000e+00
       139    0.0000000e+00
       140    0.0000000e+00
       141    0.0000000e+00
       142    0.0000000e+00
       143    0.0000000e+00
       144    0.0000000e+00
       145    0.0000000e+00
       146    0.0000000e+00
       147    0.0000000e+00
       148    0.0000000e+00
       149    0.0000000e+00
       150    0.0000000e+00
       151    0.0000000e+00
       152    0.0000000e+00
       153    0.0000000e+00
       154    0.0000000e+00
       155    0.0000000e+00
       156    0.0000000e+00
       157    0.0000000e+00
       158    0.0000000e+00
       159    0.0000000e+00
       160    0.0000000e+00
       161    0.0000000e+00
       162    0.0000000e+00
       163    0.0000000e+00
       164    0.0000000e+00
       165    0.0000000e+00
       166    0.0000000e+00
       167    0.0000000e+00
       168    0.0000000e+00
       169    0.0000000e+00
       170    0.0000000e+00
       171    0.0000000e+00
       172    0.0000000e+00
       173    0.0000000e+00
       174    0.0000000e+00
       175    0.0000000e+00
       176    0.0000000e+00
       177    0.0000000e+00
       178    0.0000000e+00
       179    0.0000000e+00
       180    0.0000000e+00
       181    0.0000000e+00
       182    0.0000000e+00
       183    0.0000000e+00
       184    0.0000000e+00
       185    0.0000000e+00
       186    0.0000000e+00
       187    0.0000000e+00
       188    0.0000000e+00
       189    0.0000000e+00
       190    0.0000000e+00
       191    0.0000000e+00
       192    0.0000000e+00
       193    0.0000000e+00
       194    0.0000000e+00
       195    0.0000000e+00
       196    0.0000000e+00
       197    0.0000000e+00
       198    0.0000000e+00
       199    0.0000000e+00
       200    0.0000000e+00
       201    0.0000000e+00
       202    0.0000000e+00
       203    0.0000000e+00
       204    0.0000000e+00
       205    0.0000000e+00
       206    0.0000000e+00
       207    0.0000000e+00
       208    0.0000000e+00
       209    0.0000000e+00
       210    0.0000000e+00
       211    0.0000000e+00
       212    0.0000000e+00
       213    0.0000000e+00
       214    0.0000000e+00
       215    0.0000000e+00
       216    0.0000000e+00
       217    0.0000000e+00
       218    0.0000000e+00
       219    0.0000000e+00
       220    0.0000000e+00
       221    0.0000000e+00
       222    0.0000000e+00
       223    0.0000000e+00
       224    0.0000000e+00
       225    0.0000000e+00
       226    0.0000000e+00
       227    0.0000000e+00
       228    0.0000000e+00
       229    0.0000000e+00
       230    0.0000000e+00
       231    0.0000000e+00
       232    0.0000000e+00
       233    0.0000000e+00
       234    0.0000000e+00
       235    0.0000000e+00
       236    0.0000000e+00
       237    0.0000000e+00
       238    0.0000000e+00
       239    0.0000000e+00
       240    0.0000000e+00
       241    0.0000000e+00
       242    0.0000000e+00
       243    0.0000000e+00
       244    0.0000000e+00
       245    0.0000000e+00
       246    0.0000000e+00
       247    0.0000000e+00
       248    0.0000000e+00
       249    0.0000000e+00
       250    0.0000000e+00
       251    0.0000000e+00
       252    0.0000000e+00
       253    0.0000000e+00
       254    0.0000000e+00
       255    0.0000000e+00
       256    0.0000000e+00
