         1    9.9999905e-01
         2    9.9999905e-01
         3    9.9999905e-01
         4    9.9999905e-01
         5    9.9999905e-01
         6    9.9999905e-01
         7    9.9999905e-01
         8    9.9999905e-01
         9    9.9999905e-01
        10    9.9999905e-01
        11    9.9999905e-01
        12    9.9999905e-01
        13    9.9999905e-01
        14    9.9999905e-01
        15    9.9999905e-01
        16    9.9999899e-01
        17    9.9999887e-01
        18    9.9999815e-01
        19    9.9999535e-01
        20    9.9998742e-01
        21    9.9996412e-01
        22    9.9989593e-01
        23    9.9969786e-01
        24    9.9912226e-01
        25    9.9745035e-01
        26    9.9260819e-01
        27    9.7870779e-01
        28    9.3984699e-01
        29    8.3916986e-01
        30    6.2738830e-01
        31    3.5215378e-01
        32    1.5671176e-01
        33    6.2100742e-02
        34    2.3472792e-02
        35    8.7164054e-03
        36    3.2165889e-03
        37    1.1846856e-03
        38    4.3615801e-04
        39    1.6060458e-04
        40    5.9158236e-05
        41    2.1797890e-05
        42    8.0337686e-06
        43    2.9612097e-06
        44    1.0913996e-06
        45    4.0212763e-07
        46    1.4807866e-07
        47    5.4479887e-08
        48    2.0019234e-08
        49    7.3445792e-09
        50    2.6892244e-09
        51    9.8232533e-10
        52    3.5783071e-10
        53    1.2993348e-10
        54    4.7012845e-11
        55    1.6943381e-11
        56    6.0801394e-12
        57    2.1717257e-12
        58    7.7184006e-13
        59    2.7285886e-13
        60    9.5917272e-14
        61    3.3516924e-14
        62    1.1638583e-14
        63    4.0147884e-15
        64    1.3753310e-15
        65    4.6772021e-16
        66    1.5785162e-16
        67    5.2849767e-17
        68    1.7547472e-17
        69    5.7757721e-18
        70    1.8839872e-18
        71    6.0879340e-19
        72    1.9482413e-19
        73    6.1724799e-20
        74    1.9354918e-20
        75    6.0050590e-21
        76    1.8430030e-21
        77    5.5939195e-22
        78    1.6787897e-22
        79    4.9806365e-23
        80    1.4605301e-23
        81    4.2326387e-24
        82    1.2120884e-24
        83    3.4295395e-25
        84    9.5869366e-26
        85    2.6475133e-26
        86    7.2225331e-27
        87    1.9463417e-27
        88    5.1810530e-28
        89    1.3623307e-28
        90    3.5384575e-29
        91    9.0785787e-30
        92    2.3009303e-30
        93    5.7608119e-31
        94    1.4248670e-31
        95    3.4817220e-32
        96    8.4055053e-33
        97    2.0049650e-33
        98    4.7254997e-34
        99    1.1005590e-34
       100    2.5329782e-35
       101    5.7614423e-36
       102    1.2952171e-36
       103    2.8780388e-37
       104    6.3215724e-38
       105    1.3726516e-38
       106    2.9466939e-39
       107    6.2543454e-40
       108    1.3125823e-40
       109    2.7239841e-41
       110    5.5925822e-42
       111    1.1308479e-42
       112    2.2841165e-43
       113    4.7644148e-44
       114    0.0000000e+00
       115    0.0000000e+00
       116    0.0000000e+00
       117    0.0000000e+00
       118    0.0000000e+00
       119    0.0000000e+00
       120    0.0000000e+00
       121    0.0000000e+00
       122    0.0000000e+00
       123    0.0000000e+00
       124    0.0000000e+00
       125    0.0000000e+00
       126    0.0000000e+00
       127    0.0000000e+00
       128    0.0000000e+00
       129    0.0000000e+00
       130    0.0000000e+00
       131    0.0000000e+00
       132    0.0000000e+00
       133    0.0000000e+00
       134    0.0000000e+00
       135    0.0000000e+00
       136    0.0000000e+00
       137    0.0000000e+00
       138    0.0000000e+00
       139    0.0000000e+00
       140    0.0000000e+00
       141    0.0000000e+00
       142    0.0000000e+00
       143    0.0000000e+00
       144    0.0000000e+00
       145    0.0000000e+00
       146    0.0000000e+00
       147    0.0000000e+00
       148    0.0000000e+00
       149    0.0000000e+00
       150    0.0000000e+00
       151    0.0000000e+00
       152    0.0000000e+00
       153    0.0000000e+00
       154    0.0000000e+00
       155    0.0000000e+00
       156    0.0000000e+00
       157    0.0000000e+00
       158    0.0000000e+00
       159    0.0000000e+00
       160    0.0000000e+00
       161    0.0000000e+00
       162    0.0000000e+00
       163    0.0000000e+00
       164    0.0000000e+00
       165    0.0000000e+00
       166    0.0000000e+00
       167    0.0000000e+00
       168    0.0000000e+00
       169    0.0000000e+00
       170    0.0000000e+00
       171    0.0000000e+00
       172    0.0000000e+00
       173    0.0000000e+00
       174    0.0000000e+00
       175    0.0000000e+00
       176    0.0000000e+00
       177    0.0000000e+00
       178    0.0000000e+00
       179    0.0000000e+00
       180    0.0000000e+00
       181    0.0000000e+00
       182    0.0000000e+00
       183    0.0000000e+00
       184    0.0000000e+00
       185    0.0000000e+00
       186    0.0000000e+00
       187    0.0000000e+00
       188    0.0000000e+00
       189    0.0000000e+00
       190    0.0000000e+00
       191    0.0000000e+00
       192    0.0000000e+00
       193    0.0000000e+00
       194    0.0000000e+00
       195    0.0000000e+00
       196    0.0000000e+00
       197    0.0000000e+00
       198    0.0000000e+00
       199    0.0000000e+00
       200    0.0000000e+00
       201    0.0000000e+00
       202    0.0000000e+00
       203    0.0000000e+00
       204    0.0000000e+00
       205    0.0000000e+00
       206    0.0000000e+00
       207    0.0000000e+00
       208    0.0000000e+00
       209    0.0000000e+00
       210    0.0000000e+00
       211    0.0000000e+00
       212    0.0000000e+00
       213    0.0000000e+00
       214    0.0000000e+00
       215    0.0000000e+00
       216    0.0000000e+00
       217    0.0000000e+00
       218    0.0000000e+00
       219    0.0000000e+00
       220    0.0000000e+00
       221    0.0000000e+00
       222    0.0000000e+00
       223    0.0000000e+00
       224    0.0000000e+00
       225    0.0000000e+00
       226    0.0000000e+00
       227    0.0000000e+00
       228    0.0000000e+00
       229    0.0000000e+00
       230    0.0000000e+00
       231    0.0000000e+00
       232    0.0000000e+00
       233    0.0000000e+00
       234    0.0000000e+00
       235    0.0000000e+00
       236    0.0000000e+00
       237    0.0000000e+00
       238    0.0000000e+00
       239    0.0000000e+00
       240    0.0000000e+00
       241    0.0000000e+00
       242    0.0000000e+00
       243    0.0000000e+00
       244    0.0000000e+00
       245    0.0000000e+00
       246    0.0000000e+00
       247    0.0000000e+00
       248    0.0000000e+00
       249    0.0000000e+00
       250    0.0000000e+00
       251    0.0000000e+00
       252    0.0000000e+00
       253    0.0000000e+00
       254    0.0000000e+00
       255    0.0000000e+00
       256    0.0000000e+00
