         1    9.9999905e-01
         2    9.9999905e-01
         3    9.9999905e-01
         4    9.9999905e-01
         5    9.9999905e-01
         6    9.9999905e-01
         7    9.9999905e-01
         8    9.9999905e-01
         9    9.9999905e-01
        10    9.9999905e-01
        11    9.9999905e-01
        12    9.9999905e-01
        13    9.9999905e-01
        14    9.9999905e-01
        15    9.9999905e-01
        16    9.9999905e-01
        17    9.9999905e-01
        18    9.9999905e-01
        19    9.9999905e-01
        20    9.9999905e-01
        21    9.9999905e-01
        22    9.9999905e-01
        23    9.9999905e-01
        24    9.9999905e-01
        25    9.9999905e-01
        26    9.9999905e-01
        27    9.9999905e-01
        28    9.9999905e-01
        29    9.9999905e-01
        30    9.9999905e-01
        31    9.9999905e-01
        32    9.9999905e-01
        33    9.9999905e-01
        34    9.9999905e-01
        35    9.9999905e-01
        36    9.9999899e-01
        37    9.9999881e-01
        38    9.9999803e-01
        39    9.9999493e-01
        40    9.9998617e-01
        41    9.9996018e-01
        42    9.9988395e-01
        43    9.9966174e-01
        44    9.9901456e-01
        45    9.9713129e-01
        46    9.9167031e-01
        47    9.7599775e-01
        48    9.3235880e-01
        49    8.2089150e-01
        50    5.9536004e-01
        51    3.2298538e-01
        52    1.4087051e-01
        53    5.5302072e-02
        54    2.0807536e-02
        55    7.7045979e-03
        56    2.8363266e-03
        57    1.0420616e-03
        58    3.8262527e-04
        59    1.4048294e-04
        60    5.1585579e-05
        61    1.8946139e-05
        62    6.9600906e-06
        63    2.5575134e-06
        64    9.4001484e-07
        65    3.4559619e-07
        66    1.2709374e-07
        67    4.6752380e-08
        68    1.7203249e-08
        69    6.3320886e-09
        70    2.3313909e-09
        71    8.5864860e-10
        72    3.1633549e-10
        73    1.1657628e-10
        74    4.2973229e-11
        75    1.5845445e-11
        76    5.8441260e-12
        77    2.1559052e-12
        78    7.9545745e-13
        79    2.9353421e-13
        80    1.0832466e-13
        81    3.9975097e-14
        82    1.4750479e-14
        83    5.4416696e-15
        84    2.0068572e-15
        85    7.3977909e-16
        86    2.7253732e-16
        87    1.0032760e-16
        88    3.6898807e-17
        89    1.3555782e-17
        90    4.9736625e-18
        91    1.8221503e-18
        92    6.6644169e-19
        93    2.4328941e-19
        94    8.8629766e-20
        95    3.2213912e-20
        96    1.1679590e-20
        97    4.2232401e-21
        98    1.5226966e-21
        99    5.4732800e-22
       100    1.9609573e-22
       101    7.0015899e-23
       102    2.4909074e-23
       103    8.8283159e-24
       104    3.1166441e-24
       105    1.0957669e-24
       106    3.8362392e-25
       107    1.3371720e-25
       108    4.6398416e-26
       109    1.6024928e-26
       110    5.5082151e-27
       111    1.8840614e-27
       112    6.4120684e-28
       113    2.1710613e-28
       114    7.3125821e-29
       115    2.4499109e-29
       116    8.1633573e-30
       117    2.7051193e-30
       118    8.9138470e-31
       119    2.9205806e-31
       120    9.5140299e-32
       121    3.0811937e-32
       122    9.9197852e-33
       123    3.1745771e-33
       124    1.0098180e-33
       125    3.1926337e-34
       126    1.0031840e-34
       127    3.1326821e-35
       128    9.7215664e-36
       129    2.9979344e-36
       130    9.1866535e-37
       131    2.7972198e-37
       132    8.4628388e-38
       133    2.5439789e-38
       134    7.5981556e-39
       135    2.2547088e-39
       136    6.6474236e-40
       137    1.9471182e-40
       138    5.6665707e-41
       139    1.6385383e-41
       140    4.7111654e-42
       141    1.3494504e-42
       142    3.8675838e-43
       143    1.1210388e-43
       144    2.6624671e-44
       145    0.0000000e+00
       146    0.0000000e+00
       147    0.0000000e+00
       148    0.0000000e+00
       149    0.0000000e+00
       150    0.0000000e+00
       151    0.0000000e+00
       152    0.0000000e+00
       153    0.0000000e+00
       154    0.0000000e+00
       155    0.0000000e+00
       156    0.0000000e+00
       157    0.0000000e+00
       158    0.0000000e+00
       159    0.0000000e+00
       160    0.0000000e+00
       161    0.0000000e+00
       162    0.0000000e+00
       163    0.0000000e+00
       164    0.0000000e+00
       165    0.0000000e+00
       166    0.0000000e+00
       167    0.0000000e+00
       168    0.0000000e+00
       169    0.0000000e+00
       170    0.0000000e+00
       171    0.0000000e+00
       172    0.0000000e+00
       173    0.0000000e+00
       174    0.0000000e+00
       175    0.0000000e+00
       176    0.0000000e+00
       177    0.0000000e+00
       178    0.0000000e+00
       179    0.0000000e+00
       180    0.0000000e+00
       181    0.0000000e+00
       182    0.0000000e+00
       183    0.0000000e+00
       184    0.0000000e+00
       185    0.0000000e+00
       186    0.0000000e+00
       187    0.0000000e+00
       188    0.0000000e+00
       189    0.0000000e+00
       190    0.0000000e+00
       191    0.0000000e+00
       192    0.0000000e+00
       193    0.0000000e+00
       194    0.0000000e+00
       195    0.0000000e+00
       196    0.0000000e+00
       197    0.0000000e+00
       198    0.0000000e+00
       199    0.0000000e+00
       200    0.0000000e+00
       201    0.0000000e+00
       202    0.0000000e+00
       203    0.0000000e+00
       204    0.0000000e+00
       205    0.0000000e+00
       206    0.0000000e+00
       207    0.0000000e+00
       208    0.0000000e+00
       209    0.0000000e+00
       210    0.0000000e+00
       211    0.0000000e+00
       212    0.0000000e+00
       213    0.0000000e+00
       214    0.0000000e+00
       215    0.0000000e+00
       216    0.0000000e+00
       217    0.0000000e+00
       218    0.0000000e+00
       219    0.0000000e+00
       220    0.0000000e+00
       221    0.0000000e+00
       222    0.0000000e+00
       223    0.0000000e+00
       224    0.0000000e+00
       225    0.0000000e+00
       226    0.0000000e+00
       227    0.0000000e+00
       228    0.0000000e+00
       229    0.0000000e+00
       230    0.0000000e+00
       231    0.0000000e+00
       232    0.0000000e+00
       233    0.0000000e+00
       234    0.0000000e+00
       235    0.0000000e+00
       236    0.0000000e+00
       237    0.0000000e+00
       238    0.0000000e+00
       239    0.0000000e+00
       240    0.0000000e+00
       241    0.0000000e+00
       242    0.0000000e+00
       243    0.0000000e+00
       244    0.0000000e+00
       245    0.0000000e+00
       246    0.0000000e+00
       247    0.0000000e+00
       248    0.0000000e+00
       249    0.0000000e+00
       250    0.0000000e+00
       251    0.0000000e+00
       252    0.0000000e+00
       253    0.0000000e+00
       254    0.0000000e+00
       255    0.0000000e+00
       256    0.0000000e+00
