         1    9.9999905e-01
         2    9.9999905e-01
         3    9.9999905e-01
         4    9.9999905e-01
         5    9.9999905e-01
         6    9.9999905e-01
         7    9.9999905e-01
         8    9.9999905e-01
         9    9.9999905e-01
        10    9.9999905e-01
        11    9.9999905e-01
        12    9.9999905e-01
        13    9.9999905e-01
        14    9.9999905e-01
        15    9.9999905e-01
        16    9.9999905e-01
        17    9.9999905e-01
        18    9.9999905e-01
        19    9.9999905e-01
        20    9.9999905e-01
        21    9.9999905e-01
        22    9.9999905e-01
        23    9.9999905e-01
        24    9.9999905e-01
        25    9.9999905e-01
        26    9.9999905e-01
        27    9.9999905e-01
        28    9.9999905e-01
        29    9.9999905e-01
        30    9.9999905e-01
        31    9.9999905e-01
        32    9.9999905e-01
        33    9.9999905e-01
        34    9.9999893e-01
        35    9.9999845e-01
        36    9.9999642e-01
        37    9.9999022e-01
        38    9.9997216e-01
        39    9.9991900e-01
        40    9.9976420e-01
        41    9.9931306e-01
        42    9.9799991e-01
        43    9.9418628e-01
        44    9.8319030e-01
        45    9.5214337e-01
        46    8.6963332e-01
        47    6.8436790e-01
        48    4.0963474e-01
        49    1.8961968e-01
        50    7.6406449e-02
        51    2.9042970e-02
        52    1.0795607e-02
        53    3.9800983e-03
        54    1.4631662e-03
        55    5.3740840e-04
        56    1.9735307e-04
        57    7.2482093e-05
        58    2.6626283e-05
        59    9.7836828e-06
        60    3.5959631e-06
        61    1.3220708e-06
        62    4.8621160e-07
        63    1.7886705e-07
        64    6.5822242e-08
        65    2.4230058e-08
        66    8.9223011e-09
        67    3.2865455e-09
        68    1.2109906e-09
        69    4.4635046e-10
        70    1.6456522e-10
        71    6.0689891e-11
        72    2.2387016e-11
        73    8.2595840e-12
        74    3.0477398e-12
        75    1.1246687e-12
        76    4.1501318e-13
        77    1.5312523e-13
        78    5.6484477e-14
        79    2.0828240e-14
        80    7.6763352e-15
        81    2.8272484e-15
        82    1.0404169e-15
        83    3.8247580e-16
        84    1.4043289e-16
        85    5.1488893e-17
        86    1.8847199e-17
        87    6.8861359e-18
        88    2.5107601e-18
        89    9.1335815e-19
        90    3.3142767e-19
        91    1.1993743e-19
        92    4.3276009e-20
        93    1.5565964e-20
        94    5.5802468e-21
        95    1.9933993e-21
        96    7.0944041e-22
        97    2.5150032e-22
        98    8.8794303e-23
        99    3.1216315e-23
       100    1.0925884e-23
       101    3.8066353e-24
       102    1.3199876e-24
       103    4.5549001e-25
       104    1.5638934e-25
       105    5.3419084e-26
       106    1.8150579e-26
       107    6.1338827e-27
       108    2.0614836e-27
       109    6.8892883e-28
       110    2.2891379e-28
       111    7.5618443e-29
       112    2.4831275e-29
       113    8.1048556e-30
       114    2.6292271e-30
       115    8.4763976e-31
       116    2.7155683e-31
       117    8.6445878e-32
       118    2.7342116e-32
       119    8.5920394e-33
       120    2.6823222e-33
       121    8.3186346e-34
       122    2.5626996e-34
       123    7.8420178e-35
       124    2.3835488e-35
       125    7.1956483e-36
       126    2.1574985e-36
       127    6.4246988e-37
       128    1.9000500e-37
       129    5.5805534e-38
       130    1.6277242e-38
       131    4.7148565e-39
       132    1.3562327e-39
       133    3.8741278e-40
       134    1.0989683e-40
       135    3.0960288e-41
       136    8.6600245e-42
       137    2.4088321e-42
       138    6.6841937e-43
       139    1.8777399e-43
       140    5.7453237e-44
       141    0.0000000e+00
       142    0.0000000e+00
       143    0.0000000e+00
       144    0.0000000e+00
       145    0.0000000e+00
       146    0.0000000e+00
       147    0.0000000e+00
       148    0.0000000e+00
       149    0.0000000e+00
       150    0.0000000e+00
       151    0.0000000e+00
       152    0.0000000e+00
       153    0.0000000e+00
       154    0.0000000e+00
       155    0.0000000e+00
       156    0.0000000e+00
       157    0.0000000e+00
       158    0.0000000e+00
       159    0.0000000e+00
       160    0.0000000e+00
       161    0.0000000e+00
       162    0.0000000e+00
       163    0.0000000e+00
       164    0.0000000e+00
       165    0.0000000e+00
       166    0.0000000e+00
       167    0.0000000e+00
       168    0.0000000e+00
       169    0.0000000e+00
       170    0.0000000e+00
       171    0.0000000e+00
       172    0.0000000e+00
       173    0.0000000e+00
       174    0.0000000e+00
       175    0.0000000e+00
       176    0.0000000e+00
       177    0.0000000e+00
       178    0.0000000e+00
       179    0.0000000e+00
       180    0.0000000e+00
       181    0.0000000e+00
       182    0.0000000e+00
       183    0.0000000e+00
       184    0.0000000e+00
       185    0.0000000e+00
       186    0.0000000e+00
       187    0.0000000e+00
       188    0.0000000e+00
       189    0.0000000e+00
       190    0.0000000e+00
       191    0.0000000e+00
       192    0.0000000e+00
       193    0.0000000e+00
       194    0.0000000e+00
       195    0.0000000e+00
       196    0.0000000e+00
       197    0.0000000e+00
       198    0.0000000e+00
       199    0.0000000e+00
       200    0.0000000e+00
       201    0.0000000e+00
       202    0.0000000e+00
       203    0.0000000e+00
       204    0.0000000e+00
       205    0.0000000e+00
       206    0.0000000e+00
       207    0.0000000e+00
       208    0.0000000e+00
       209    0.0000000e+00
       210    0.0000000e+00
       211    0.0000000e+00
       212    0.0000000e+00
       213    0.0000000e+00
       214    0.0000000e+00
       215    0.0000000e+00
       216    0.0000000e+00
       217    0.0000000e+00
       218    0.0000000e+00
       219    0.0000000e+00
       220    0.0000000e+00
       221    0.0000000e+00
       222    0.0000000e+00
       223    0.0000000e+00
       224    0.0000000e+00
       225    0.0000000e+00
       226    0.0000000e+00
       227    0.0000000e+00
       228    0.0000000e+00
       229    0.0000000e+00
       230    0.0000000e+00
       231    0.0000000e+00
       232    0.0000000e+00
       233    0.0000000e+00
       234    0.0000000e+00
       235    0.0000000e+00
       236    0.0000000e+00
       237    0.0000000e+00
       238    0.0000000e+00
       239    0.0000000e+00
       240    0.0000000e+00
       241    0.0000000e+00
       242    0.0000000e+00
       243    0.0000000e+00
       244    0.0000000e+00
       245    0.0000000e+00
       246    0.0000000e+00
       247    0.0000000e+00
       248    0.0000000e+00
       249    0.0000000e+00
       250    0.0000000e+00
       251    0.0000000e+00
       252    0.0000000e+00
       253    0.0000000e+00
       254    0.0000000e+00
       255    0.0000000e+00
       256    0.0000000e+00
