         1    9.9999905e-01
         2    9.9999905e-01
         3    9.9999905e-01
         4    9.9999905e-01
         5    9.9999905e-01
         6    9.9999905e-01
         7    9.9999905e-01
         8    9.9999905e-01
         9    9.9999905e-01
        10    9.9999893e-01
        11    9.9999857e-01
        12    9.9999714e-01
        13    9.9999166e-01
        14    9.9997681e-01
        15    9.9993336e-01
        16    9.9980724e-01
        17    9.9944186e-01
        18    9.9838316e-01
        19    9.9531823e-01
        20    9.8648995e-01
        21    9.6146834e-01
        22    8.9388049e-01
        23    7.3454356e-01
        24    4.6939740e-01
        25    2.2778818e-01
        26    9.3932979e-02
        27    3.6087133e-02
        28    1.3490533e-02
        29    4.9933493e-03
        30    1.8418373e-03
        31    6.7854818e-04
        32    2.4983071e-04
        33    9.1923954e-05
        34    3.3789918e-05
        35    1.2402742e-05
        36    4.5434331e-06
        37    1.6600991e-06
        38    6.0466056e-07
        39    2.1941585e-07
        40    7.9281016e-08
        41    2.8510255e-08
        42    1.0199323e-08
        43    3.6283407e-09
        44    1.2830816e-09
        45    4.5088014e-10
        46    1.5739023e-10
        47    5.4555992e-11
        48    1.8770391e-11
        49    6.4071031e-12
        50    2.1685453e-12
        51    7.2731681e-13
        52    2.4156263e-13
        53    7.9390406e-14
        54    2.5799214e-14
        55    8.2834071e-15
        56    2.6256952e-15
        57    8.2109659e-16
        58    2.5313974e-16
        59    7.6889846e-17
        60    2.2997186e-17
        61    6.7695824e-18
        62    1.9604015e-18
        63    5.5830100e-19
        64    1.5631626e-19
        65    4.3018061e-20
        66    1.1634044e-20
        67    3.0916316e-21
        68    8.0720726e-22
        69    2.0706313e-22
        70    5.2183815e-23
        71    1.2920876e-23
        72    3.1433293e-24
        73    7.5137675e-25
        74    1.7649482e-25
        75    4.0743227e-26
        76    9.2443574e-27
        77    2.0618134e-27
        78    4.5209573e-28
        79    9.7472061e-29
        80    2.0666238e-29
        81    4.3096226e-30
        82    8.8405601e-31
        83    1.7842290e-31
        84    3.5433967e-32
        85    6.9255807e-33
        86    1.3323819e-33
        87    2.5235178e-34
        88    4.7060661e-35
        89    8.6427548e-36
        90    1.5633522e-36
        91    2.7857347e-37
        92    4.8906617e-38
        93    8.4607038e-39
        94    1.4425191e-39
        95    2.4242323e-40
        96    4.0161214e-41
        97    6.5580768e-42
        98    1.0537764e-42
        99    1.6535322e-43
       100    2.5223372e-44
       101    0.0000000e+00
       102    0.0000000e+00
       103    0.0000000e+00
       104    0.0000000e+00
       105    0.0000000e+00
       106    0.0000000e+00
       107    0.0000000e+00
       108    0.0000000e+00
       109    0.0000000e+00
       110    0.0000000e+00
       111    0.0000000e+00
       112    0.0000000e+00
       113    0.0000000e+00
       114    0.0000000e+00
       115    0.0000000e+00
       116    0.0000000e+00
       117    0.0000000e+00
       118    0.0000000e+00
       119    0.0000000e+00
       120    0.0000000e+00
       121    0.0000000e+00
       122    0.0000000e+00
       123    0.0000000e+00
       124    0.0000000e+00
       125    0.0000000e+00
       126    0.0000000e+00
       127    0.0000000e+00
       128    0.0000000e+00
       129    0.0000000e+00
       130    0.0000000e+00
       131    0.0000000e+00
       132    0.0000000e+00
       133    0.0000000e+00
       134    0.0000000e+00
       135    0.0000000e+00
       136    0.0000000e+00
       137    0.0000000e+00
       138    0.0000000e+00
       139    0.0000000e+00
       140    0.0000000e+00
       141    0.0000000e+00
       142    0.0000000e+00
       143    0.0000000e+00
       144    0.0000000e+00
       145    0.0000000e+00
       146    0.0000000e+00
       147    0.0000000e+00
       148    0.0000000e+00
       149    0.0000000e+00
       150    0.0000000e+00
       151    0.0000000e+00
       152    0.0000000e+00
       153    0.0000000e+00
       154    0.0000000e+00
       155    0.0000000e+00
       156    0.0000000e+00
       157    0.0000000e+00
       158    0.0000000e+00
       159    0.0000000e+00
       160    0.0000000e+00
       161    0.0000000e+00
       162    0.0000000e+00
       163    0.0000000e+00
       164    0.0000000e+00
       165    0.0000000e+00
       166    0.0000000e+00
       167    0.0000000e+00
       168    0.0000000e+00
       169    0.0000000e+00
       170    0.0000000e+00
       171    0.0000000e+00
       172    0.0000000e+00
       173    0.0000000e+00
       174    0.0000000e+00
       175    0.0000000e+00
       176    0.0000000e+00
       177    0.0000000e+00
       178    0.0000000e+00
       179    0.0000000e+00
       180    0.0000000e+00
       181    0.0000000e+00
       182    0.0000000e+00
       183    0.0000000e+00
       184    0.0000000e+00
       185    0.0000000e+00
       186    0.0000000e+00
       187    0.0000000e+00
       188    0.0000000e+00
       189    0.0000000e+00
       190    0.0000000e+00
       191    0.0000000e+00
       192    0.0000000e+00
       193    0.0000000e+00
       194    0.0000000e+00
       195    0.0000000e+00
       196    0.0000000e+00
       197    0.0000000e+00
       198    0.0000000e+00
       199    0.0000000e+00
       200    0.0000000e+00
       201    0.0000000e+00
       202    0.0000000e+00
       203    0.0000000e+00
       204    0.0000000e+00
       205    0.0000000e+00
       206    0.0000000e+00
       207    0.0000000e+00
       208    0.0000000e+00
       209    0.0000000e+00
       210    0.0000000e+00
       211    0.0000000e+00
       212    0.0000000e+00
       213    0.0000000e+00
       214    0.0000000e+00
       215    0.0000000e+00
       216    0.0000000e+00
       217    0.0000000e+00
       218    0.0000000e+00
       219    0.0000000e+00
       220    0.0000000e+00
       221    0.0000000e+00
       222    0.0000000e+00
       223    0.0000000e+00
       224    0.0000000e+00
       225    0.0000000e+00
       226    0.0000000e+00
       227    0.0000000e+00
       228    0.0000000e+00
       229    0.0000000e+00
       230    0.0000000e+00
       231    0.0000000e+00
       232    0.0000000e+00
       233    0.0000000e+00
       234    0.0000000e+00
       235    0.0000000e+00
       236    0.0000000e+00
       237    0.0000000e+00
       238    0.0000000e+00
       239    0.0000000e+00
       240    0.0000000e+00
       241    0.0000000e+00
       242    0.0000000e+00
       243    0.0000000e+00
       244    0.0000000e+00
       245    0.0000000e+00
       246    0.0000000e+00
       247    0.0000000e+00
       248    0.0000000e+00
       249    0.0000000e+00
       250    0.0000000e+00
       251    0.0000000e+00
       252    0.0000000e+00
       253    0.0000000e+00
       254    0.0000000e+00
       255    0.0000000e+00
       256    0.0000000e+00
