         1    9.9999857e-01
         2    9.9999791e-01
         3    9.9999541e-01
         4    9.9998915e-01
         5    9.9997133e-01
         6    9.9992085e-01
         7    9.9977785e-01
         8    9.9936968e-01
         9    9.9819905e-01
        10    9.9483538e-01
        11    9.8520237e-01
        12    9.5805562e-01
        13    8.8535959e-01
        14    7.1711898e-01
        15    4.4805148e-01
        16    2.1366726e-01
        17    8.7169491e-02
        18    3.3170722e-02
        19    1.2240992e-02
        20    4.4437815e-03
        21    1.5940527e-03
        22    5.6568923e-04
        23    1.9868849e-04
        24    6.9111229e-05
        25    2.3829783e-05
        26    8.1548324e-06
        27    2.7731851e-06
        28    9.3807427e-07
        29    3.1572316e-07
        30    1.0562187e-07
        31    3.5024680e-08
        32    1.1457852e-08
        33    3.6742305e-09
        34    1.1466572e-09
        35    3.4581160e-10
        36    1.0016578e-10
        37    2.7732348e-11
        38    7.3141979e-12
        39    1.8337359e-12
        40    4.3654089e-13
        41    9.8651610e-14
        42    2.1168856e-14
        43    4.3162012e-15
        44    8.3700831e-16
        45    1.5454927e-16
        46    2.7204480e-17
        47    4.5708565e-18
        48    7.3399091e-19
        49    1.1278908e-19
        50    1.6605890e-20
        51    2.3452826e-21
        52    3.1810224e-22
        53    4.1481771e-23
        54    5.2062674e-24
        55    6.2952560e-25
        56    7.3406860e-26
        57    8.2621909e-27
        58    8.9839836e-28
        59    9.4453870e-29
        60    9.6093056e-30
        61    9.4670328e-31
        62    9.0385336e-32
        63    8.3683957e-33
        64    7.5184945e-34
        65    6.5589617e-35
        66    5.5592169e-36
        67    4.5805097e-37
        68    3.6708953e-38
        69    2.8629481e-39
        70    2.1739604e-40
        71    1.6077097e-41
        72    1.1560712e-42
        73    7.9874012e-44
        74    2.8025969e-45
        75    0.0000000e+00
        76    0.0000000e+00
        77    0.0000000e+00
        78    0.0000000e+00
        79    0.0000000e+00
        80    0.0000000e+00
        81    0.0000000e+00
        82    0.0000000e+00
        83    0.0000000e+00
        84    0.0000000e+00
        85    0.0000000e+00
        86    0.0000000e+00
        87    0.0000000e+00
        88    0.0000000e+00
        89    0.0000000e+00
        90    0.0000000e+00
        91    0.0000000e+00
        92    0.0000000e+00
        93    0.0000000e+00
        94    0.0000000e+00
        95    0.0000000e+00
        96    0.0000000e+00
        97    0.0000000e+00
        98    0.0000000e+00
        99    0.0000000e+00
       100    0.0000000e+00
       101    0.0000000e+00
       102    0.0000000e+00
       103    0.0000000e+00
       104    0.0000000e+00
       105    0.0000000e+00
       106    0.0000000e+00
       107    0.0000000e+00
       108    0.0000000e+00
       109    0.0000000e+00
       110    0.0000000e+00
       111    0.0000000e+00
       112    0.0000000e+00
       113    0.0000000e+00
       114    0.0000000e+00
       115    0.0000000e+00
       116    0.0000000e+00
       117    0.0000000e+00
       118    0.0000000e+00
       119    0.0000000e+00
       120    0.0000000e+00
       121    0.0000000e+00
       122    0.0000000e+00
       123    0.0000000e+00
       124    0.0000000e+00
       125    0.0000000e+00
       126    0.0000000e+00
       127    0.0000000e+00
       128    0.0000000e+00
       129    0.0000000e+00
       130    0.0000000e+00
       131    0.0000000e+00
       132    0.0000000e+00
       133    0.0000000e+00
       134    0.0000000e+00
       135    0.0000000e+00
       136    0.0000000e+00
       137    0.0000000e+00
       138    0.0000000e+00
       139    0.0000000e+00
       140    0.0000000e+00
       141    0.0000000e+00
       142    0.0000000e+00
       143    0.0000000e+00
       144    0.0000000e+00
       145    0.0000000e+00
       146    0.0000000e+00
       147    0.0000000e+00
       148    0.0000000e+00
       149    0.0000000e+00
       150    0.0000000e+00
       151    0.0000000e+00
       152    0.0000000e+00
       153    0.0000000e+00
       154    0.0000000e+00
       155    0.0000000e+00
       156    0.0000000e+00
       157    0.0000000e+00
       158    0.0000000e+00
       159    0.0000000e+00
       160    0.0000000e+00
       161    0.0000000e+00
       162    0.0000000e+00
       163    0.0000000e+00
       164    0.0000000e+00
       165    0.0000000e+00
       166    0.0000000e+00
       167    0.0000000e+00
       168    0.0000000e+00
       169    0.0000000e+00
       170    0.0000000e+00
       171    0.0000000e+00
       172    0.0000000e+00
       173    0.0000000e+00
       174    0.0000000e+00
       175    0.0000000e+00
       176    0.0000000e+00
       177    0.0000000e+00
       178    0.0000000e+00
       179    0.0000000e+00
       180    0.0000000e+00
       181    0.0000000e+00
       182    0.0000000e+00
       183    0.0000000e+00
       184    0.0000000e+00
       185    0.0000000e+00
       186    0.0000000e+00
       187    0.0000000e+00
       188    0.0000000e+00
       189    0.0000000e+00
       190    0.0000000e+00
       191    0.0000000e+00
       192    0.0000000e+00
       193    0.0000000e+00
       194    0.0000000e+00
       195    0.0000000e+00
       196    0.0000000e+00
       197    0.0000000e+00
       198    0.0000000e+00
       199    0.0000000e+00
       200    0.0000000e+00
       201    0.0000000e+00
       202    0.0000000e+00
       203    0.0000000e+00
       204    0.0000000e+00
       205    0.0000000e+00
       206    0.0000000e+00
       207    0.0000000e+00
       208    0.0000000e+00
       209    0.0000000e+00
       210    0.0000000e+00
       211    0.0000000e+00
       212    0.0000000e+00
       213    0.0000000e+00
       214    0.0000000e+00
       215    0.0000000e+00
       216    0.0000000e+00
       217    0.0000000e+00
       218    0.0000000e+00
       219    0.0000000e+00
       220    0.0000000e+00
       221    0.0000000e+00
       222    0.0000000e+00
       223    0.0000000e+00
       224    0.0000000e+00
       225    0.0000000e+00
       226    0.0000000e+00
       227    0.0000000e+00
       228    0.0000000e+00
       229    0.0000000e+00
       230    0.0000000e+00
       231    0.0000000e+00
       232    0.0000000e+00
       233    0.0000000e+00
       234    0.0000000e+00
       235    0.0000000e+00
       236    0.0000000e+00
       237    0.0000000e+00
       238    0.0000000e+00
       239    0.0000000e+00
       240    0.0000000e+00
       241    0.0000000e+00
       242    0.0000000e+00
       243    0.0000000e+00
       244    0.0000000e+00
       245    0.0000000e+00
       246    0.0000000e+00
       247    0.0000000e+00
       248    0.0000000e+00
       249    0.0000000e+00
       250    0.0000000e+00
       251    0.0000000e+00
       252    0.0000000e+00
       253    0.0000000e+00
       254    0.0000000e+00
       255    0.0000000e+00
       256    0.0000000e+00
