         1    9.9999905e-01
         2    9.9999905e-01
         3    9.9999905e-01
         4    9.9999905e-01
         5    9.9999905e-01
         6    9.9999905e-01
         7    9.9999899e-01
         8    9.9999875e-01
         9    9.9999785e-01
        10    9.9999428e-01
        11    9.9998432e-01
        12    9.9995518e-01
        13    9.9987102e-01
        14    9.9962783e-01
        15    9.9892443e-01
        16    9.9688977e-01
        17    9.9102032e-01
        18    9.7425991e-01
        19    9.2789119e-01
        20    8.1079078e-01
        21    5.7941711e-01
        22    3.0998239e-01
        23    1.3435487e-01
        24    5.2689988e-02
        25    1.9852269e-02
        26    7.3679374e-03
        27    2.7189786e-03
        28    1.0008544e-03
        29    3.6777440e-04
        30    1.3488674e-04
        31    4.9351682e-05
        32    1.8000528e-05
        33    6.5405047e-06
        34    2.3658449e-06
        35    8.5142801e-07
        36    3.0470088e-07
        37    1.0838845e-07
        38    3.8311683e-08
        39    1.3452321e-08
        40    4.6909969e-09
        41    1.6240649e-09
        42    5.5801130e-10
        43    1.9017793e-10
        44    6.4248593e-11
        45    2.1497701e-11
        46    7.1173601e-12
        47    2.3289825e-12
        48    7.5235478e-13
        49    2.3964318e-13
        50    7.5175882e-14
        51    2.3199277e-14
        52    7.0356395e-15
        53    2.0949109e-15
        54    6.1194636e-16
        55    1.7524873e-16
        56    4.9175758e-17
        57    1.3514907e-17
        58    3.6366185e-18
        59    9.5786160e-19
        60    2.4692303e-19
        61    6.2292956e-20
        62    1.5378908e-20
        63    3.7156477e-21
        64    8.7861374e-22
        65    2.0335899e-22
        66    4.6077690e-23
        67    1.0222345e-23
        68    2.2208631e-24
        69    4.7259567e-25
        70    9.8524647e-26
        71    2.0127130e-26
        72    4.0299333e-27
        73    7.9102912e-28
        74    1.5225321e-28
        75    2.8742281e-29
        76    5.3230236e-30
        77    9.6734110e-31
        78    1.7253851e-31
        79    3.0211883e-32
        80    5.1946256e-33
        81    8.7722983e-34
        82    1.4552987e-34
        83    2.3722788e-35
        84    3.8005639e-36
        85    5.9853749e-37
        86    9.2680087e-38
        87    1.4113091e-38
        88    2.1139064e-39
        89    3.1150164e-40
        90    4.5166652e-41
        91    6.4417690e-42
        92    9.0383751e-43
        93    1.2331426e-43
        94    1.5414283e-44
        95    0.0000000e+00
        96    0.0000000e+00
        97    0.0000000e+00
        98    0.0000000e+00
        99    0.0000000e+00
       100    0.0000000e+00
       101    0.0000000e+00
       102    0.0000000e+00
       103    0.0000000e+00
       104    0.0000000e+00
       105    0.0000000e+00
       106    0.0000000e+00
       107    0.0000000e+00
       108    0.0000000e+00
       109    0.0000000e+00
       110    0.0000000e+00
       111    0.0000000e+00
       112    0.0000000e+00
       113    0.0000000e+00
       114    0.0000000e+00
       115    0.0000000e+00
       116    0.0000000e+00
       117    0.0000000e+00
       118    0.0000000e+00
       119    0.0000000e+00
       120    0.0000000e+00
       121    0.0000000e+00
       122    0.0000000e+00
       123    0.0000000e+00
       124    0.0000000e+00
       125    0.0000000e+00
       126    0.0000000e+00
       127    0.0000000e+00
       128    0.0000000e+00
       129    0.0000000e+00
       130    0.0000000e+00
       131    0.0000000e+00
       132    0.0000000e+00
       133    0.0000000e+00
       134    0.0000000e+00
       135    0.0000000e+00
       136    0.0000000e+00
       137    0.0000000e+00
       138    0.0000000e+00
       139    0.0000000e+00
       140    0.0000000e+00
       141    0.0000000e+00
       142    0.0000000e+00
       143    0.0000000e+00
       144    0.0000000e+00
       145    0.0000000e+00
       146    0.0000000e+00
       147    0.0000000e+00
       148    0.0000000e+00
       149    0.0000000e+00
       150    0.0000000e+00
       151    0.0000000e+00
       152    0.0000000e+00
       153    0.0000000e+00
       154    0.0000000e+00
       155    0.0000000e+00
       156    0.0000000e+00
       157    0.0000000e+00
       158    0.0000000e+00
       159    0.0000000e+00
       160    0.0000000e+00
       161    0.0000000e+00
       162    0.0000000e+00
       163    0.0000000e+00
       164    0.0000000e+00
       165    0.0000000e+00
       166    0.0000000e+00
       167    0.0000000e+00
       168    0.0000000e+00
       169    0.0000000e+00
       170    0.0000000e+00
       171    0.0000000e+00
       172    0.0000000e+00
       173    0.0000000e+00
       174    0.0000000e+00
       175    0.0000000e+00
       176    0.0000000e+00
       177    0.0000000e+00
       178    0.0000000e+00
       179    0.0000000e+00
       180    0.0000000e+00
       181    0.0000000e+00
       182    0.0000000e+00
       183    0.0000000e+00
       184    0.0000000e+00
       185    0.0000000e+00
       186    0.0000000e+00
       187    0.0000000e+00
       188    0.0000000e+00
       189    0.0000000e+00
       190    0.0000000e+00
       191    0.0000000e+00
       192    0.0000000e+00
       193    0.0000000e+00
       194    0.0000000e+00
       195    0.0000000e+00
       196    0.0000000e+00
       197    0.0000000e+00
       198    0.0000000e+00
       199    0.0000000e+00
       200    0.0000000e+00
       201    0.0000000e+00
       202    0.0000000e+00
       203    0.0000000e+00
       204    0.0000000e+00
       205    0.0000000e+00
       206    0.0000000e+00
       207    0.0000000e+00
       208    0.0000000e+00
       209    0.0000000e+00
       210    0.0000000e+00
       211    0.0000000e+00
       212    0.0000000e+00
       213    0.0000000e+00
       214    0.0000000e+00
       215    0.0000000e+00
       216    0.0000000e+00
       217    0.0000000e+00
       218    0.0000000e+00
       219    0.0000000e+00
       220    0.0000000e+00
       221    0.0000000e+00
       222    0.0000000e+00
       223    0.0000000e+00
       224    0.0000000e+00
       225    0.0000000e+00
       226    0.0000000e+00
       227    0.0000000e+00
       228    0.0000000e+00
       229    0.0000000e+00
       230    0.0000000e+00
       231    0.0000000e+00
       232    0.0000000e+00
       233    0.0000000e+00
       234    0.0000000e+00
       235    0.0000000e+00
       236    0.0000000e+00
       237    0.0000000e+00
       238    0.0000000e+00
       239    0.0000000e+00
       240    0.0000000e+00
       241    0.0000000e+00
       242    0.0000000e+00
       243    0.0000000e+00
       244    0.0000000e+00
       245    0.0000000e+00
       246    0.0000000e+00
       247    0.0000000e+00
       248    0.0000000e+00
       249    0.0000000e+00
       250    0.0000000e+00
       251    0.0000000e+00
       252    0.0000000e+00
       253    0.0000000e+00
       254    0.0000000e+00
       255    0.0000000e+00
       256    0.0000000e+00
