         1    9.9999905e-01
         2    9.9999905e-01
         3    9.9999905e-01
         4    9.9999905e-01
         5    9.9999905e-01
         6    9.9999905e-01
         7    9.9999905e-01
         8    9.9999905e-01
         9    9.9999905e-01
        10    9.9999905e-01
        11    9.9999905e-01
        12    9.9999905e-01
        13    9.9999905e-01
        14    9.9999905e-01
        15    9.9999905e-01
        16    9.9999905e-01
        17    9.9999905e-01
        18    9.9999905e-01
        19    9.9999905e-01
        20    9.9999905e-01
        21    9.9999905e-01
        22    9.9999905e-01
        23    9.9999905e-01
        24    9.9999905e-01
        25    9.9999905e-01
        26    9.9999905e-01
        27    9.9999905e-01
        28    9.9999905e-01
        29    9.9999905e-01
        30    9.9999905e-01
        31    9.9999899e-01
        32    9.9999875e-01
        33    9.9999762e-01
        34    9.9999326e-01
        35    9.9998057e-01
        36    9.9994367e-01
        37    9.9983603e-01
        38    9.9952245e-01
        39    9.9860942e-01
        40    9.9595541e-01
        41    9.8827755e-01
        42    9.6638811e-01
        43    9.0657461e-01
        44    7.6163167e-01
        45    5.0479978e-01
        46    2.5187773e-01
        47    1.0515700e-01
        48    4.0544793e-02
        49    1.5153022e-02
        50    5.5981362e-03
        51    2.0597011e-03
        52    7.5680873e-04
        53    2.7799408e-04
        54    1.0212189e-04
        55    3.7523168e-05
        56    1.3791234e-05
        57    5.0703920e-06
        58    1.8647520e-06
        59    6.8603464e-07
        60    2.5247553e-07
        61    9.2948525e-08
        62    3.4230698e-08
        63    1.2610643e-08
        64    4.6473216e-09
        65    1.7131869e-09
        66    6.3173095e-10
        67    2.3300709e-10
        68    8.5959670e-11
        69    3.1716282e-11
        70    1.1703027e-11
        71    4.3181955e-12
        72    1.5931131e-12
        73    5.8759220e-13
        74    2.1663452e-13
        75    7.9823612e-14
        76    2.9390725e-14
        77    1.0811378e-14
        78    3.9724168e-15
        79    1.4575995e-15
        80    5.3399101e-16
        81    1.9527302e-16
        82    7.1262556e-17
        83    2.5947109e-17
        84    9.4237263e-18
        85    3.4131929e-18
        86    1.2325462e-18
        87    4.4366148e-19
        88    1.5915140e-19
        89    5.6883485e-20
        90    2.0252958e-20
        91    7.1817444e-21
        92    2.5358633e-21
        93    8.9144544e-22
        94    3.1193055e-22
        95    1.0862738e-22
        96    3.7641404e-23
        97    1.2976778e-23
        98    4.4501470e-24
        99    1.5178291e-24
       100    5.1481270e-25
       101    1.7361725e-25
       102    5.8209713e-26
       103    1.9399971e-26
       104    6.4262308e-27
       105    2.1154854e-27
       106    6.9201181e-28
       107    2.2491614e-28
       108    7.2625253e-29
       109    2.3295564e-29
       110    7.4222978e-30
       111    2.3488045e-30
       112    7.3818436e-31
       113    2.3038836e-31
       114    7.1401108e-32
       115    2.1972088e-32
       116    6.7132872e-33
       117    2.0364529e-33
       118    6.1329384e-34
       119    1.8335811e-34
       120    5.4419299e-35
       121    1.6032935e-35
       122    4.6888722e-36
       123    1.3611577e-36
       124    3.9221555e-37
       125    1.1217865e-37
       126    3.1846312e-38
       127    8.9736197e-39
       128    2.5097648e-39
       129    6.9671298e-40
       130    1.9197228e-40
       131    5.2503851e-41
       132    1.4252607e-41
       133    3.8423604e-42
       134    1.0313557e-42
       135    2.7885839e-43
       136    7.8472714e-44
       137    1.1210388e-44
       138    0.0000000e+00
       139    0.0000000e+00
       140    0.0000000e+00
       141    0.0000000e+00
       142    0.0000000e+00
       143    0.0000000e+00
       144    0.0000000e+00
       145    0.0000000e+00
       146    0.0000000e+00
       147    0.0000000e+00
       148    0.0000000e+00
       149    0.0000000e+00
       150    0.0000000e+00
       151    0.0000000e+00
       152    0.0000000e+00
       153    0.0000000e+00
       154    0.0000000e+00
       155    0.0000000e+00
       156    0.0000000e+00
       157    0.0000000e+00
       158    0.0000000e+00
       159    0.0000000e+00
       160    0.0000000e+00
       161    0.0000000e+00
       162    0.0000000e+00
       163    0.0000000e+00
       164    0.0000000e+00
       165    0.0000000e+00
       166    0.0000000e+00
       167    0.0000000e+00
       168    0.0000000e+00
       169    0.0000000e+00
       170    0.0000000e+00
       171    0.0000000e+00
       172    0.0000000e+00
       173    0.0000000e+00
       174    0.0000000e+00
       175    0.0000000e+00
       176    0.0000000e+00
       177    0.0000000e+00
       178    0.0000000e+00
       179    0.0000000e+00
       180    0.0000000e+00
       181    0.0000000e+00
       182    0.0000000e+00
       183    0.0000000e+00
       184    0.0000000e+00
       185    0.0000000e+00
       186    0.0000000e+00
       187    0.0000000e+00
       188    0.0000000e+00
       189    0.0000000e+00
       190    0.0000000e+00
       191    0.0000000e+00
       192    0.0000000e+00
       193    0.0000000e+00
       194    0.0000000e+00
       195    0.0000000e+00
       196    0.0000000e+00
       197    0.0000000e+00
       198    0.0000000e+00
       199    0.0000000e+00
       200    0.0000000e+00
       201    0.0000000e+00
       202    0.0000000e+00
       203    0.0000000e+00
       204    0.0000000e+00
       205    0.0000000e+00
       206    0.0000000e+00
       207    0.0000000e+00
       208    0.0000000e+00
       209    0.0000000e+00
       210    0.0000000e+00
       211    0.0000000e+00
       212    0.0000000e+00
       213    0.0000000e+00
       214    0.0000000e+00
       215    0.0000000e+00
       216    0.0000000e+00
       217    0.0000000e+00
       218    0.0000000e+00
       219    0.0000000e+00
       220    0.0000000e+00
       221    0.0000000e+00
       222    0.0000000e+00
       223    0.0000000e+00
       224    0.0000000e+00
       225    0.0000000e+00
       226    0.0000000e+00
       227    0.0000000e+00
       228    0.0000000e+00
       229    0.0000000e+00
       230    0.0000000e+00
       231    0.0000000e+00
       232    0.0000000e+00
       233    0.0000000e+00
       234    0.0000000e+00
       235    0.0000000e+00
       236    0.0000000e+00
       237    0.0000000e+00
       238    0.0000000e+00
       239    0.0000000e+00
       240    0.0000000e+00
       241    0.0000000e+00
       242    0.0000000e+00
       243    0.0000000e+00
       244    0.0000000e+00
       245    0.0000000e+00
       246    0.0000000e+00
       247    0.0000000e+00
       248    0.0000000e+00
       249    0.0000000e+00
       250    0.0000000e+00
       251    0.0000000e+00
       252    0.0000000e+00
       253    0.0000000e+00
       254    0.0000000e+00
       255    0.0000000e+00
       256    0.0000000e+00
