         1    9.9999905e-01
         2    9.9999905e-01
         3    9.9999899e-01
         4    9.9999875e-01
         5    9.9999785e-01
         6    9.9999440e-01
         7    9.9998510e-01
         8    9.9995834e-01
         9    9.9988151e-01
        10    9.9966097e-01
        11    9.9902618e-01
        12    9.9719632e-01
        13    9.9192882e-01
        14    9.7689235e-01
        15    9.3514031e-01
        16    8.2824451e-01
        17    6.0893703e-01
        18    3.3571839e-01
        19    1.4795868e-01
        20    5.8404189e-02
        21    2.2028593e-02
        22    8.1559364e-03
        23    2.9930330e-03
        24    1.0917640e-03
        25    3.9596111e-04
        26    1.4270951e-04
        27    5.1079340e-05
        28    1.8147295e-05
        29    6.3980228e-06
        30    2.2384600e-06
        31    7.7732773e-07
        32    2.6798745e-07
        33    9.1734599e-08
        34    3.1172899e-08
        35    1.0508717e-08
        36    3.5098495e-09
        37    1.1591977e-09
        38    3.7764672e-10
        39    1.2101690e-10
        40    3.8032279e-11
        41    1.1688364e-11
        42    3.5035573e-12
        43    1.0219619e-12
        44    2.8955077e-13
        45    7.9570749e-14
        46    2.1186628e-14
        47    5.4618268e-15
        48    1.3626827e-15
        49    3.2896346e-16
        50    7.6841228e-17
        51    1.7369888e-17
        52    3.8007394e-18
        53    8.0529998e-19
        54    1.6528899e-19
        55    3.2879489e-20
        56    6.3418120e-21
        57    1.1866708e-21
        58    2.1552728e-22
        59    3.8015314e-23
        60    6.5152093e-24
        61    1.0855240e-24
        62    1.7592058e-25
        63    2.7744762e-26
        64    4.2603874e-27
        65    6.3728343e-28
        66    9.2904754e-29
        67    1.3205835e-29
        68    1.8310982e-30
        69    2.4777916e-31
        70    3.2734761e-32
        71    4.2239950e-33
        72    5.3257434e-34
        73    6.5636763e-35
        74    7.9101845e-36
        75    9.3251485e-37
        76    1.0757389e-37
        77    1.2147519e-38
        78    1.3431978e-39
        79    1.4548000e-40
        80    1.5438105e-41
        81    1.6044867e-42
        82    1.6114932e-43
        83    1.4012985e-44
        84    0.0000000e+00
        85    0.0000000e+00
        86    0.0000000e+00
        87    0.0000000e+00
        88    0.0000000e+00
        89    0.0000000e+00
        90    0.0000000e+00
        91    0.0000000e+00
        92    0.0000000e+00
        93    0.0000000e+00
        94    0.0000000e+00
        95    0.0000000e+00
        96    0.0000000e+00
        97    0.0000000e+00
        98    0.0000000e+00
        99    0.0000000e+00
       100    0.0000000e+00
       101    0.0000000e+00
       102    0.0000000e+00
       103    0.0000000e+00
       104    0.0000000e+00
       105    0.0000000e+00
       106    0.0000000e+00
       107    0.0000000e+00
       108    0.0000000e+00
       109    0.0000000e+00
       110    0.0000000e+00
       111    0.0000000e+00
       112    0.0000000e+00
       113    0.0000000e+00
       114    0.0000000e+00
       115    0.0000000e+00
       116    0.0000000e+00
       117    0.0000000e+00
       118    0.0000000e+00
       119    0.0000000e+00
       120    0.0000000e+00
       121    0.0000000e+00
       122    0.0000000e+00
       123    0.0000000e+00
       124    0.0000000e+00
       125    0.0000000e+00
       126    0.0000000e+00
       127    0.0000000e+00
       128    0.0000000e+00
       129    0.0000000e+00
       130    0.0000000e+00
       131    0.0000000e+00
       132    0.0000000e+00
       133    0.0000000e+00
       134    0.0000000e+00
       135    0.0000000e+00
       136    0.0000000e+00
       137    0.0000000e+00
       138    0.0000000e+00
       139    0.0000000e+00
       140    0.0000000e+00
       141    0.0000000e+00
       142    0.0000000e+00
       143    0.0000000e+00
       144    0.0000000e+00
       145    0.0000000e+00
       146    0.0000000e+00
       147    0.0000000e+00
       148    0.0000000e+00
       149    0.0000000e+00
       150    0.0000000e+00
       151    0.0000000e+00
       152    0.0000000e+00
       153    0.0000000e+00
       154    0.0000000e+00
       155    0.0000000e+00
       156    0.0000000e+00
       157    0.0000000e+00
       158    0.0000000e+00
       159    0.0000000e+00
       160    0.0000000e+00
       161    0.0000000e+00
       162    0.0000000e+00
       163    0.0000000e+00
       164    0.0000000e+00
       165    0.0000000e+00
       166    0.0000000e+00
       167    0.0000000e+00
       168    0.0000000e+00
       169    0.0000000e+00
       170    0.0000000e+00
       171    0.0000000e+00
       172    0.0000000e+00
       173    0.0000000e+00
       174    0.0000000e+00
       175    0.0000000e+00
       176    0.0000000e+00
       177    0.0000000e+00
       178    0.0000000e+00
       179    0.0000000e+00
       180    0.0000000e+00
       181    0.0000000e+00
       182    0.0000000e+00
       183    0.0000000e+00
       184    0.0000000e+00
       185    0.0000000e+00
       186    0.0000000e+00
       187    0.0000000e+00
       188    0.0000000e+00
       189    0.0000000e+00
       190    0.0000000e+00
       191    0.0000000e+00
       192    0.0000000e+00
       193    0.0000000e+00
       194    0.0000000e+00
       195    0.0000000e+00
       196    0.0000000e+00
       197    0.0000000e+00
       198    0.0000000e+00
       199    0.0000000e+00
       200    0.0000000e+00
       201    0.0000000e+00
       202    0.0000000e+00
       203    0.0000000e+00
       204    0.0000000e+00
       205    0.0000000e+00
       206    0.0000000e+00
       207    0.0000000e+00
       208    0.0000000e+00
       209    0.0000000e+00
       210    0.0000000e+00
       211    0.0000000e+00
       212    0.0000000e+00
       213    0.0000000e+00
       214    0.0000000e+00
       215    0.0000000e+00
       216    0.0000000e+00
       217    0.0000000e+00
       218    0.0000000e+00
       219    0.0000000e+00
       220    0.0000000e+00
       221    0.0000000e+00
       222    0.0000000e+00
       223    0.0000000e+00
       224    0.0000000e+00
       225    0.0000000e+00
       226    0.0000000e+00
       227    0.0000000e+00
       228    0.0000000e+00
       229    0.0000000e+00
       230    0.0000000e+00
       231    0.0000000e+00
       232    0.0000000e+00
       233    0.0000000e+00
       234    0.0000000e+00
       235    0.0000000e+00
       236    0.0000000e+00
       237    0.0000000e+00
       238    0.0000000e+00
       239    0.0000000e+00
       240    0.0000000e+00
       241    0.0000000e+00
       242    0.0000000e+00
       243    0.0000000e+00
       244    0.0000000e+00
       245    0.0000000e+00
       246    0.0000000e+00
       247    0.0000000e+00
       248    0.0000000e+00
       249    0.0000000e+00
       250    0.0000000e+00
       251    0.0000000e+00
       252    0.0000000e+00
       253    0.0000000e+00
       254    0.0000000e+00
       255    0.0000000e+00
       256    0.0000000e+00
