         1    9.9999905e-01
         2    9.9999905e-01
         3    9.9999905e-01
         4    9.9999905e-01
         5    9.9999905e-01
         6    9.9999905e-01
         7    9.9999905e-01
         8    9.9999905e-01
         9    9.9999905e-01
        10    9.9999905e-01
        11    9.9999905e-01
        12    9.9999905e-01
        13    9.9999887e-01
        14    9.9999821e-01
        15    9.9999553e-01
        16    9.9998802e-01
        17    9.9996579e-01
        18    9.9990106e-01
        19    9.9971342e-01
        20    9.9916834e-01
        21    9.9758738e-01
        22    9.9301195e-01
        23    9.7987759e-01
        24    9.4309807e-01
        25    8.4723586e-01
        26    6.4214492e-01
        27    3.6640880e-01
        28    1.6470607e-01
        29    6.5576620e-02
        30    2.4841553e-02
        31    9.2363087e-03
        32    3.4115799e-03
        33    1.2574700e-03
        34    4.6324660e-04
        35    1.7064935e-04
        36    6.2861807e-05
        37    2.3151710e-05
        38    8.5225465e-06
        39    3.1346535e-06
        40    1.1514977e-06
        41    4.2227180e-07
        42    1.5451378e-07
        43    5.6386366e-08
        44    2.0511580e-08
        45    7.4342092e-09
        46    2.6833855e-09
        47    9.6417974e-10
        48    3.4473507e-10
        49    1.2260316e-10
        50    4.3356124e-11
        51    1.5239789e-11
        52    5.3227128e-12
        53    1.8465147e-12
        54    6.3601701e-13
        55    2.1741982e-13
        56    7.3730742e-14
        57    2.4791812e-14
        58    8.2614816e-15
        59    2.7268964e-15
        60    8.9105928e-16
        61    2.8809626e-16
        62    9.2115210e-17
        63    2.9111556e-17
        64    9.0892707e-18
        65    2.8023702e-18
        66    8.5285397e-19
        67    2.5610261e-19
        68    7.5857658e-20
        69    2.2156697e-20
        70    6.3800392e-21
        71    1.8107725e-21
        72    5.0646885e-22
        73    1.3958246e-22
        74    3.7901223e-23
        75    1.0138820e-23
        76    2.6718518e-24
        77    6.9361320e-25
        78    1.7737826e-25
        79    4.4685608e-26
        80    1.1090023e-26
        81    2.7115251e-27
        82    6.5318449e-28
        83    1.5503445e-28
        84    3.6259670e-29
        85    8.3571637e-30
        86    1.8983348e-30
        87    4.2501780e-31
        88    9.3800582e-32
        89    2.0408598e-32
        90    4.3780108e-33
        91    9.2607080e-34
        92    1.9318074e-34
        93    3.9745215e-35
        94    8.0659776e-36
        95    1.6148431e-36
        96    3.1897371e-37
        97    6.2170002e-38
        98    1.1957997e-38
        99    2.2700587e-39
       100    4.2537116e-40
       101    7.8682909e-41
       102    1.4371717e-41
       103    2.5910009e-42
       104    4.5962590e-43
       105    7.8472714e-44
       106    8.4077908e-45
       107    0.0000000e+00
       108    0.0000000e+00
       109    0.0000000e+00
       110    0.0000000e+00
       111    0.0000000e+00
       112    0.0000000e+00
       113    0.0000000e+00
       114    0.0000000e+00
       115    0.0000000e+00
       116    0.0000000e+00
       117    0.0000000e+00
       118    0.0000000e+00
       119    0.0000000e+00
       120    0.0000000e+00
       121    0.0000000e+00
       122    0.0000000e+00
       123    0.0000000e+00
       124    0.0000000e+00
       125    0.0000000e+00
       126    0.0000000e+00
       127    0.0000000e+00
       128    0.0000000e+00
       129    0.0000000e+00
       130    0.0000000e+00
       131    0.0000000e+00
       132    0.0000000e+00
       133    0.0000000e+00
       134    0.0000000e+00
       135    0.0000000e+00
       136    0.0000000e+00
       137    0.0000000e+00
       138    0.0000000e+00
       139    0.0000000e+00
       140    0.0000000e+00
       141    0.0000000e+00
       142    0.0000000e+00
       143    0.0000000e+00
       144    0.0000000e+00
       145    0.0000000e+00
       146    0.0000000e+00
       147    0.0000000e+00
       148    0.0000000e+00
       149    0.0000000e+00
       150    0.0000000e+00
       151    0.0000000e+00
       152    0.0000000e+00
       153    0.0000000e+00
       154    0.0000000e+00
       155    0.0000000e+00
       156    0.0000000e+00
       157    0.0000000e+00
       158    0.0000000e+00
       159    0.0000000e+00
       160    0.0000000e+00
       161    0.0000000e+00
       162    0.0000000e+00
       163    0.0000000e+00
       164    0.0000000e+00
       165    0.0000000e+00
       166    0.0000000e+00
       167    0.0000000e+00
       168    0.0000000e+00
       169    0.0000000e+00
       170    0.0000000e+00
       171    0.0000000e+00
       172    0.0000000e+00
       173    0.0000000e+00
       174    0.0000000e+00
       175    0.0000000e+00
       176    0.0000000e+00
       177    0.0000000e+00
       178    0.0000000e+00
       179    0.0000000e+00
       180    0.0000000e+00
       181    0.0000000e+00
       182    0.0000000e+00
       183    0.0000000e+00
       184    0.0000000e+00
       185    0.0000000e+00
       186    0.0000000e+00
       187    0.0000000e+00
       188    0.0000000e+00
       189    0.0000000e+00
       190    0.0000000e+00
       191    0.0000000e+00
       192    0.0000000e+00
       193    0.0000000e+00
       194    0.0000000e+00
       195    0.0000000e+00
       196    0.0000000e+00
       197    0.0000000e+00
       198    0.0000000e+00
       199    0.0000000e+00
       200    0.0000000e+00
       201    0.0000000e+00
       202    0.0000000e+00
       203    0.0000000e+00
       204    0.0000000e+00
       205    0.0000000e+00
       206    0.0000000e+00
       207    0.0000000e+00
       208    0.0000000e+00
       209    0.0000000e+00
       210    0.0000000e+00
       211    0.0000000e+00
       212    0.0000000e+00
       213    0.0000000e+00
       214    0.0000000e+00
       215    0.0000000e+00
       216    0.0000000e+00
       217    0.0000000e+00
       218    0.0000000e+00
       219    0.0000000e+00
       220    0.0000000e+00
       221    0.0000000e+00
       222    0.0000000e+00
       223    0.0000000e+00
       224    0.0000000e+00
       225    0.0000000e+00
       226    0.0000000e+00
       227    0.0000000e+00
       228    0.0000000e+00
       229    0.0000000e+00
       230    0.0000000e+00
       231    0.0000000e+00
       232    0.0000000e+00
       233    0.0000000e+00
       234    0.0000000e+00
       235    0.0000000e+00
       236    0.0000000e+00
       237    0.0000000e+00
       238    0.0000000e+00
       239    0.0000000e+00
       240    0.0000000e+00
       241    0.0000000e+00
       242    0.0000000e+00
       243    0.0000000e+00
       244    0.0000000e+00
       245    0.0000000e+00
       246    0.0000000e+00
       247    0.0000000e+00
       248    0.0000000e+00
       249    0.0000000e+00
       250    0.0000000e+00
       251    0.0000000e+00
       252    0.0000000e+00
       253    0.0000000e+00
       254    0.0000000e+00
       255    0.0000000e+00
       256    0.0000000e+00
