         1    9.9999905e-01
         2    9.9999905e-01
         3    9.9999905e-01
         4    9.9999905e-01
         5    9.9999905e-01
         6    9.9999893e-01
         7    9.9999857e-01
         8    9.9999726e-01
         9    9.9999213e-01
        10    9.9997818e-01
        11    9.9993783e-01
        12    9.9982136e-01
        13    9.9948514e-01
        14    9.9851382e-01
        15    9.9570745e-01
        16    9.8763311e-01
        17    9.6473098e-01
        18    9.0254152e-01
        19    7.5341427e-01
        20    4.9438414e-01
        21    2.4500509e-01
        22    1.0209160e-01
        23    3.9392039e-02
        24    1.4747595e-02
        25    5.4576672e-03
        26    2.0098598e-03
        27    7.3801837e-04
        28    2.7027068e-04
        29    9.8662349e-05
        30    3.5876707e-05
        31    1.2985398e-05
        32    4.6749919e-06
        33    1.6731750e-06
        34    5.9504208e-07
        35    2.1021627e-07
        36    7.3757256e-08
        37    2.5697293e-08
        38    8.8884136e-09
        39    3.0512539e-09
        40    1.0390470e-09
        41    3.5073586e-10
        42    1.1724410e-10
        43    3.8765262e-11
        44    1.2659846e-11
        45    4.0774437e-12
        46    1.2931281e-12
        47    4.0320183e-13
        48    1.2342510e-13
        49    3.7043956e-14
        50    1.0888511e-14
        51    3.1313978e-15
        52    8.8040980e-16
        53    2.4184638e-16
        54    6.4878469e-17
        55    1.6991220e-17
        56    4.3433062e-18
        57    1.0835293e-18
        58    2.6379992e-19
        59    6.2681976e-20
        60    1.4537505e-20
        61    3.2914098e-21
        62    7.2761390e-22
        63    1.5708759e-22
        64    3.3129119e-23
        65    6.8268078e-24
        66    1.3749407e-24
        67    2.7072693e-25
        68    5.2129747e-26
        69    9.8191466e-27
        70    1.8097727e-27
        71    3.2648596e-28
        72    5.7666405e-29
        73    9.9753007e-30
        74    1.6904386e-30
        75    2.8071572e-31
        76    4.5693044e-32
        77    7.2923827e-33
        78    1.1414126e-33
        79    1.7526102e-34
        80    2.6406490e-35
        81    3.9050778e-36
        82    5.6695778e-37
        83    8.0831391e-38
        84    1.1319344e-38
        85    1.5573120e-39
        86    2.1054089e-40
        87    2.7975523e-41
        88    3.6531851e-42
        89    4.6523109e-43
        90    5.7453237e-44
        91    0.0000000e+00
        92    0.0000000e+00
        93    0.0000000e+00
        94    0.0000000e+00
        95    0.0000000e+00
        96    0.0000000e+00
        97    0.0000000e+00
        98    0.0000000e+00
        99    0.0000000e+00
       100    0.0000000e+00
       101    0.0000000e+00
       102    0.0000000e+00
       103    0.0000000e+00
       104    0.0000000e+00
       105    0.0000000e+00
       106    0.0000000e+00
       107    0.0000000e+00
       108    0.0000000e+00
       109    0.0000000e+00
       110    0.0000000e+00
       111    0.0000000e+00
       112    0.0000000e+00
       113    0.0000000e+00
       114    0.0000000e+00
       115    0.0000000e+00
       116    0.0000000e+00
       117    0.0000000e+00
       118    0.0000000e+00
       119    0.0000000e+00
       120    0.0000000e+00
       121    0.0000000e+00
       122    0.0000000e+00
       123    0.0000000e+00
       124    0.0000000e+00
       125    0.0000000e+00
       126    0.0000000e+00
       127    0.0000000e+00
       128    0.0000000e+00
       129    0.0000000e+00
       130    0.0000000e+00
       131    0.0000000e+00
       132    0.0000000e+00
       133    0.0000000e+00
       134    0.0000000e+00
       135    0.0000000e+00
       136    0.0000000e+00
       137    0.0000000e+00
       138    0.0000000e+00
       139    0.0000000e+00
       140    0.0000000e+00
       141    0.0000000e+00
       142    0.0000000e+00
       143    0.0000000e+00
       144    0.0000000e+00
       145    0.0000000e+00
       146    0.0000000e+00
       147    0.0000000e+00
       148    0.0000000e+00
       149    0.0000000e+00
       150    0.0000000e+00
       151    0.0000000e+00
       152    0.0000000e+00
       153    0.0000000e+00
       154    0.0000000e+00
       155    0.0000000e+00
       156    0.0000000e+00
       157    0.0000000e+00
       158    0.0000000e+00
       159    0.0000000e+00
       160    0.0000000e+00
       161    0.0000000e+00
       162    0.0000000e+00
       163    0.0000000e+00
       164    0.0000000e+00
       165    0.0000000e+00
       166    0.0000000e+00
       167    0.0000000e+00
       168    0.0000000e+00
       169    0.0000000e+00
       170    0.0000000e+00
       171    0.0000000e+00
       172    0.0000000e+00
       173    0.0000000e+00
       174    0.0000000e+00
       175    0.0000000e+00
       176    0.0000000e+00
       177    0.0000000e+00
       178    0.0000000e+00
       179    0.0000000e+00
       180    0.0000000e+00
       181    0.0000000e+00
       182    0.0000000e+00
       183    0.0000000e+00
       184    0.0000000e+00
       185    0.0000000e+00
       186    0.0000000e+00
       187    0.0000000e+00
       188    0.0000000e+00
       189    0.0000000e+00
       190    0.0000000e+00
       191    0.0000000e+00
       192    0.0000000e+00
       193    0.0000000e+00
       194    0.0000000e+00
       195    0.0000000e+00
       196    0.0000000e+00
       197    0.0000000e+00
       198    0.0000000e+00
       199    0.0000000e+00
       200    0.0000000e+00
       201    0.0000000e+00
       202    0.0000000e+00
       203    0.0000000e+00
       204    0.0000000e+00
       205    0.0000000e+00
       206    0.0000000e+00
       207    0.0000000e+00
       208    0.0000000e+00
       209    0.0000000e+00
       210    0.0000000e+00
       211    0.0000000e+00
       212    0.0000000e+00
       213    0.0000000e+00
       214    0.0000000e+00
       215    0.0000000e+00
       216    0.0000000e+00
       217    0.0000000e+00
       218    0.0000000e+00
       219    0.0000000e+00
       220    0.0000000e+00
       221    0.0000000e+00
       222    0.0000000e+00
       223    0.0000000e+00
       224    0.0000000e+00
       225    0.0000000e+00
       226    0.0000000e+00
       227    0.0000000e+00
       228    0.0000000e+00
       229    0.0000000e+00
       230    0.0000000e+00
       231    0.0000000e+00
       232    0.0000000e+00
       233    0.0000000e+00
       234    0.0000000e+00
       235    0.0000000e+00
       236    0.0000000e+00
       237    0.0000000e+00
       238    0.0000000e+00
       239    0.0000000e+00
       240    0.0000000e+00
       241    0.0000000e+00
       242    0.0000000e+00
       243    0.0000000e+00
       244    0.0000000e+00
       245    0.0000000e+00
       246    0.0000000e+00
       247    0.0000000e+00
       248    0.0000000e+00
       249    0.0000000e+00
       250    0.0000000e+00
       251    0.0000000e+00
       252    0.0000000e+00
       253    0.0000000e+00
       254    0.0000000e+00
       255    0.0000000e+00
       256    0.0000000e+00
