         1    9.9999905e-01
         2    9.9999905e-01
         3    9.9999905e-01
         4    9.9999905e-01
         5    9.9999905e-01
         6    9.9999905e-01
         7    9.9999905e-01
         8    9.9999905e-01
         9    9.9999905e-01
        10    9.9999905e-01
        11    9.9999905e-01
        12    9.9999905e-01
        13    9.9999905e-01
        14    9.9999905e-01
        15    9.9999905e-01
        16    9.9999905e-01
        17    9.9999905e-01
        18    9.9999905e-01
        19    9.9999905e-01
        20    9.9999905e-01
        21    9.9999905e-01
        22    9.9999905e-01
        23    9.9999899e-01
        24    9.9999875e-01
        25    9.9999768e-01
        26    9.9999356e-01
        27    9.9998128e-01
        28    9.9994576e-01
        29    9.9984241e-01
        30    9.9954140e-01
        31    9.9866587e-01
        32    9.9612194e-01
        33    9.8876512e-01
        34    9.6778119e-01
        35    9.1030943e-01
        36    7.7001554e-01
        37    5.1668561e-01
        38    2.6053154e-01
        39    1.0936593e-01
        40    4.2274013e-02
        41    1.5820166e-02
        42    5.8500431e-03
        43    2.1542481e-03
        44    7.9228333e-04
        45    2.9132696e-04
        46    1.0714447e-04
        47    3.9419607e-05
        48    1.4508780e-05
        49    5.3423328e-06
        50    1.9679233e-06
        51    7.2518952e-07
        52    2.6732701e-07
        53    9.8572606e-08
        54    3.6354390e-08
        55    1.3409119e-08
        56    4.9457389e-09
        57    1.8238254e-09
        58    6.7232420e-10
        59    2.4770158e-10
        60    9.1187259e-11
        61    3.3534061e-11
        62    1.2315947e-11
        63    4.5160173e-12
        64    1.6528037e-12
        65    6.0357763e-13
        66    2.1986609e-13
        67    7.9866289e-14
        68    2.8921249e-14
        69    1.0437321e-14
        70    3.7527774e-15
        71    1.3439552e-15
        72    4.7925304e-16
        73    1.7012818e-16
        74    6.0104333e-17
        75    2.1127252e-17
        76    7.3872076e-18
        77    2.5686932e-18
        78    8.8804611e-19
        79    3.0517492e-19
        80    1.0422043e-19
        81    3.5363063e-20
        82    1.1919117e-20
        83    3.9897146e-21
        84    1.3260252e-21
        85    4.3750741e-22
        86    1.4327056e-22
        87    4.6556898e-23
        88    1.5010247e-23
        89    4.8005787e-24
        90    1.5227568e-24
        91    4.7899659e-25
        92    1.4939542e-25
        93    4.6194268e-26
        94    1.4158989e-26
        95    4.3015183e-27
        96    1.2951301e-27
        97    3.8642783e-28
        98    1.1424898e-28
        99    3.3468413e-29
       100    9.7138332e-30
       101    2.7931649e-30
       102    7.9567275e-31
       103    2.2453762e-31
       104    6.2769482e-32
       105    1.7382173e-32
       106    4.7681460e-33
       107    1.2956315e-33
       108    3.4873777e-34
       109    9.2982941e-35
       110    2.4558261e-35
       111    6.4252074e-36
       112    1.6652468e-36
       113    4.2754374e-37
       114    1.0874335e-37
       115    2.7400368e-38
       116    6.8399578e-39
       117    1.6916349e-39
       118    4.1450829e-40
       119    1.0063845e-40
       120    2.4213036e-41
       121    5.7733497e-42
       122    1.3648647e-42
       123    3.2229865e-43
       124    7.5670117e-44
       125    8.4077908e-45
       126    0.0000000e+00
       127    0.0000000e+00
       128    0.0000000e+00
       129    0.0000000e+00
       130    0.0000000e+00
       131    0.0000000e+00
       132    0.0000000e+00
       133    0.0000000e+00
       134    0.0000000e+00
       135    0.0000000e+00
       136    0.0000000e+00
       137    0.0000000e+00
       138    0.0000000e+00
       139    0.0000000e+00
       140    0.0000000e+00
       141    0.0000000e+00
       142    0.0000000e+00
       143    0.0000000e+00
       144    0.0000000e+00
       145    0.0000000e+00
       146    0.0000000e+00
       147    0.0000000e+00
       148    0.0000000e+00
       149    0.0000000e+00
       150    0.0000000e+00
       151    0.0000000e+00
       152    0.0000000e+00
       153    0.0000000e+00
       154    0.0000000e+00
       155    0.0000000e+00
       156    0.0000000e+00
       157    0.0000000e+00
       158    0.0000000e+00
       159    0.0000000e+00
       160    0.0000000e+00
       161    0.0000000e+00
       162    0.0000000e+00
       163    0.0000000e+00
       164    0.0000000e+00
       165    0.0000000e+00
       166    0.0000000e+00
       167    0.0000000e+00
       168    0.0000000e+00
       169    0.0000000e+00
       170    0.0000000e+00
       171    0.0000000e+00
       172    0.0000000e+00
       173    0.0000000e+00
       174    0.0000000e+00
       175    0.0000000e+00
       176    0.0000000e+00
       177    0.0000000e+00
       178    0.0000000e+00
       179    0.0000000e+00
       180    0.0000000e+00
       181    0.0000000e+00
       182    0.0000000e+00
       183    0.0000000e+00
       184    0.0000000e+00
       185    0.0000000e+00
       186    0.0000000e+00
       187    0.0000000e+00
       188    0.0000000e+00
       189    0.0000000e+00
       190    0.0000000e+00
       191    0.0000000e+00
       192    0.0000000e+00
       193    0.0000000e+00
       194    0.0000000e+00
       195    0.0000000e+00
       196    0.0000000e+00
       197    0.0000000e+00
       198    0.0000000e+00
       199    0.0000000e+00
       200    0.0000000e+00
       201    0.0000000e+00
       202    0.0000000e+00
       203    0.0000000e+00
       204    0.0000000e+00
       205    0.0000000e+00
       206    0.0000000e+00
       207    0.0000000e+00
       208    0.0000000e+00
       209    0.0000000e+00
       210    0.0000000e+00
       211    0.0000000e+00
       212    0.0000000e+00
       213    0.0000000e+00
       214    0.0000000e+00
       215    0.0000000e+00
       216    0.0000000e+00
       217    0.0000000e+00
       218    0.0000000e+00
       219    0.0000000e+00
       220    0.0000000e+00
       221    0.0000000e+00
       222    0.0000000e+00
       223    0.0000000e+00
       224    0.0000000e+00
       225    0.0000000e+00
       226    0.0000000e+00
       227    0.0000000e+00
       228    0.0000000e+00
       229    0.0000000e+00
       230    0.0000000e+00
       231    0.0000000e+00
       232    0.0000000e+00
       233    0.0000000e+00
       234    0.0000000e+00
       235    0.0000000e+00
       236    0.0000000e+00
       237    0.0000000e+00
       238    0.0000000e+00
       239    0.0000000e+00
       240    0.0000000e+00
       241    0.0000000e+00
       242    0.0000000e+00
       243    0.0000000e+00
       244    0.0000000e+00
       245    0.0000000e+00
       246    0.0000000e+00
       247    0.0000000e+00
       248    0.0000000e+00
       249    0.0000000e+00
       250    0.0000000e+00
       251    0.0000000e+00
       252    0.0000000e+00
       253    0.0000000e+00
       254    0.0000000e+00
       255    0.0000000e+00
       256    0.0000000e+00
