         1    9.9999905e-01
         2    9.9999905e-01
         3    9.9999905e-01
         4    9.9999905e-01
         5    9.9999905e-01
         6    9.9999905e-01
         7    9.9999905e-01
         8    9.9999905e-01
         9    9.9999905e-01
        10    9.9999905e-01
        11    9.9999905e-01
        12    9.9999905e-01
        13    9.9999905e-01
        14    9.9999905e-01
        15    9.9999905e-01
        16    9.9999905e-01
        17    9.9999905e-01
        18    9.9999905e-01
        19    9.9999905e-01
        20    9.9999905e-01
        21    9.9999905e-01
        22    9.9999905e-01
        23    9.9999905e-01
        24    9.9999905e-01
        25    9.9999905e-01
        26    9.9999905e-01
        27    9.9999905e-01
        28    9.9999905e-01
        29    9.9999905e-01
        30    9.9999905e-01
        31    9.9999905e-01
        32    9.9999899e-01
        33    9.9999881e-01
        34    9.9999809e-01
        35    9.9999499e-01
        36    9.9998623e-01
        37    9.9996042e-01
        38    9.9988478e-01
        39    9.9966431e-01
        40    9.9902231e-01
        41    9.9715424e-01
        42    9.9173814e-01
        43    9.7619474e-01
        44    9.3290484e-01
        45    8.2221729e-01
        46    5.9763032e-01
        47    3.2498777e-01
        48    1.4194137e-01
        49    5.5760119e-02
        50    2.0987546e-02
        51    7.7733048e-03
        52    2.8623377e-03
        53    1.0519044e-03
        54    3.8635833e-04
        55    1.4190326e-04
        56    5.2127751e-05
        57    1.9153771e-05
        58    7.0398437e-06
        59    2.5882302e-06
        60    9.5187278e-07
        61    3.5018266e-07
        62    1.2887038e-07
        63    4.7441262e-08
        64    1.7470473e-08
        65    6.4357240e-09
        66    2.3715456e-09
        67    8.7418039e-10
        68    3.2232739e-10
        69    1.1887948e-10
        70    4.3854344e-11
        71    1.6180477e-11
        72    5.9705522e-12
        73    2.2031645e-12
        74    8.1291831e-13
        75    2.9989230e-13
        76    1.1059774e-13
        77    4.0768685e-14
        78    1.5018853e-14
        79    5.5284117e-15
        80    2.0329919e-15
        81    7.4671661e-16
        82    2.7388607e-16
        83    1.0029603e-16
        84    3.6660711e-17
        85    1.3372830e-17
        86    4.8669012e-18
        87    1.7668121e-18
        88    6.3964564e-19
        89    2.3088922e-19
        90    8.3078570e-20
        91    2.9792293e-20
        92    1.0645332e-20
        93    3.7893839e-21
        94    1.3435334e-21
        95    4.7437087e-22
        96    1.6676304e-22
        97    5.8360466e-23
        98    2.0328376e-23
        99    7.0466412e-24
       100    2.4304702e-24
       101    8.3399371e-25
       102    2.8466729e-25
       103    9.6639707e-26
       104    3.2625675e-26
       105    1.0952033e-26
       106    3.6551797e-27
       107    1.2126948e-27
       108    3.9992190e-28
       109    1.3107935e-28
       110    4.2695842e-29
       111    1.3819366e-29
       112    4.4443000e-30
       113    1.4200214e-30
       114    4.5074260e-31
       115    1.4212572e-31
       116    4.4514073e-32
       117    1.3847628e-32
       118    4.2784001e-33
       119    1.3127809e-33
       120    4.0002468e-34
       121    1.2104471e-34
       122    3.6370742e-35
       123    1.0851517e-35
       124    3.2147489e-36
       125    9.4560553e-37
       126    2.7616537e-37
       127    8.0078524e-38
       128    2.3053839e-38
       129    6.5893888e-39
       130    1.8698983e-39
       131    5.2681676e-40
       132    1.4735634e-40
       133    4.0922119e-41
       134    1.1284657e-41
       135    3.0912644e-42
       136    8.4358168e-43
       137    2.3121425e-43
       138    6.8663625e-44
       139    5.6051939e-45
       140    0.0000000e+00
       141    0.0000000e+00
       142    0.0000000e+00
       143    0.0000000e+00
       144    0.0000000e+00
       145    0.0000000e+00
       146    0.0000000e+00
       147    0.0000000e+00
       148    0.0000000e+00
       149    0.0000000e+00
       150    0.0000000e+00
       151    0.0000000e+00
       152    0.0000000e+00
       153    0.0000000e+00
       154    0.0000000e+00
       155    0.0000000e+00
       156    0.0000000e+00
       157    0.0000000e+00
       158    0.0000000e+00
       159    0.0000000e+00
       160    0.0000000e+00
       161    0.0000000e+00
       162    0.0000000e+00
       163    0.0000000e+00
       164    0.0000000e+00
       165    0.0000000e+00
       166    0.0000000e+00
       167    0.0000000e+00
       168    0.0000000e+00
       169    0.0000000e+00
       170    0.0000000e+00
       171    0.0000000e+00
       172    0.0000000e+00
       173    0.0000000e+00
       174    0.0000000e+00
       175    0.0000000e+00
       176    0.0000000e+00
       177    0.0000000e+00
       178    0.0000000e+00
       179    0.0000000e+00
       180    0.0000000e+00
       181    0.0000000e+00
       182    0.0000000e+00
       183    0.0000000e+00
       184    0.0000000e+00
       185    0.0000000e+00
       186    0.0000000e+00
       187    0.0000000e+00
       188    0.0000000e+00
       189    0.0000000e+00
       190    0.0000000e+00
       191    0.0000000e+00
       192    0.0000000e+00
       193    0.0000000e+00
       194    0.0000000e+00
       195    0.0000000e+00
       196    0.0000000e+00
       197    0.0000000e+00
       198    0.0000000e+00
       199    0.0000000e+00
       200    0.0000000e+00
       201    0.0000000e+00
       202    0.0000000e+00
       203    0.0000000e+00
       204    0.0000000e+00
       205    0.0000000e+00
       206    0.0000000e+00
       207    0.0000000e+00
       208    0.0000000e+00
       209    0.0000000e+00
       210    0.0000000e+00
       211    0.0000000e+00
       212    0.0000000e+00
       213    0.0000000e+00
       214    0.0000000e+00
       215    0.0000000e+00
       216    0.0000000e+00
       217    0.0000000e+00
       218    0.0000000e+00
       219    0.0000000e+00
       220    0.0000000e+00
       221    0.0000000e+00
       222    0.0000000e+00
       223    0.0000000e+00
       224    0.0000000e+00
       225    0.0000000e+00
       226    0.0000000e+00
       227    0.0000000e+00
       228    0.0000000e+00
       229    0.0000000e+00
       230    0.0000000e+00
       231    0.0000000e+00
       232    0.0000000e+00
       233    0.0000000e+00
       234    0.0000000e+00
       235    0.0000000e+00
       236    0.0000000e+00
       237    0.0000000e+00
       238    0.0000000e+00
       239    0.0000000e+00
       240    0.0000000e+00
       241    0.0000000e+00
       242    0.0000000e+00
       243    0.0000000e+00
       244    0.0000000e+00
       245    0.0000000e+00
       246    0.0000000e+00
       247    0.0000000e+00
       248    0.0000000e+00
       249    0.0000000e+00
       250    0.0000000e+00
       251    0.0000000e+00
       252    0.0000000e+00
       253    0.0000000e+00
       254    0.0000000e+00
       255    0.0000000e+00
       256    0.0000000e+00
