         1    9.9999905e-01
         2    9.9999905e-01
         3    9.9999905e-01
         4    9.9999905e-01
         5    9.9999905e-01
         6    9.9999905e-01
         7    9.9999905e-01
         8    9.9999905e-01
         9    9.9999905e-01
        10    9.9999905e-01
        11    9.9999905e-01
        12    9.9999905e-01
        13    9.9999905e-01
        14    9.9999905e-01
        15    9.9999905e-01
        16    9.9999905e-01
        17    9.9999905e-01
        18    9.9999905e-01
        19    9.9999905e-01
        20    9.9999905e-01
        21    9.9999905e-01
        22    9.9999905e-01
        23    9.9999905e-01
        24    9.9999899e-01
        25    9.9999881e-01
        26    9.9999809e-01
        27    9.9999511e-01
        28    9.9998665e-01
        29    9.9996167e-01
        30    9.9988866e-01
        31    9.9967593e-01
        32    9.9905688e-01
        33    9.9725670e-01
        34    9.9203920e-01
        35    9.7706401e-01
        36    9.3530190e-01
        37    8.2803428e-01
        38    6.0766029e-01
        39    3.3392647e-01
        40    1.4673932e-01
        41    5.7809517e-02
        42    2.1789610e-02
        43    8.0776699e-03
        44    2.9767528e-03
        45    1.0948505e-03
        46    4.0250036e-04
        47    1.4798461e-04
        48    5.4424676e-05
        49    2.0023403e-05
        50    7.3697856e-06
        51    2.7136209e-06
        52    9.9957822e-07
        53    3.6833993e-07
        54    1.3577831e-07
        55    5.0065680e-08
        56    1.8464970e-08
        57    6.8111161e-09
        58    2.5124756e-09
        59    9.2670549e-10
        60    3.4171996e-10
        61    1.2595315e-10
        62    4.6394805e-11
        63    1.7074717e-11
        64    6.2770431e-12
        65    2.3044151e-12
        66    8.4460054e-13
        67    3.0896092e-13
        68    1.1276945e-13
        69    4.1057086e-14
        70    1.4906186e-14
        71    5.3951217e-15
        72    1.9461145e-15
        73    6.9943486e-16
        74    2.5039178e-16
        75    8.9263171e-17
        76    3.1680577e-17
        77    1.1191139e-17
        78    3.9337893e-18
        79    1.3756293e-18
        80    4.7846014e-19
        81    1.6548054e-19
        82    5.6899719e-20
        83    1.9446544e-20
        84    6.6047020e-21
        85    2.2287117e-21
        86    7.4706476e-22
        87    2.4870374e-22
        88    8.2213853e-23
        89    2.6981615e-23
        90    8.7897391e-24
        91    2.8418241e-24
        92    9.1172353e-25
        93    2.9020805e-25
        94    9.1637935e-26
        95    2.8701462e-26
        96    8.9154440e-27
        97    2.7462729e-27
        98    8.3880634e-28
        99    2.5401345e-28
       100    7.6259212e-29
       101    2.2695306e-29
       102    6.6951313e-30
       103    1.9576566e-30
       104    5.6734412e-31
       105    1.6295618e-31
       106    4.6386773e-32
       107    1.3085922e-32
       108    3.6584040e-33
       109    1.0135598e-33
       110    2.7827409e-34
       111    7.5711094e-35
       112    2.0413128e-35
       113    5.4541166e-36
       114    1.4441340e-36
       115    3.7893442e-37
       116    9.8537257e-38
       117    2.5393622e-38
       118    6.4855358e-39
       119    1.6416282e-39
       120    4.1183181e-40
       121    1.0239848e-40
       122    2.5238787e-41
       123    6.1685158e-42
       124    1.4951855e-42
       125    3.6153500e-43
       126    8.8281803e-44
       127    1.4012985e-44
       128    0.0000000e+00
       129    0.0000000e+00
       130    0.0000000e+00
       131    0.0000000e+00
       132    0.0000000e+00
       133    0.0000000e+00
       134    0.0000000e+00
       135    0.0000000e+00
       136    0.0000000e+00
       137    0.0000000e+00
       138    0.0000000e+00
       139    0.0000000e+00
       140    0.0000000e+00
       141    0.0000000e+00
       142    0.0000000e+00
       143    0.0000000e+00
       144    0.0000000e+00
       145    0.0000000e+00
       146    0.0000000e+00
       147    0.0000000e+00
       148    0.0000000e+00
       149    0.0000000e+00
       150    0.0000000e+00
       151    0.0000000e+00
       152    0.0000000e+00
       153    0.0000000e+00
       154    0.0000000e+00
       155    0.0000000e+00
       156    0.0000000e+00
       157    0.0000000e+00
       158    0.0000000e+00
       159    0.0000000e+00
       160    0.0000000e+00
       161    0.0000000e+00
       162    0.0000000e+00
       163    0.0000000e+00
       164    0.0000000e+00
       165    0.0000000e+00
       166    0.0000000e+00
       167    0.0000000e+00
       168    0.0000000e+00
       169    0.0000000e+00
       170    0.0000000e+00
       171    0.0000000e+00
       172    0.0000000e+00
       173    0.0000000e+00
       174    0.0000000e+00
       175    0.0000000e+00
       176    0.0000000e+00
       177    0.0000000e+00
       178    0.0000000e+00
       179    0.0000000e+00
       180    0.0000000e+00
       181    0.0000000e+00
       182    0.0000000e+00
       183    0.0000000e+00
       184    0.0000000e+00
       185    0.0000000e+00
       186    0.0000000e+00
       187    0.0000000e+00
       188    0.0000000e+00
       189    0.0000000e+00
       190    0.0000000e+00
       191    0.0000000e+00
       192    0.0000000e+00
       193    0.0000000e+00
       194    0.0000000e+00
       195    0.0000000e+00
       196    0.0000000e+00
       197    0.0000000e+00
       198    0.0000000e+00
       199    0.0000000e+00
       200    0.0000000e+00
       201    0.0000000e+00
       202    0.0000000e+00
       203    0.0000000e+00
       204    0.0000000e+00
       205    0.0000000e+00
       206    0.0000000e+00
       207    0.0000000e+00
       208    0.0000000e+00
       209    0.0000000e+00
       210    0.0000000e+00
       211    0.0000000e+00
       212    0.0000000e+00
       213    0.0000000e+00
       214    0.0000000e+00
       215    0.0000000e+00
       216    0.0000000e+00
       217    0.0000000e+00
       218    0.0000000e+00
       219    0.0000000e+00
       220    0.0000000e+00
       221    0.0000000e+00
       222    0.0000000e+00
       223    0.0000000e+00
       224    0.0000000e+00
       225    0.0000000e+00
       226    0.0000000e+00
       227    0.0000000e+00
       228    0.0000000e+00
       229    0.0000000e+00
       230    0.0000000e+00
       231    0.0000000e+00
       232    0.0000000e+00
       233    0.0000000e+00
       234    0.0000000e+00
       235    0.0000000e+00
       236    0.0000000e+00
       237    0.0000000e+00
       238    0.0000000e+00
       239    0.0000000e+00
       240    0.0000000e+00
       241    0.0000000e+00
       242    0.0000000e+00
       243    0.0000000e+00
       244    0.0000000e+00
       245    0.0000000e+00
       246    0.0000000e+00
       247    0.0000000e+00
       248    0.0000000e+00
       249    0.0000000e+00
       250    0.0000000e+00
       251    0.0000000e+00
       252    0.0000000e+00
       253    0.0000000e+00
       254    0.0000000e+00
       255    0.0000000e+00
       256    0.0000000e+00
