         1    9.9999905e-01
         2    9.9999905e-01
         3    9.9999905e-01
         4    9.9999905e-01
         5    9.9999905e-01
         6    9.9999905e-01
         7    9.9999905e-01
         8    9.9999905e-01
         9    9.9999905e-01
        10    9.9999905e-01
        11    9.9999905e-01
        12    9.9999905e-01
        13    9.9999905e-01
        14    9.9999905e-01
        15    9.9999905e-01
        16    9.9999905e-01
        17    9.9999905e-01
        18    9.9999905e-01
        19    9.9999899e-01
        20    9.9999875e-01
        21    9.9999774e-01
        22    9.9999368e-01
        23    9.9998182e-01
        24    9.9994749e-01
        25    9.9984741e-01
        26    9.9955654e-01
        27    9.9871063e-01
        28    9.9625444e-01
        29    9.8915243e-01
        30    9.6888816e-01
        31    9.1328597e-01
        32    7.7676088e-01
        33    5.2648103e-01
        34    2.6781827e-01
        35    1.1294489e-01
        36    4.3749645e-02
        37    1.6390005e-02
        38    6.0651642e-03
        39    2.2349206e-03
        40    8.2250946e-04
        41    3.0266287e-04
        42    1.1140126e-04
        43    4.1019484e-05
        44    1.5110123e-05
        45    5.5681212e-06
        46    2.0524935e-06
        47    7.5673404e-07
        48    2.7901979e-07
        49    1.0286906e-07
        50    3.7914518e-08
        51    1.3966769e-08
        52    5.1409210e-09
        53    1.8902235e-09
        54    6.9402512e-10
        55    2.5437888e-10
        56    9.3042123e-11
        57    3.3948188e-11
        58    1.2351987e-11
        59    4.4800847e-12
        60    1.6192497e-12
        61    5.8300489e-13
        62    2.0903465e-13
        63    7.4612876e-14
        64    2.6504759e-14
        65    9.3673729e-15
        66    3.2928147e-15
        67    1.1509220e-15
        68    3.9987899e-16
        69    1.3806718e-16
        70    4.7359455e-17
        71    1.6134393e-17
        72    5.4576215e-18
        73    1.8324607e-18
        74    6.1055209e-19
        75    2.0181134e-19
        76    6.6158183e-20
        77    2.1504054e-20
        78    6.9285706e-21
        79    2.2123111e-21
        80    6.9988391e-22
        81    2.1932466e-22
        82    6.8067772e-23
        83    2.0917319e-23
        84    6.3636455e-24
        85    1.9163439e-24
        86    5.7114703e-25
        87    1.6845168e-25
        88    4.9159679e-26
        89    1.4194125e-26
        90    4.0545213e-27
        91    1.1457076e-27
        92    3.2024938e-28
        93    8.8545267e-29
        94    2.4215412e-29
        95    6.5502706e-30
        96    1.7525191e-30
        97    4.6376868e-31
        98    1.2138853e-31
        99    3.1426551e-32
       100    8.0476048e-33
       101    2.0384409e-33
       102    5.1074458e-34
       103    1.2658973e-34
       104    3.1038351e-35
       105    7.5287421e-36
       106    1.8067136e-36
       107    4.2896315e-37
       108    1.0077114e-37
       109    2.3423980e-38
       110    5.3878651e-39
       111    1.2263912e-39
       112    2.7626039e-40
       113    6.1589870e-41
       114    1.3588391e-41
       115    2.9693514e-42
       116    6.4319600e-43
       117    1.3592595e-43
       118    3.2229865e-44
       119    0.0000000e+00
       120    0.0000000e+00
       121    0.0000000e+00
       122    0.0000000e+00
       123    0.0000000e+00
       124    0.0000000e+00
       125    0.0000000e+00
       126    0.0000000e+00
       127    0.0000000e+00
       128    0.0000000e+00
       129    0.0000000e+00
       130    0.0000000e+00
       131    0.0000000e+00
       132    0.0000000e+00
       133    0.0000000e+00
       134    0.0000000e+00
       135    0.0000000e+00
       136    0.0000000e+00
       137    0.0000000e+00
       138    0.0000000e+00
       139    0.0000000e+00
       140    0.0000000e+00
       141    0.0000000e+00
       142    0.0000000e+00
       143    0.0000000e+00
       144    0.0000000e+00
       145    0.0000000e+00
       146    0.0000000e+00
       147    0.0000000e+00
       148    0.0000000e+00
       149    0.0000000e+00
       150    0.0000000e+00
       151    0.0000000e+00
       152    0.0000000e+00
       153    0.0000000e+00
       154    0.0000000e+00
       155    0.0000000e+00
       156    0.0000000e+00
       157    0.0000000e+00
       158    0.0000000e+00
       159    0.0000000e+00
       160    0.0000000e+00
       161    0.0000000e+00
       162    0.0000000e+00
       163    0.0000000e+00
       164    0.0000000e+00
       165    0.0000000e+00
       166    0.0000000e+00
       167    0.0000000e+00
       168    0.0000000e+00
       169    0.0000000e+00
       170    0.0000000e+00
       171    0.0000000e+00
       172    0.0000000e+00
       173    0.0000000e+00
       174    0.0000000e+00
       175    0.0000000e+00
       176    0.0000000e+00
       177    0.0000000e+00
       178    0.0000000e+00
       179    0.0000000e+00
       180    0.0000000e+00
       181    0.0000000e+00
       182    0.0000000e+00
       183    0.0000000e+00
       184    0.0000000e+00
       185    0.0000000e+00
       186    0.0000000e+00
       187    0.0000000e+00
       188    0.0000000e+00
       189    0.0000000e+00
       190    0.0000000e+00
       191    0.0000000e+00
       192    0.0000000e+00
       193    0.0000000e+00
       194    0.0000000e+00
       195    0.0000000e+00
       196    0.0000000e+00
       197    0.0000000e+00
       198    0.0000000e+00
       199    0.0000000e+00
       200    0.0000000e+00
       201    0.0000000e+00
       202    0.0000000e+00
       203    0.0000000e+00
       204    0.0000000e+00
       205    0.0000000e+00
       206    0.0000000e+00
       207    0.0000000e+00
       208    0.0000000e+00
       209    0.0000000e+00
       210    0.0000000e+00
       211    0.0000000e+00
       212    0.0000000e+00
       213    0.0000000e+00
       214    0.0000000e+00
       215    0.0000000e+00
       216    0.0000000e+00
       217    0.0000000e+00
       218    0.0000000e+00
       219    0.0000000e+00
       220    0.0000000e+00
       221    0.0000000e+00
       222    0.0000000e+00
       223    0.0000000e+00
       224    0.0000000e+00
       225    0.0000000e+00
       226    0.0000000e+00
       227    0.0000000e+00
       228    0.0000000e+00
       229    0.0000000e+00
       230    0.0000000e+00
       231    0.0000000e+00
       232    0.0000000e+00
       233    0.0000000e+00
       234    0.0000000e+00
       235    0.0000000e+00
       236    0.0000000e+00
       237    0.0000000e+00
       238    0.0000000e+00
       239    0.0000000e+00
       240    0.0000000e+00
       241    0.0000000e+00
       242    0.0000000e+00
       243    0.0000000e+00
       244    0.0000000e+00
       245    0.0000000e+00
       246    0.0000000e+00
       247    0.0000000e+00
       248    0.0000000e+00
       249    0.0000000e+00
       250    0.0000000e+00
       251    0.0000000e+00
       252    0.0000000e+00
       253    0.0000000e+00
       254    0.0000000e+00
       255    0.0000000e+00
       256    0.0000000e+00
