         1    9.9999905e-01
         2    9.9999905e-01
         3    9.9999905e-01
         4    9.9999905e-01
         5    9.9999905e-01
         6    9.9999905e-01
         7    9.9999905e-01
         8    9.9999905e-01
         9    9.9999905e-01
        10    9.9999905e-01
        11    9.9999905e-01
        12    9.9999905e-01
        13    9.9999905e-01
        14    9.9999905e-01
        15    9.9999905e-01
        16    9.9999905e-01
        17    9.9999905e-01
        18    9.9999905e-01
        19    9.9999905e-01
        20    9.9999905e-01
        21    9.9999905e-01
        22    9.9999905e-01
        23    9.9999905e-01
        24    9.9999905e-01
        25    9.9999905e-01
        26    9.9999905e-01
        27    9.9999899e-01
        28    9.9999875e-01
        29    9.9999768e-01
        30    9.9999338e-01
        31    9.9998087e-01
        32    9.9994451e-01
        33    9.9983859e-01
        34    9.9953020e-01
        35    9.9863249e-01
        36    9.9602354e-01
        37    9.8847711e-01
        38    9.6695840e-01
        39    9.0810281e-01
        40    7.6505274e-01
        41    5.0961363e-01
        42    2.5535962e-01
        43    1.0684571e-01
        44    4.1238066e-02
        45    1.5420536e-02
        46    5.6992061e-03
        47    2.0976665e-03
        48    7.7106827e-04
        49    2.8336010e-04
        50    1.0414633e-04
        51    3.8288956e-05
        52    1.4081643e-05
        53    5.1807692e-06
        54    1.9067809e-06
        55    7.0205971e-07
        56    2.5858998e-07
        57    9.5281429e-08
        58    3.5119978e-08
        59    1.2948969e-08
        60    4.7756301e-09
        61    1.7616274e-09
        62    6.4990630e-10
        63    2.3977176e-10
        64    8.8451330e-11
        65    3.2621902e-11
        66    1.2026604e-11
        67    4.4312583e-12
        68    1.6314525e-12
        69    6.0005440e-13
        70    2.2043185e-13
        71    8.0857243e-14
        72    2.9608304e-14
        73    1.0820420e-14
        74    3.9454358e-15
        75    1.4349940e-15
        76    5.2046728e-16
        77    1.8819614e-16
        78    6.7824913e-17
        79    2.4356742e-17
        80    8.7135214e-18
        81    3.1046196e-18
        82    1.1014440e-18
        83    3.8900779e-19
        84    1.3674174e-19
        85    4.7829858e-20
        86    1.6644213e-20
        87    5.7611235e-21
        88    1.9831106e-21
        89    6.7873668e-22
        90    2.3093579e-22
        91    7.8098031e-23
        92    2.6246638e-23
        93    8.7643646e-24
        94    2.9074425e-24
        95    9.5803075e-25
        96    3.1351753e-25
        97    1.0188199e-25
        98    3.2872170e-26
        99    1.0529317e-26
       100    3.3478147e-27
       101    1.0564864e-27
       102    3.3087385e-28
       103    1.0282895e-28
       104    3.1709134e-29
       105    9.7013936e-30
       106    2.9446425e-30
       107    8.8664718e-31
       108    2.6482736e-31
       109    7.8459505e-32
       110    2.3055726e-32
       111    6.7196282e-33
       112    1.9423593e-33
       113    5.5682593e-34
       114    1.5830859e-34
       115    4.4635122e-35
       116    1.2480445e-35
       117    3.4606722e-36
       118    9.5162425e-37
       119    2.5950429e-37
       120    7.0177593e-38
       121    1.8820430e-38
       122    5.0054297e-39
       123    1.3201969e-39
       124    3.4532759e-40
       125    8.9583610e-41
       126    2.3048557e-41
       127    5.8840523e-42
       128    1.4923829e-42
       129    3.7694929e-43
       130    9.6689594e-44
       131    1.8216880e-44
       132    0.0000000e+00
       133    0.0000000e+00
       134    0.0000000e+00
       135    0.0000000e+00
       136    0.0000000e+00
       137    0.0000000e+00
       138    0.0000000e+00
       139    0.0000000e+00
       140    0.0000000e+00
       141    0.0000000e+00
       142    0.0000000e+00
       143    0.0000000e+00
       144    0.0000000e+00
       145    0.0000000e+00
       146    0.0000000e+00
       147    0.0000000e+00
       148    0.0000000e+00
       149    0.0000000e+00
       150    0.0000000e+00
       151    0.0000000e+00
       152    0.0000000e+00
       153    0.0000000e+00
       154    0.0000000e+00
       155    0.0000000e+00
       156    0.0000000e+00
       157    0.0000000e+00
       158    0.0000000e+00
       159    0.0000000e+00
       160    0.0000000e+00
       161    0.0000000e+00
       162    0.0000000e+00
       163    0.0000000e+00
       164    0.0000000e+00
       165    0.0000000e+00
       166    0.0000000e+00
       167    0.0000000e+00
       168    0.0000000e+00
       169    0.0000000e+00
       170    0.0000000e+00
       171    0.0000000e+00
       172    0.0000000e+00
       173    0.0000000e+00
       174    0.0000000e+00
       175    0.0000000e+00
       176    0.0000000e+00
       177    0.0000000e+00
       178    0.0000000e+00
       179    0.0000000e+00
       180    0.0000000e+00
       181    0.0000000e+00
       182    0.0000000e+00
       183    0.0000000e+00
       184    0.0000000e+00
       185    0.0000000e+00
       186    0.0000000e+00
       187    0.0000000e+00
       188    0.0000000e+00
       189    0.0000000e+00
       190    0.0000000e+00
       191    0.0000000e+00
       192    0.0000000e+00
       193    0.0000000e+00
       194    0.0000000e+00
       195    0.0000000e+00
       196    0.0000000e+00
       197    0.0000000e+00
       198    0.0000000e+00
       199    0.0000000e+00
       200    0.0000000e+00
       201    0.0000000e+00
       202    0.0000000e+00
       203    0.0000000e+00
       204    0.0000000e+00
       205    0.0000000e+00
       206    0.0000000e+00
       207    0.0000000e+00
       208    0.0000000e+00
       209    0.0000000e+00
       210    0.0000000e+00
       211    0.0000000e+00
       212    0.0000000e+00
       213    0.0000000e+00
       214    0.0000000e+00
       215    0.0000000e+00
       216    0.0000000e+00
       217    0.0000000e+00
       218    0.0000000e+00
       219    0.0000000e+00
       220    0.0000000e+00
       221    0.0000000e+00
       222    0.0000000e+00
       223    0.0000000e+00
       224    0.0000000e+00
       225    0.0000000e+00
       226    0.0000000e+00
       227    0.0000000e+00
       228    0.0000000e+00
       229    0.0000000e+00
       230    0.0000000e+00
       231    0.0000000e+00
       232    0.0000000e+00
       233    0.0000000e+00
       234    0.0000000e+00
       235    0.0000000e+00
       236    0.0000000e+00
       237    0.0000000e+00
       238    0.0000000e+00
       239    0.0000000e+00
       240    0.0000000e+00
       241    0.0000000e+00
       242    0.0000000e+00
       243    0.0000000e+00
       244    0.0000000e+00
       245    0.0000000e+00
       246    0.0000000e+00
       247    0.0000000e+00
       248    0.0000000e+00
       249    0.0000000e+00
       250    0.0000000e+00
       251    0.0000000e+00
       252    0.0000000e+00
       253    0.0000000e+00
       254    0.0000000e+00
       255    0.0000000e+00
       256    0.0000000e+00
