         1    9.9999905e-01
         2    9.9999905e-01
         3    9.9999905e-01
         4    9.9999905e-01
         5    9.9999905e-01
         6    9.9999905e-01
         7    9.9999905e-01
         8    9.9999905e-01
         9    9.9999905e-01
        10    9.9999905e-01
        11    9.9999905e-01
        12    9.9999905e-01
        13    9.9999905e-01
        14    9.9999905e-01
        15    9.9999905e-01
        16    9.9999905e-01
        17    9.9999905e-01
        18    9.9999905e-01
        19    9.9999905e-01
        20    9.9999905e-01
        21    9.9999905e-01
        22    9.9999905e-01
        23    9.9999905e-01
        24    9.9999905e-01
        25    9.9999905e-01
        26    9.9999905e-01
        27    9.9999905e-01
        28    9.9999905e-01
        29    9.9999905e-01
        30    9.9999905e-01
        31    9.9999905e-01
        32    9.9999905e-01
        33    9.9999905e-01
        34    9.9999905e-01
        35    9.9999899e-01
        36    9.9999869e-01
        37    9.9999762e-01
        38    9.9999321e-01
        39    9.9998039e-01
        40    9.9994314e-01
        41    9.9983454e-01
        42    9.9951786e-01
        43    9.9859554e-01
        44    9.9591398e-01
        45    9.8815644e-01
        46    9.6604085e-01
        47    9.0564269e-01
        48    7.5954705e-01
        49    5.0188404e-01
        50    2.4977975e-01
        51    1.0414058e-01
        52    4.0126957e-02
        53    1.4991354e-02
        54    5.5368380e-03
        55    2.0365762e-03
        56    7.4808102e-04
        57    2.7469220e-04
        58    1.0086890e-04
        59    3.7046211e-05
        60    1.3609129e-05
        61    5.0006706e-06
        62    1.8379931e-06
        63    6.7574297e-07
        64    2.4851076e-07
        65    9.1419324e-08
        66    3.3640543e-08
        67    1.2382904e-08
        68    4.5595092e-09
        69    1.6793840e-09
        70    6.1875272e-10
        71    2.2804286e-10
        72    8.4070237e-11
        73    3.1001729e-11
        74    1.1434975e-11
        75    4.2186549e-12
        76    1.5566146e-12
        77    5.7442099e-13
        78    2.1197749e-13
        79    7.8220660e-14
        80    2.8859002e-14
        81    1.0644339e-14
        82    3.9244307e-15
        83    1.4460798e-15
        84    5.3247196e-16
        85    1.9589168e-16
        86    7.1989860e-17
        87    2.6422862e-17
        88    9.6840202e-18
        89    3.5433191e-18
        90    1.2940576e-18
        91    4.7162251e-19
        92    1.7149123e-19
        93    6.2202089e-20
        94    2.2500604e-20
        95    8.1156087e-21
        96    2.9180959e-21
        97    1.0457926e-21
        98    3.7348876e-22
        99    1.3289740e-22
       100    4.7107062e-23
       101    1.6630778e-23
       102    5.8468970e-24
       103    2.0467116e-24
       104    7.1324819e-25
       105    2.4740852e-25
       106    8.5411912e-26
       107    2.9342301e-26
       108    1.0029662e-26
       109    3.4106856e-27
       110    1.1537444e-27
       111    3.8818743e-28
       112    1.2989443e-28
       113    4.3222776e-29
       114    1.4300972e-29
       115    4.7044514e-30
       116    1.5385265e-30
       117    5.0016965e-31
       118    1.6162632e-31
       119    5.1910706e-32
       120    1.6569977e-32
       121    5.2562814e-33
       122    1.6569171e-33
       123    5.1899591e-34
       124    1.6152712e-34
       125    4.9948729e-35
       126    1.5345523e-35
       127    4.6838151e-36
       128    1.4202432e-36
       129    4.2781543e-37
       130    1.2801715e-37
       131    3.8052787e-38
       132    1.1235733e-38
       133    3.2953733e-39
       134    9.6004079e-40
       135    2.7781162e-40
       136    7.9855796e-41
       137    2.2800527e-41
       138    6.4683937e-42
       139    1.8258919e-42
       140    5.1427654e-43
       141    1.4573504e-43
       142    4.3440252e-44
       143    0.0000000e+00
       144    0.0000000e+00
       145    0.0000000e+00
       146    0.0000000e+00
       147    0.0000000e+00
       148    0.0000000e+00
       149    0.0000000e+00
       150    0.0000000e+00
       151    0.0000000e+00
       152    0.0000000e+00
       153    0.0000000e+00
       154    0.0000000e+00
       155    0.0000000e+00
       156    0.0000000e+00
       157    0.0000000e+00
       158    0.0000000e+00
       159    0.0000000e+00
       160    0.0000000e+00
       161    0.0000000e+00
       162    0.0000000e+00
       163    0.0000000e+00
       164    0.0000000e+00
       165    0.0000000e+00
       166    0.0000000e+00
       167    0.0000000e+00
       168    0.0000000e+00
       169    0.0000000e+00
       170    0.0000000e+00
       171    0.0000000e+00
       172    0.0000000e+00
       173    0.0000000e+00
       174    0.0000000e+00
       175    0.0000000e+00
       176    0.0000000e+00
       177    0.0000000e+00
       178    0.0000000e+00
       179    0.0000000e+00
       180    0.0000000e+00
       181    0.0000000e+00
       182    0.0000000e+00
       183    0.0000000e+00
       184    0.0000000e+00
       185    0.0000000e+00
       186    0.0000000e+00
       187    0.0000000e+00
       188    0.0000000e+00
       189    0.0000000e+00
       190    0.0000000e+00
       191    0.0000000e+00
       192    0.0000000e+00
       193    0.0000000e+00
       194    0.0000000e+00
       195    0.0000000e+00
       196    0.0000000e+00
       197    0.0000000e+00
       198    0.0000000e+00
       199    0.0000000e+00
       200    0.0000000e+00
       201    0.0000000e+00
       202    0.0000000e+00
       203    0.0000000e+00
       204    0.0000000e+00
       205    0.0000000e+00
       206    0.0000000e+00
       207    0.0000000e+00
       208    0.0000000e+00
       209    0.0000000e+00
       210    0.0000000e+00
       211    0.0000000e+00
       212    0.0000000e+00
       213    0.0000000e+00
       214    0.0000000e+00
       215    0.0000000e+00
       216    0.0000000e+00
       217    0.0000000e+00
       218    0.0000000e+00
       219    0.0000000e+00
       220    0.0000000e+00
       221    0.0000000e+00
       222    0.0000000e+00
       223    0.0000000e+00
       224    0.0000000e+00
       225    0.0000000e+00
       226    0.0000000e+00
       227    0.0000000e+00
       228    0.0000000e+00
       229    0.0000000e+00
       230    0.0000000e+00
       231    0.0000000e+00
       232    0.0000000e+00
       233    0.0000000e+00
       234    0.0000000e+00
       235    0.0000000e+00
       236    0.0000000e+00
       237    0.0000000e+00
       238    0.0000000e+00
       239    0.0000000e+00
       240    0.0000000e+00
       241    0.0000000e+00
       242    0.0000000e+00
       243    0.0000000e+00
       244    0.0000000e+00
       245    0.0000000e+00
       246    0.0000000e+00
       247    0.0000000e+00
       248    0.0000000e+00
       249    0.0000000e+00
       250    0.0000000e+00
       251    0.0000000e+00
       252    0.0000000e+00
       253    0.0000000e+00
       254    0.0000000e+00
       255    0.0000000e+00
       256    0.0000000e+00
