         1    9.9999571e-01
         2    9.9999303e-01
         3    9.9998420e-01
         4    9.9995935e-01
         5    9.9989009e-01
         6    9.9969518e-01
         7    9.9914336e-01
         8    9.9756855e-01
         9    9.9306196e-01
        10    9.8021472e-01
        11    9.4435865e-01
        12    8.5083890e-01
        13    6.4923519e-01
        14    3.7317860e-01
        15    1.6793929e-01
        16    6.6421345e-02
        17    2.4776090e-02
        18    8.9757163e-03
        19    3.1917775e-03
        20    1.1186332e-03
        21    3.8730088e-04
        22    1.3275238e-04
        23    4.5145454e-05
        24    1.5263538e-05
        25    5.1393290e-06
        26    1.7252905e-06
        27    5.7756182e-07
        28    1.9245854e-07
        29    6.3495399e-08
        30    2.0534710e-08
        31    6.4230798e-09
        32    1.9160600e-09
        33    5.3867166e-10
        34    1.4153120e-10
        35    3.4584637e-11
        36    7.8438679e-12
        37    1.6510738e-12
        38    3.2293528e-13
        39    5.8806475e-14
        40    9.9934277e-15
        41    1.5888247e-15
        42    2.3692737e-16
        43    3.3221188e-17
        44    4.3905188e-18
        45    5.4815641e-19
        46    6.4790427e-20
        47    7.2645207e-21
        48    7.7411999e-22
        49    7.8537389e-23
        50    7.5984061e-24
        51    7.0211845e-25
        52    6.2052637e-26
        53    5.2523264e-27
        54    4.2631186e-28
        55    3.3219689e-29
        56    2.4878986e-30
        57    1.7926117e-31
        58    1.2438754e-32
        59    8.3195622e-34
        60    5.3682170e-35
        61    3.3443941e-36
        62    2.0132370e-37
        63    1.1718620e-38
        64    6.6002139e-40
        65    3.5990950e-41
        66    1.9001607e-42
        67    9.6689594e-44
        68    2.8025969e-45
        69    0.0000000e+00
        70    0.0000000e+00
        71    0.0000000e+00
        72    0.0000000e+00
        73    0.0000000e+00
        74    0.0000000e+00
        75    0.0000000e+00
        76    0.0000000e+00
        77    0.0000000e+00
        78    0.0000000e+00
        79    0.0000000e+00
        80    0.0000000e+00
        81    0.0000000e+00
        82    0.0000000e+00
        83    0.0000000e+00
        84    0.0000000e+00
        85    0.0000000e+00
        86    0.0000000e+00
        87    0.0000000e+00
        88    0.0000000e+00
        89    0.0000000e+00
        90    0.0000000e+00
        91    0.0000000e+00
        92    0.0000000e+00
        93    0.0000000e+00
        94    0.0000000e+00
        95    0.0000000e+00
        96    0.0000000e+00
        97    0.0000000e+00
        98    0.0000000e+00
        99    0.0000000e+00
       100    0.0000000e+00
       101    0.0000000e+00
       102    0.0000000e+00
       103    0.0000000e+00
       104    0.0000000e+00
       105    0.0000000e+00
       106    0.0000000e+00
       107    0.0000000e+00
       108    0.0000000e+00
       109    0.0000000e+00
       110    0.0000000e+00
       111    0.0000000e+00
       112    0.0000000e+00
       113    0.0000000e+00
       114    0.0000000e+00
       115    0.0000000e+00
       116    0.0000000e+00
       117    0.0000000e+00
       118    0.0000000e+00
       119    0.0000000e+00
       120    0.0000000e+00
       121    0.0000000e+00
       122    0.0000000e+00
       123    0.0000000e+00
       124    0.0000000e+00
       125    0.0000000e+00
       126    0.0000000e+00
       127    0.0000000e+00
       128    0.0000000e+00
       129    0.0000000e+00
       130    0.0000000e+00
       131    0.0000000e+00
       132    0.0000000e+00
       133    0.0000000e+00
       134    0.0000000e+00
       135    0.0000000e+00
       136    0.0000000e+00
       137    0.0000000e+00
       138    0.0000000e+00
       139    0.0000000e+00
       140    0.0000000e+00
       141    0.0000000e+00
       142    0.0000000e+00
       143    0.0000000e+00
       144    0.0000000e+00
       145    0.0000000e+00
       146    0.0000000e+00
       147    0.0000000e+00
       148    0.0000000e+00
       149    0.0000000e+00
       150    0.0000000e+00
       151    0.0000000e+00
       152    0.0000000e+00
       153    0.0000000e+00
       154    0.0000000e+00
       155    0.0000000e+00
       156    0.0000000e+00
       157    0.0000000e+00
       158    0.0000000e+00
       159    0.0000000e+00
       160    0.0000000e+00
       161    0.0000000e+00
       162    0.0000000e+00
       163    0.0000000e+00
       164    0.0000000e+00
       165    0.0000000e+00
       166    0.0000000e+00
       167    0.0000000e+00
       168    0.0000000e+00
       169    0.0000000e+00
       170    0.0000000e+00
       171    0.0000000e+00
       172    0.0000000e+00
       173    0.0000000e+00
       174    0.0000000e+00
       175    0.0000000e+00
       176    0.0000000e+00
       177    0.0000000e+00
       178    0.0000000e+00
       179    0.0000000e+00
       180    0.0000000e+00
       181    0.0000000e+00
       182    0.0000000e+00
       183    0.0000000e+00
       184    0.0000000e+00
       185    0.0000000e+00
       186    0.0000000e+00
       187    0.0000000e+00
       188    0.0000000e+00
       189    0.0000000e+00
       190    0.0000000e+00
       191    0.0000000e+00
       192    0.0000000e+00
       193    0.0000000e+00
       194    0.0000000e+00
       195    0.0000000e+00
       196    0.0000000e+00
       197    0.0000000e+00
       198    0.0000000e+00
       199    0.0000000e+00
       200    0.0000000e+00
       201    0.0000000e+00
       202    0.0000000e+00
       203    0.0000000e+00
       204    0.0000000e+00
       205    0.0000000e+00
       206    0.0000000e+00
       207    0.0000000e+00
       208    0.0000000e+00
       209    0.0000000e+00
       210    0.0000000e+00
       211    0.0000000e+00
       212    0.0000000e+00
       213    0.0000000e+00
       214    0.0000000e+00
       215    0.0000000e+00
       216    0.0000000e+00
       217    0.0000000e+00
       218    0.0000000e+00
       219    0.0000000e+00
       220    0.0000000e+00
       221    0.0000000e+00
       222    0.0000000e+00
       223    0.0000000e+00
       224    0.0000000e+00
       225    0.0000000e+00
       226    0.0000000e+00
       227    0.0000000e+00
       228    0.0000000e+00
       229    0.0000000e+00
       230    0.0000000e+00
       231    0.0000000e+00
       232    0.0000000e+00
       233    0.0000000e+00
       234    0.0000000e+00
       235    0.0000000e+00
       236    0.0000000e+00
       237    0.0000000e+00
       238    0.0000000e+00
       239    0.0000000e+00
       240    0.0000000e+00
       241    0.0000000e+00
       242    0.0000000e+00
       243    0.0000000e+00
       244    0.0000000e+00
       245    0.0000000e+00
       246    0.0000000e+00
       247    0.0000000e+00
       248    0.0000000e+00
       249    0.0000000e+00
       250    0.0000000e+00
       251    0.0000000e+00
       252    0.0000000e+00
       253    0.0000000e+00
       254    0.0000000e+00
       255    0.0000000e+00
       256    0.0000000e+00
