         1    9.9999905e-01
         2    9.9999905e-01
         3    9.9999905e-01
         4    9.9999905e-01
         5    9.9999905e-01
         6    9.9999905e-01
         7    9.9999905e-01
         8    9.9999905e-01
         9    9.9999905e-01
        10    9.9999905e-01
        11    9.9999899e-01
        12    9.9999875e-01
        13    9.9999779e-01
        14    9.9999404e-01
        15    9.9998331e-01
        16    9.9995220e-01
        17    9.9986184e-01
        18    9.9959958e-01
        19    9.9883908e-01
        20    9.9663484e-01
        21    9.9026829e-01
        22    9.7209030e-01
        23    9.2195868e-01
        24    7.9677749e-01
        25    5.5688202e-01
        26    2.9142779e-01
        27    1.2478542e-01
        28    4.8673056e-02
        29    1.8296905e-02
        30    6.7851208e-03
        31    2.5042954e-03
        32    9.2291116e-04
        33    3.3996883e-04
        34    1.2520306e-04
        35    4.6091958e-05
        36    1.6956365e-05
        37    6.2310041e-06
        38    2.2860929e-06
        39    8.3698205e-07
        40    3.0562734e-07
        41    1.1124733e-07
        42    4.0344286e-08
        43    1.4569876e-08
        44    5.2373608e-09
        45    1.8731363e-09
        46    6.6628264e-10
        47    2.3562532e-10
        48    8.2814561e-11
        49    2.8917330e-11
        50    1.0027975e-11
        51    3.4521895e-12
        52    1.1792532e-12
        53    3.9951622e-13
        54    1.3416536e-13
        55    4.4634499e-14
        56    1.4701351e-14
        57    4.7909755e-15
        58    1.5438051e-15
        59    4.9157404e-16
        60    1.5457859e-16
        61    4.7976072e-17
        62    1.4688728e-17
        63    4.4342324e-18
        64    1.3192917e-18
        65    3.8671242e-19
        66    1.1164010e-19
        67    3.1733598e-20
        68    8.8795125e-21
        69    2.4454155e-21
        70    6.6275231e-22
        71    1.7674312e-22
        72    4.6376552e-23
        73    1.1973042e-23
        74    3.0412860e-24
        75    7.6008720e-25
        76    1.8691251e-25
        77    4.5227762e-26
        78    1.0769439e-26
        79    2.5236966e-27
        80    5.8207246e-28
        81    1.3214671e-28
        82    2.9533994e-29
        83    6.4986639e-30
        84    1.4080371e-30
        85    3.0043186e-31
        86    6.3135684e-32
        87    1.3069449e-32
        88    2.6653256e-33
        89    5.3556441e-34
        90    1.0604733e-34
        91    2.0695346e-35
        92    3.9809723e-36
        93    7.5493119e-37
        94    1.4115147e-37
        95    2.6024427e-38
        96    4.7320798e-39
        97    8.4870062e-40
        98    1.5015614e-40
        99    2.6208485e-41
       100    4.5121811e-42
       101    7.6510896e-43
       102    1.2611686e-43
       103    2.1019477e-44
       104    0.0000000e+00
       105    0.0000000e+00
       106    0.0000000e+00
       107    0.0000000e+00
       108    0.0000000e+00
       109    0.0000000e+00
       110    0.0000000e+00
       111    0.0000000e+00
       112    0.0000000e+00
       113    0.0000000e+00
       114    0.0000000e+00
       115    0.0000000e+00
       116    0.0000000e+00
       117    0.0000000e+00
       118    0.0000000e+00
       119    0.0000000e+00
       120    0.0000000e+00
       121    0.0000000e+00
       122    0.0000000e+00
       123    0.0000000e+00
       124    0.0000000e+00
       125    0.0000000e+00
       126    0.0000000e+00
       127    0.0000000e+00
       128    0.0000000e+00
       129    0.0000000e+00
       130    0.0000000e+00
       131    0.0000000e+00
       132    0.0000000e+00
       133    0.0000000e+00
       134    0.0000000e+00
       135    0.0000000e+00
       136    0.0000000e+00
       137    0.0000000e+00
       138    0.0000000e+00
       139    0.0000000e+00
       140    0.0000000e+00
       141    0.0000000e+00
       142    0.0000000e+00
       143    0.0000000e+00
       144    0.0000000e+00
       145    0.0000000e+00
       146    0.0000000e+00
       147    0.0000000e+00
       148    0.0000000e+00
       149    0.0000000e+00
       150    0.0000000e+00
       151    0.0000000e+00
       152    0.0000000e+00
       153    0.0000000e+00
       154    0.0000000e+00
       155    0.0000000e+00
       156    0.0000000e+00
       157    0.0000000e+00
       158    0.0000000e+00
       159    0.0000000e+00
       160    0.0000000e+00
       161    0.0000000e+00
       162    0.0000000e+00
       163    0.0000000e+00
       164    0.0000000e+00
       165    0.0000000e+00
       166    0.0000000e+00
       167    0.0000000e+00
       168    0.0000000e+00
       169    0.0000000e+00
       170    0.0000000e+00
       171    0.0000000e+00
       172    0.0000000e+00
       173    0.0000000e+00
       174    0.0000000e+00
       175    0.0000000e+00
       176    0.0000000e+00
       177    0.0000000e+00
       178    0.0000000e+00
       179    0.0000000e+00
       180    0.0000000e+00
       181    0.0000000e+00
       182    0.0000000e+00
       183    0.0000000e+00
       184    0.0000000e+00
       185    0.0000000e+00
       186    0.0000000e+00
       187    0.0000000e+00
       188    0.0000000e+00
       189    0.0000000e+00
       190    0.0000000e+00
       191    0.0000000e+00
       192    0.0000000e+00
       193    0.0000000e+00
       194    0.0000000e+00
       195    0.0000000e+00
       196    0.0000000e+00
       197    0.0000000e+00
       198    0.0000000e+00
       199    0.0000000e+00
       200    0.0000000e+00
       201    0.0000000e+00
       202    0.0000000e+00
       203    0.0000000e+00
       204    0.0000000e+00
       205    0.0000000e+00
       206    0.0000000e+00
       207    0.0000000e+00
       208    0.0000000e+00
       209    0.0000000e+00
       210    0.0000000e+00
       211    0.0000000e+00
       212    0.0000000e+00
       213    0.0000000e+00
       214    0.0000000e+00
       215    0.0000000e+00
       216    0.0000000e+00
       217    0.0000000e+00
       218    0.0000000e+00
       219    0.0000000e+00
       220    0.0000000e+00
       221    0.0000000e+00
       222    0.0000000e+00
       223    0.0000000e+00
       224    0.0000000e+00
       225    0.0000000e+00
       226    0.0000000e+00
       227    0.0000000e+00
       228    0.0000000e+00
       229    0.0000000e+00
       230    0.0000000e+00
       231    0.0000000e+00
       232    0.0000000e+00
       233    0.0000000e+00
       234    0.0000000e+00
       235    0.0000000e+00
       236    0.0000000e+00
       237    0.0000000e+00
       238    0.0000000e+00
       239    0.0000000e+00
       240    0.0000000e+00
       241    0.0000000e+00
       242    0.0000000e+00
       243    0.0000000e+00
       244    0.0000000e+00
       245    0.0000000e+00
       246    0.0000000e+00
       247    0.0000000e+00
       248    0.0000000e+00
       249    0.0000000e+00
       250    0.0000000e+00
       251    0.0000000e+00
       252    0.0000000e+00
       253    0.0000000e+00
       254    0.0000000e+00
       255    0.0000000e+00
       256    0.0000000e+00
