         1    9.9999899e-01
         2    9.9999887e-01
         3    9.9999851e-01
         4    9.9999714e-01
         5    9.9999237e-01
         6    9.9997944e-01
         7    9.9994260e-01
         8    9.9983746e-01
         9    9.9953651e-01
        10    9.9867129e-01
        11    9.9618077e-01
        12    9.8902804e-01
        13    9.6872520e-01
        14    9.1323555e-01
        15    7.7732956e-01
        16    5.2813166e-01
        17    2.6943186e-01
        18    1.1380970e-01
        19    4.4070806e-02
        20    1.6459703e-02
        21    6.0480721e-03
        22    2.2009115e-03
        23    7.9446123e-04
        24    2.8445365e-04
        25    1.0098806e-04
        26    3.5545334e-05
        27    1.2405922e-05
        28    4.2955635e-06
        29    1.4765180e-06
        30    5.0413064e-07
        31    1.7101837e-07
        32    5.7618195e-08
        33    1.9253383e-08
        34    6.3654793e-09
        35    2.0751232e-09
        36    6.6427897e-10
        37    2.0788832e-10
        38    6.3331465e-11
        39    1.8709215e-11
        40    5.3426694e-12
        41    1.4711554e-12
        42    3.8992963e-13
        43    9.9365421e-14
        44    2.4328741e-14
        45    5.7217516e-15
        46    1.2926743e-15
        47    2.8062569e-16
        48    5.8566075e-17
        49    1.1757099e-17
        50    2.2718569e-18
        51    4.2286649e-19
        52    7.5874499e-20
        53    1.3133912e-20
        54    2.1950019e-21
        55    3.5444831e-22
        56    5.5344891e-23
        57    8.3624084e-24
        58    1.2235693e-24
        59    1.7348989e-25
        60    2.3854129e-26
        61    3.1826008e-27
        62    4.1229249e-28
        63    5.1891823e-29
        64    6.3491922e-30
        65    7.5563180e-31
        66    8.7520809e-32
        67    9.8707421e-33
        68    1.0845392e-33
        69    1.1614721e-34
        70    1.2129525e-35
        71    1.2357934e-36
        72    1.2288635e-37
        73    1.1931597e-38
        74    1.1316312e-39
        75    1.0487878e-40
        76    9.5008036e-42
        77    8.4077908e-43
        78    7.0064923e-44
        79    1.4012985e-45
        80    0.0000000e+00
        81    0.0000000e+00
        82    0.0000000e+00
        83    0.0000000e+00
        84    0.0000000e+00
        85    0.0000000e+00
        86    0.0000000e+00
        87    0.0000000e+00
        88    0.0000000e+00
        89    0.0000000e+00
        90    0.0000000e+00
        91    0.0000000e+00
        92    0.0000000e+00
        93    0.0000000e+00
        94    0.0000000e+00
        95    0.0000000e+00
        96    0.0000000e+00
        97    0.0000000e+00
        98    0.0000000e+00
        99    0.0000000e+00
       100    0.0000000e+00
       101    0.0000000e+00
       102    0.0000000e+00
       103    0.0000000e+00
       104    0.0000000e+00
       105    0.0000000e+00
       106    0.0000000e+00
       107    0.0000000e+00
       108    0.0000000e+00
       109    0.0000000e+00
       110    0.0000000e+00
       111    0.0000000e+00
       112    0.0000000e+00
       113    0.0000000e+00
       114    0.0000000e+00
       115    0.0000000e+00
       116    0.0000000e+00
       117    0.0000000e+00
       118    0.0000000e+00
       119    0.0000000e+00
       120    0.0000000e+00
       121    0.0000000e+00
       122    0.0000000e+00
       123    0.0000000e+00
       124    0.0000000e+00
       125    0.0000000e+00
       126    0.0000000e+00
       127    0.0000000e+00
       128    0.0000000e+00
       129    0.0000000e+00
       130    0.0000000e+00
       131    0.0000000e+00
       132    0.0000000e+00
       133    0.0000000e+00
       134    0.0000000e+00
       135    0.0000000e+00
       136    0.0000000e+00
       137    0.0000000e+00
       138    0.0000000e+00
       139    0.0000000e+00
       140    0.0000000e+00
       141    0.0000000e+00
       142    0.0000000e+00
       143    0.0000000e+00
       144    0.0000000e+00
       145    0.0000000e+00
       146    0.0000000e+00
       147    0.0000000e+00
       148    0.0000000e+00
       149    0.0000000e+00
       150    0.0000000e+00
       151    0.0000000e+00
       152    0.0000000e+00
       153    0.0000000e+00
       154    0.0000000e+00
       155    0.0000000e+00
       156    0.0000000e+00
       157    0.0000000e+00
       158    0.0000000e+00
       159    0.0000000e+00
       160    0.0000000e+00
       161    0.0000000e+00
       162    0.0000000e+00
       163    0.0000000e+00
       164    0.0000000e+00
       165    0.0000000e+00
       166    0.0000000e+00
       167    0.0000000e+00
       168    0.0000000e+00
       169    0.0000000e+00
       170    0.0000000e+00
       171    0.0000000e+00
       172    0.0000000e+00
       173    0.0000000e+00
       174    0.0000000e+00
       175    0.0000000e+00
       176    0.0000000e+00
       177    0.0000000e+00
       178    0.0000000e+00
       179    0.0000000e+00
       180    0.0000000e+00
       181    0.0000000e+00
       182    0.0000000e+00
       183    0.0000000e+00
       184    0.0000000e+00
       185    0.0000000e+00
       186    0.0000000e+00
       187    0.0000000e+00
       188    0.0000000e+00
       189    0.0000000e+00
       190    0.0000000e+00
       191    0.0000000e+00
       192    0.0000000e+00
       193    0.0000000e+00
       194    0.0000000e+00
       195    0.0000000e+00
       196    0.0000000e+00
       197    0.0000000e+00
       198    0.0000000e+00
       199    0.0000000e+00
       200    0.0000000e+00
       201    0.0000000e+00
       202    0.0000000e+00
       203    0.0000000e+00
       204    0.0000000e+00
       205    0.0000000e+00
       206    0.0000000e+00
       207    0.0000000e+00
       208    0.0000000e+00
       209    0.0000000e+00
       210    0.0000000e+00
       211    0.0000000e+00
       212    0.0000000e+00
       213    0.0000000e+00
       214    0.0000000e+00
       215    0.0000000e+00
       216    0.0000000e+00
       217    0.0000000e+00
       218    0.0000000e+00
       219    0.0000000e+00
       220    0.0000000e+00
       221    0.0000000e+00
       222    0.0000000e+00
       223    0.0000000e+00
       224    0.0000000e+00
       225    0.0000000e+00
       226    0.0000000e+00
       227    0.0000000e+00
       228    0.0000000e+00
       229    0.0000000e+00
       230    0.0000000e+00
       231    0.0000000e+00
       232    0.0000000e+00
       233    0.0000000e+00
       234    0.0000000e+00
       235    0.0000000e+00
       236    0.0000000e+00
       237    0.0000000e+00
       238    0.0000000e+00
       239    0.0000000e+00
       240    0.0000000e+00
       241    0.0000000e+00
       242    0.0000000e+00
       243    0.0000000e+00
       244    0.0000000e+00
       245    0.0000000e+00
       246    0.0000000e+00
       247    0.0000000e+00
       248    0.0000000e+00
       249    0.0000000e+00
       250    0.0000000e+00
       251    0.0000000e+00
       252    0.0000000e+00
       253    0.0000000e+00
       254    0.0000000e+00
       255    0.0000000e+00
       256    0.0000000e+00
