         1    9.9999905e-01
         2    9.9999905e-01
         3    9.9999905e-01
         4    9.9999905e-01
         5    9.9999905e-01
         6    9.9999905e-01
         7    9.9999905e-01
         8    9.9999905e-01
         9    9.9999905e-01
        10    9.9999905e-01
        11    9.9999905e-01
        12    9.9999905e-01
        13    9.9999905e-01
        14    9.9999905e-01
        15    9.9999905e-01
        16    9.9999905e-01
        17    9.9999905e-01
        18    9.9999905e-01
        19    9.9999905e-01
        20    9.9999905e-01
        21    9.9999905e-01
        22    9.9999893e-01
        23    9.9999845e-01
        24    9.9999666e-01
        25    9.9999064e-01
        26    9.9997354e-01
        27    9.9992341e-01
        28    9.9977726e-01
        29    9.9935192e-01
        30    9.9811518e-01
        31    9.9452621e-01
        32    9.8417884e-01
        33    9.5492691e-01
        34    8.7679976e-01
        35    6.9880718e-01
        36    4.2592719e-01
        37    1.9963716e-01
        38    8.0930583e-02
        39    3.0850343e-02
        40    1.1486203e-02
        41    4.2401552e-03
        42    1.5607608e-03
        43    5.7405652e-04
        44    2.1114232e-04
        45    7.7682475e-05
        46    2.8591843e-05
        47    1.0527968e-05
        48    3.8781714e-06
        49    1.4291447e-06
        50    5.2682987e-07
        51    1.9425772e-07
        52    7.1640507e-08
        53    2.6421594e-08
        54    9.7435038e-09
        55    3.5921159e-09
        56    1.3236578e-09
        57    4.8740634e-10
        58    1.7930214e-10
        59    6.5877664e-11
        60    2.4166917e-11
        61    8.8491376e-12
        62    3.2332533e-12
        63    1.1784142e-12
        64    4.2828813e-13
        65    1.5517263e-13
        66    5.6027215e-14
        67    2.0153689e-14
        68    7.2202461e-15
        69    2.5755225e-15
        70    9.1447604e-16
        71    3.2311252e-16
        72    1.1357787e-16
        73    3.9708008e-17
        74    1.3803705e-17
        75    4.7701992e-18
        76    1.6382955e-18
        77    5.5905684e-19
        78    1.8950559e-19
        79    6.3794999e-20
        80    2.1322954e-20
        81    7.0746423e-21
        82    2.3294884e-21
        83    7.6106438e-22
        84    2.4665855e-22
        85    7.9286302e-23
        86    2.5272306e-23
        87    7.9865367e-24
        88    2.5018789e-24
        89    7.7678443e-25
        90    2.3900052e-25
        91    7.2862515e-26
        92    2.2007199e-26
        93    6.5846721e-27
        94    1.9515105e-27
        95    5.7284697e-28
        96    1.6653513e-28
        97    4.7945226e-29
        98    1.3668933e-29
        99    3.8588248e-30
       100    1.0786778e-30
       101    2.9856134e-31
       102    8.1822477e-32
       103    2.2202609e-32
       104    5.9652129e-33
       105    1.5868608e-33
       106    4.1797076e-34
       107    1.0900648e-34
       108    2.8149149e-35
       109    7.1976996e-36
       110    1.8224202e-36
       111    4.5692146e-37
       112    1.1344524e-37
       113    2.7893160e-38
       114    6.7918961e-39
       115    1.6378867e-39
       116    3.9119208e-40
       117    9.2540349e-41
       118    2.1680890e-41
       119    5.0334641e-42
       120    1.1602751e-42
       121    2.6764801e-43
       122    6.3058431e-44
       123    2.8025969e-45
       124    0.0000000e+00
       125    0.0000000e+00
       126    0.0000000e+00
       127    0.0000000e+00
       128    0.0000000e+00
       129    0.0000000e+00
       130    0.0000000e+00
       131    0.0000000e+00
       132    0.0000000e+00
       133    0.0000000e+00
       134    0.0000000e+00
       135    0.0000000e+00
       136    0.0000000e+00
       137    0.0000000e+00
       138    0.0000000e+00
       139    0.0000000e+00
       140    0.0000000e+00
       141    0.0000000e+00
       142    0.0000000e+00
       143    0.0000000e+00
       144    0.0000000e+00
       145    0.0000000e+00
       146    0.0000000e+00
       147    0.0000000e+00
       148    0.0000000e+00
       149    0.0000000e+00
       150    0.0000000e+00
       151    0.0000000e+00
       152    0.0000000e+00
       153    0.0000000e+00
       154    0.0000000e+00
       155    0.0000000e+00
       156    0.0000000e+00
       157    0.0000000e+00
       158    0.0000000e+00
       159    0.0000000e+00
       160    0.0000000e+00
       161    0.0000000e+00
       162    0.0000000e+00
       163    0.0000000e+00
       164    0.0000000e+00
       165    0.0000000e+00
       166    0.0000000e+00
       167    0.0000000e+00
       168    0.0000000e+00
       169    0.0000000e+00
       170    0.0000000e+00
       171    0.0000000e+00
       172    0.0000000e+00
       173    0.0000000e+00
       174    0.0000000e+00
       175    0.0000000e+00
       176    0.0000000e+00
       177    0.0000000e+00
       178    0.0000000e+00
       179    0.0000000e+00
       180    0.0000000e+00
       181    0.0000000e+00
       182    0.0000000e+00
       183    0.0000000e+00
       184    0.0000000e+00
       185    0.0000000e+00
       186    0.0000000e+00
       187    0.0000000e+00
       188    0.0000000e+00
       189    0.0000000e+00
       190    0.0000000e+00
       191    0.0000000e+00
       192    0.0000000e+00
       193    0.0000000e+00
       194    0.0000000e+00
       195    0.0000000e+00
       196    0.0000000e+00
       197    0.0000000e+00
       198    0.0000000e+00
       199    0.0000000e+00
       200    0.0000000e+00
       201    0.0000000e+00
       202    0.0000000e+00
       203    0.0000000e+00
       204    0.0000000e+00
       205    0.0000000e+00
       206    0.0000000e+00
       207    0.0000000e+00
       208    0.0000000e+00
       209    0.0000000e+00
       210    0.0000000e+00
       211    0.0000000e+00
       212    0.0000000e+00
       213    0.0000000e+00
       214    0.0000000e+00
       215    0.0000000e+00
       216    0.0000000e+00
       217    0.0000000e+00
       218    0.0000000e+00
       219    0.0000000e+00
       220    0.0000000e+00
       221    0.0000000e+00
       222    0.0000000e+00
       223    0.0000000e+00
       224    0.0000000e+00
       225    0.0000000e+00
       226    0.0000000e+00
       227    0.0000000e+00
       228    0.0000000e+00
       229    0.0000000e+00
       230    0.0000000e+00
       231    0.0000000e+00
       232    0.0000000e+00
       233    0.0000000e+00
       234    0.0000000e+00
       235    0.0000000e+00
       236    0.0000000e+00
       237    0.0000000e+00
       238    0.0000000e+00
       239    0.0000000e+00
       240    0.0000000e+00
       241    0.0000000e+00
       242    0.0000000e+00
       243    0.0000000e+00
       244    0.0000000e+00
       245    0.0000000e+00
       246    0.0000000e+00
       247    0.0000000e+00
       248    0.0000000e+00
       249    0.0000000e+00
       250    0.0000000e+00
       251    0.0000000e+00
       252    0.0000000e+00
       253    0.0000000e+00
       254    0.0000000e+00
       255    0.0000000e+00
       256    0.0000000e+00
