         1    9.9999905e-01
         2    9.9999905e-01
         3    9.9999905e-01
         4    9.9999905e-01
         5    9.9999887e-01
         6    9.9999827e-01
         7    9.9999589e-01
         8    9.9998927e-01
         9    9.9996984e-01
        10    9.9991411e-01
        11    9.9975348e-01
        12    9.9929035e-01
        13    9.9795401e-01
        14    9.9409950e-01
        15    9.8304743e-01
        16    9.5198399e-01
        17    8.6972433e-01
        18    6.8540895e-01
        19    4.1161898e-01
        20    1.9123173e-01
        21    7.7294275e-02
        22    2.9454051e-02
        23    1.0967203e-02
        24    4.0449626e-03
        25    1.4844685e-03
        26    5.4264179e-04
        27    1.9752570e-04
        28    7.1548391e-05
        29    2.5770009e-05
        30    9.2233113e-06
        31    3.2787868e-06
        32    1.1573705e-06
        33    4.0561406e-07
        34    1.4113112e-07
        35    4.8751296e-08
        36    1.6715997e-08
        37    5.6870140e-09
        38    1.9183060e-09
        39    6.4082600e-10
        40    2.1168645e-10
        41    6.9021282e-11
        42    2.2168097e-11
        43    6.9986586e-12
        44    2.1674481e-12
        45    6.5720530e-13
        46    1.9477651e-13
        47    5.6341782e-14
        48    1.5888149e-14
        49    4.3638125e-15
        50    1.1665748e-15
        51    3.0339365e-16
        52    7.6739544e-17
        53    1.8875014e-17
        54    4.5144102e-18
        55    1.0500117e-18
        56    2.3753916e-19
        57    5.2278160e-20
        58    1.1196100e-20
        59    2.3340399e-21
        60    4.7379516e-22
        61    9.3684654e-23
        62    1.8051042e-23
        63    3.3904441e-24
        64    6.2100925e-25
        65    1.1096707e-25
        66    1.9351376e-26
        67    3.2947103e-27
        68    5.4786592e-28
        69    8.9011228e-29
        70    1.4134737e-29
        71    2.1946184e-30
        72    3.3328157e-31
        73    4.9521514e-32
        74    7.2019931e-33
        75    1.0254866e-33
        76    1.4300940e-34
        77    1.9538521e-35
        78    2.6160319e-36
        79    3.4335776e-37
        80    4.4190418e-38
        81    5.5783786e-39
        82    6.9088078e-40
        83    8.3967205e-41
        84    1.0015080e-41
        85    1.1672816e-42
        86    1.3172206e-43
        87    1.2611686e-44
        88    0.0000000e+00
        89    0.0000000e+00
        90    0.0000000e+00
        91    0.0000000e+00
        92    0.0000000e+00
        93    0.0000000e+00
        94    0.0000000e+00
        95    0.0000000e+00
        96    0.0000000e+00
        97    0.0000000e+00
        98    0.0000000e+00
        99    0.0000000e+00
       100    0.0000000e+00
       101    0.0000000e+00
       102    0.0000000e+00
       103    0.0000000e+00
       104    0.0000000e+00
       105    0.0000000e+00
       106    0.0000000e+00
       107    0.0000000e+00
       108    0.0000000e+00
       109    0.0000000e+00
       110    0.0000000e+00
       111    0.0000000e+00
       112    0.0000000e+00
       113    0.0000000e+00
       114    0.0000000e+00
       115    0.0000000e+00
       116    0.0000000e+00
       117    0.0000000e+00
       118    0.0000000e+00
       119    0.0000000e+00
       120    0.0000000e+00
       121    0.0000000e+00
       122    0.0000000e+00
       123    0.0000000e+00
       124    0.0000000e+00
       125    0.0000000e+00
       126    0.0000000e+00
       127    0.0000000e+00
       128    0.0000000e+00
       129    0.0000000e+00
       130    0.0000000e+00
       131    0.0000000e+00
       132    0.0000000e+00
       133    0.0000000e+00
       134    0.0000000e+00
       135    0.0000000e+00
       136    0.0000000e+00
       137    0.0000000e+00
       138    0.0000000e+00
       139    0.0000000e+00
       140    0.0000000e+00
       141    0.0000000e+00
       142    0.0000000e+00
       143    0.0000000e+00
       144    0.0000000e+00
       145    0.0000000e+00
       146    0.0000000e+00
       147    0.0000000e+00
       148    0.0000000e+00
       149    0.0000000e+00
       150    0.0000000e+00
       151    0.0000000e+00
       152    0.0000000e+00
       153    0.0000000e+00
       154    0.0000000e+00
       155    0.0000000e+00
       156    0.0000000e+00
       157    0.0000000e+00
       158    0.0000000e+00
       159    0.0000000e+00
       160    0.0000000e+00
       161    0.0000000e+00
       162    0.0000000e+00
       163    0.0000000e+00
       164    0.0000000e+00
       165    0.0000000e+00
       166    0.0000000e+00
       167    0.0000000e+00
       168    0.0000000e+00
       169    0.0000000e+00
       170    0.0000000e+00
       171    0.0000000e+00
       172    0.0000000e+00
       173    0.0000000e+00
       174    0.0000000e+00
       175    0.0000000e+00
       176    0.0000000e+00
       177    0.0000000e+00
       178    0.0000000e+00
       179    0.0000000e+00
       180    0.0000000e+00
       181    0.0000000e+00
       182    0.0000000e+00
       183    0.0000000e+00
       184    0.0000000e+00
       185    0.0000000e+00
       186    0.0000000e+00
       187    0.0000000e+00
       188    0.0000000e+00
       189    0.0000000e+00
       190    0.0000000e+00
       191    0.0000000e+00
       192    0.0000000e+00
       193    0.0000000e+00
       194    0.0000000e+00
       195    0.0000000e+00
       196    0.0000000e+00
       197    0.0000000e+00
       198    0.0000000e+00
       199    0.0000000e+00
       200    0.0000000e+00
       201    0.0000000e+00
       202    0.0000000e+00
       203    0.0000000e+00
       204    0.0000000e+00
       205    0.0000000e+00
       206    0.0000000e+00
       207    0.0000000e+00
       208    0.0000000e+00
       209    0.0000000e+00
       210    0.0000000e+00
       211    0.0000000e+00
       212    0.0000000e+00
       213    0.0000000e+00
       214    0.0000000e+00
       215    0.0000000e+00
       216    0.0000000e+00
       217    0.0000000e+00
       218    0.0000000e+00
       219    0.0000000e+00
       220    0.0000000e+00
       221    0.0000000e+00
       222    0.0000000e+00
       223    0.0000000e+00
       224    0.0000000e+00
       225    0.0000000e+00
       226    0.0000000e+00
       227    0.0000000e+00
       228    0.0000000e+00
       229    0.0000000e+00
       230    0.0000000e+00
       231    0.0000000e+00
       232    0.0000000e+00
       233    0.0000000e+00
       234    0.0000000e+00
       235    0.0000000e+00
       236    0.0000000e+00
       237    0.0000000e+00
       238    0.0000000e+00
       239    0.0000000e+00
       240    0.0000000e+00
       241    0.0000000e+00
       242    0.0000000e+00
       243    0.0000000e+00
       244    0.0000000e+00
       245    0.0000000e+00
       246    0.0000000e+00
       247    0.0000000e+00
       248    0.0000000e+00
       249    0.0000000e+00
       250    0.0000000e+00
       251    0.0000000e+00
       252    0.0000000e+00
       253    0.0000000e+00
       254    0.0000000e+00
       255    0.0000000e+00
       256    0.0000000e+00
