    20    6.2499996e-02    1.0268936e+01     10    4.3029727e+00
    40    1.2499999e-01    1.0513784e+01     10    3.9175798e+00
    60    1.8749999e-01    1.0756339e+01     10    3.8808798e+00
    80    2.4999999e-01    1.1020108e+01     11    4.2203033e+00
   100    3.1249997e-01    1.1283709e+01     11    4.2176111e+00
   120    3.7499997e-01    1.1525974e+01     11    3.8762378e+00
   140    4.3749997e-01    1.1768288e+01     11    3.8770236e+00
   160    4.9999997e-01    1.2033930e+01     12    4.2502802e+00
   180    5.6249994e-01    1.2297570e+01     12    4.2182369e+00
   200    6.2499994e-01    1.2540596e+01     12    3.8884177e+00
   220    6.8749994e-01    1.2784905e+01     12    3.9089505e+00
   240    7.4999994e-01    1.3053818e+01     13    4.3026089e+00
   260    8.1249994e-01    1.3316700e+01     13    4.2061006e+00
   280    8.7499994e-01    1.3560300e+01     13    3.8976000e+00
   300    9.3749994e-01    1.3806932e+01     13    3.9461161e+00
   320    9.9999994e-01    1.4079151e+01     14    4.3555051e+00
   340    1.0624999e+00    1.4340510e+01     14    4.1817407e+00
   360    1.1249999e+00    1.4584441e+01     14    3.9028969e+00
   380    1.1874999e+00    1.4833661e+01     14    3.9875308e+00
   400    1.2499999e+00    1.5108742e+01     15    4.4013000e+00
   420    1.3124999e+00    1.5368087e+01     15    4.1495082e+00
   440    1.3749999e+00    1.5612291e+01     15    3.9072770e+00
   460    1.4374999e+00    1.5864485e+01     15    4.0351010e+00
   480    1.4999999e+00    1.6141636e+01     16    4.4344056e+00
   500    1.5624999e+00    1.6398717e+01     16    4.1133030e+00
   520    1.6249999e+00    1.6643326e+01     16    3.9137381e+00
   540    1.6874999e+00    1.6899001e+01     16    4.0908058e+00
   560    1.7499999e+00    1.7177130e+01     17    4.4500634e+00
   580    1.8124999e+00    1.7431903e+01     17    4.0763703e+00
   600    1.8749999e+00    1.7677196e+01     17    3.9246811e+00
   620    1.9374999e+00    1.7936982e+01     17    4.1565804e+00
   640    1.9999999e+00    1.8214711e+01     18    4.4436606e+00
   660    2.0624998e+00    1.8467295e+01     18    4.0413584e+00
   680    2.1249998e+00    1.8713683e+01     18    3.9422016e+00
   700    2.1874998e+00    1.8978319e+01     18    4.2341712e+00
   720    2.2499998e+00    1.9254010e+01     19    4.4110643e+00
   740    2.3124998e+00    1.9504660e+01     19    4.0103919e+00
   760    2.3749998e+00    1.9752679e+01     19    3.9683077e+00
   780    2.4374998e+00    2.0023292e+01     20    4.3298064e+00
   800    2.4999998e+00    2.0294754e+01     20    4.3433979e+00
   820    2.5624998e+00    2.0543848e+01     20    3.9855081e+00
   840    2.6249998e+00    2.0794138e+01     20    4.0046293e+00
   860    2.6874998e+00    2.1070084e+01     21    4.4151388e+00
   880    2.7499998e+00    2.1336751e+01     21    4.2666802e+00
   900    2.8124998e+00    2.1584778e+01     21    3.9684242e+00
   920    2.8749998e+00    2.1838081e+01     21    4.0528544e+00
   940    2.9374998e+00    2.2117620e+01     22    4.4726189e+00
   960    2.9999998e+00    2.2379874e+01     22    4.1960743e+00
   980    3.0624998e+00    2.2627426e+01     22    3.9608281e+00
  1000    3.1249998e+00    2.2884582e+01     22    4.1144963e+00
  1020    3.1874998e+00    2.3165727e+01     23    4.4983176e+00
  1040    3.2499998e+00    2.3424052e+01     23    4.1332100e+00
  1060    3.3124998e+00    2.3671815e+01     23    3.9642041e+00
  1080    3.3749998e+00    2.3933761e+01     23    4.1911267e+00
  1100    3.4374998e+00    2.4214281e+01     24    4.4883350e+00
  1120    3.4999998e+00    2.4469256e+01     24    4.0796008e+00
  1140    3.5624998e+00    2.4718012e+01     24    3.9800948e+00
  1160    3.6249998e+00    2.4985775e+01     24    4.2842007e+00
  1180    3.6874998e+00    2.5263220e+01     25    4.4391204e+00
  1200    3.7499998e+00    2.5515510e+01     25    4.0366435e+00
  1220    3.8124998e+00    2.5766129e+01     25    4.0098971e+00
  1240    3.8749998e+00    2.6040943e+01     26    4.3970363e+00
  1260    3.9374998e+00    2.6312511e+01     26    4.3450859e+00
  1280    3.9999998e+00    2.6562870e+01     26    4.0057353e+00
  1300    4.0624995e+00    2.6816311e+01     26    4.0550663e+00
  1320    4.1249995e+00    2.7096292e+01     27    4.4796911e+00
  1340    4.1874995e+00    2.7362174e+01     27    4.2541074e+00
  1360    4.2499995e+00    2.7611433e+01     27    3.9881565e+00
  1380    4.3124995e+00    2.7868742e+01     27    4.1169410e+00
  1400    4.3749995e+00    2.8151304e+01     28    4.5209895e+00
  1420    4.4374995e+00    2.8412253e+01     28    4.1751778e+00
  1440    4.4999995e+00    2.8661329e+01     28    3.9852171e+00
  1460    4.5624995e+00    2.8923640e+01     28    4.1969765e+00
  1480    4.6249995e+00    2.9205990e+01     29    4.5176134e+00
  1500    4.6874995e+00    2.9462835e+01     29    4.1095195e+00
  1520    4.7499995e+00    2.9712723e+01     29    3.9981974e+00
  1540    4.8124995e+00    2.9981253e+01     29    4.2964825e+00
  1560    4.8749995e+00    3.0260404e+01     30    4.4664198e+00
  1580    4.9374995e+00    3.0514040e+01     30    4.0581804e+00
  1600    4.9999995e+00    3.0765816e+01     30    4.0284071e+00
  1620    5.0624995e+00    3.1041964e+01     31    4.4183694e+00
  1640    5.1249995e+00    3.1314619e+01     31    4.3624900e+00
  1660    5.1874995e+00    3.1566018e+01     31    4.0223827e+00
  1680    5.2499995e+00    3.1820833e+01     31    4.0770396e+00
  1700    5.3124995e+00    3.2102376e+01     32    4.5046913e+00
  1720    5.3749995e+00    3.2368753e+01     32    4.2620236e+00
  1740    5.4374995e+00    3.2618951e+01     32    4.0031741e+00
  1760    5.4999995e+00    3.2878041e+01     32    4.1454336e+00
  1780    5.5624995e+00    3.3161872e+01     33    4.5413040e+00
  1800    5.6249995e+00    3.3422937e+01     33    4.1770404e+00
  1820    5.6874995e+00    3.3673048e+01     33    4.0017771e+00
  1840    5.7499995e+00    3.3937726e+01     33    4.2348406e+00
  1860    5.8124995e+00    3.4220564e+01     34    4.5254133e+00
  1880    5.8749995e+00    3.4477351e+01     34    4.1085882e+00
  1900    5.9374995e+00    3.4728553e+01     34    4.0192394e+00
  1920    5.9999995e+00    3.5000223e+01     35    4.3467157e+00
  1940    6.0624995e+00    3.5278586e+01     35    4.4538178e+00
  1960    6.1249995e+00    3.5532183e+01     35    4.0575401e+00
  1980    6.1874995e+00    3.5785732e+01     35    4.0567834e+00
  2000    6.2499995e+00    3.6065139e+01     36    4.4705234e+00
  2020    6.3124995e+00    3.6336103e+01     36    4.3354235e+00
  2040    6.3749995e+00    3.6587662e+01     36    4.0249438e+00
  2060    6.4374995e+00    3.6844889e+01     36    4.1156313e+00
  2080    6.4999995e+00    3.7128637e+01     37    4.5399652e+00
  2100    6.5624995e+00    3.7393300e+01     37    4.2346078e+00
  2120    6.6249995e+00    3.7644037e+01     37    4.0117889e+00
  2140    6.6874995e+00    3.7906346e+01     37    4.1969474e+00
  2160    6.7499995e+00    3.8190890e+01     38    4.5527127e+00
  2180    6.8124995e+00    3.8450402e+01     38    4.1521857e+00
  2200    6.8749995e+00    3.8701590e+01     38    4.0190066e+00
  2220    6.9374995e+00    3.8970466e+01     38    4.3020123e+00
  2240    6.9999995e+00    3.9252078e+01     39    4.5057973e+00
  2260    7.0624995e+00    3.9507635e+01     39    4.0889140e+00
  2280    7.1249995e+00    3.9760627e+01     39    4.0478776e+00
  2300    7.1874995e+00    4.0037812e+01     40    4.4349586e+00
  2320    7.2499995e+00    4.0312418e+01     40    4.3936893e+00
  2340    7.3124995e+00    4.0565272e+01     40    4.0456657e+00
  2360    7.3749995e+00    4.0821480e+01     40    4.0993332e+00
  2380    7.4374995e+00    4.1104617e+01     41    4.5301863e+00
  2400    7.4999995e+00    4.1372135e+01     41    4.2803008e+00
  2420    7.5624995e+00    4.1623596e+01     41    4.0233722e+00
  2440    7.6249995e+00    4.1884512e+01     41    4.1746539e+00
  2460    7.6874995e+00    4.2169806e+01     42    4.5647034e+00
  2480    7.7499995e+00    4.2431489e+01     42    4.1869357e+00
  2500    7.8124995e+00    4.2682917e+01     42    4.0228483e+00
  2520    7.8749995e+00    4.2950109e+01     42    4.2750621e+00
  2540    7.9374995e+00    4.3233613e+01     43    4.5360653e+00
  2560    7.9999995e+00    4.3490749e+01     43    4.1141761e+00
  2580    8.0624990e+00    4.3743581e+01     43    4.0453165e+00
  2600    8.1249990e+00    4.4018980e+01     44    4.4063786e+00
  2620    8.1874990e+00    4.4296281e+01     44    4.4368212e+00
  2640    8.2499990e+00    4.4550219e+01     44    4.0630116e+00
  2660    8.3124990e+00    4.4805951e+01     44    4.0917080e+00
  2680    8.3749990e+00    4.5088480e+01     45    4.5204656e+00
  2700    8.4374990e+00    4.5358091e+01     45    4.3137702e+00
  2720    8.4999990e+00    4.5610213e+01     45    4.0339660e+00
  2740    8.5624990e+00    4.5870413e+01     45    4.1631870e+00
  2760    8.6249990e+00    4.6156063e+01     46    4.5704078e+00
  2780    8.6874990e+00    4.6419322e+01     46    4.2121396e+00
  2800    8.7499990e+00    4.6671081e+01     46    4.0281452e+00
  2820    8.8124990e+00    4.6937384e+01     46    4.2608594e+00
  2840    8.8749990e+00    4.7221998e+01     47    4.5538186e+00
  2860    8.9374990e+00    4.7480287e+01     47    4.1326280e+00
  2880    8.9999990e+00    4.7733189e+01     47    4.0464224e+00
  2900    9.0624990e+00    4.8007470e+01     48    4.3885088e+00
  2920    9.1249990e+00    4.8286576e+01     48    4.4656922e+00
  2940    9.1874990e+00    4.8541315e+01     48    4.0758173e+00
  2960    9.2499990e+00    4.8796926e+01     48    4.0897871e+00
  2980    9.3124990e+00    4.9079128e+01     49    4.5152269e+00
  3000    9.3749990e+00    4.9350107e+01     49    4.3356563e+00
